,click_cost,decision,matrix,mu,outcome,participant,probabilities,reveal_order,sigma
0,0.0,5,"[[8.51, 2.86, 5.22, 3.29, 7.8, 7.12, 2.91], [7.85, 5.63, 4.76, 5.73, 4.36, 4.99, 0.21], [1.1, 2.64, 4.86, 7.57, 7.15, 0.31, 2.34], [6.38, 5.91, 3.08, 6.0, 7.58, 3.85, 6.26]]",5.0,4.36,1,"[0.19, 0.32, 0.23, 0.26]","[[0, 4, 15, 5, 0, 6, 10, 11], [0, 1, 0, 0, 0, 7, 12, 0], [0, 2, 0, 0, 0, 8, 13, 0], [0, 3, 0, 0, 0, 9, 14, 0]]",2.994
1,0.0,7,"[[7.29, 4.26, 4.93, 3.96, 3.34, 8.54, 6.49], [0.79, 3.44, 2.71, 8.71, 2.86, 7.09, 3.94], [9.61, 8.74, 7.3, 3.82, 1.83, 1.17, 5.37], [2.04, 1.98, 8.39, 1.63, 1.8, 1.97, 7.71]]",5.0,7.71,1,"[0.21, 0.28, 0.29, 0.22]","[[0, 12, 0, 0, 1, 0, 0, 8], [0, 13, 3, 16, 2, 18, 7, 9], [0, 14, 4, 17, 0, 0, 6, 10], [0, 15, 5, 0, 0, 0, 0, 11]]",2.994
2,0.0,1,"[[7.17, 3.46, 5.58, 3.93, 3.7, 2.49, 5.53], [9.77, 5.93, 5.47, 2.25, 8.04, 7.17, 0.39], [7.48, 1.53, 5.91, 7.74, 1.59, 6.73, 3.86], [5.1, 6.8, 2.11, 7.09, 7.57, 6.62, 8.34]]",5.0,7.17,1,"[0.88, 0.05, 0.05, 0.02]","[[0, 1, 2, 3, 5, 4, 6, 7], [0, 0, 0, 0, 0, 0, 0, 0], [0, 0, 0, 0, 0, 0, 0, 0], [0, 0, 0, 0, 0, 0, 0, 0]]",2.994
3,0.0,6,"[[8.02, 3.92, 3.11, 4.49, 4.13, 7.86, 3.71], [5.5, 3.12, 4.78, 4.63, 5.83, 9.55, 5.01], [6.87, 6.07, 1.32, 5.58, 8.22, 5.74, 5.54], [4.62, 3.36, 5.75, 5.59, 2.34, 1.7, 6.64]]",5.0,7.86,1,"[0.25, 0.27, 0.24, 0.24]","[[0, 1, 14, 12, 10, 13, 7, 11], [0, 4, 2, 0, 0, 0, 6, 0], [0, 3, 0, 0, 0, 0, 8, 0], [0, 5, 0, 0, 0, 0, 9, 0]]",2.994
4,0.0,6,"[[2.65, 1.66, 4.12, 6.28, 3.9, 4.24, 8.17], [4.84, 2.23, 5.57, 7.45, 3.35, 5.55, 3.39], [6.15, 3.53, 5.47, 2.82, 6.99, 9.09, 0.79], [2.47, 2.31, 1.36, 3.11, 4.52, 5.21, 3.31]]",5.0,5.21,1,"[0.01, 0.06, 0.02, 0.91]","[[0, 0, 0, 0, 0, 0, 10, 0], [0, 0, 0, 0, 0, 0, 9, 0], [0, 0, 0, 0, 0, 0, 8, 0], [0, 1, 2, 3, 4, 5, 6, 7]]",2.994
5,0.0,3,"[[7.04, 7.27, 1.99, 4.87, 6.53, 6.34, 1.47], [5.29, 2.16, 9.06, 4.67, 7.92, 5.41, 7.56], [6.95, 5.35, 1.7, 4.81, 6.84, 1.21, 8.92], [6.63, 5.53, 4.35, 1.42, 5.69, 5.92, 4.12]]",5.0,9.06,1,"[0.07, 0.87, 0.03, 0.03]","[[0, 0, 0, 0, 0, 0, 0, 0], [0, 6, 5, 4, 3, 1, 2, 7], [0, 0, 0, 0, 0, 0, 0, 0], [0, 0, 0, 0, 0, 0, 0, 0]]",2.994
6,0.0,1,"[[3.54, 3.18, 6.26, 3.39, 3.52, 5.47, 1.42], [3.13, 1.91, 7.14, 3.81, 4.58, 6.9, 8.39], [7.48, 1.27, 5.41, 7.63, 6.12, 1.81, 6.34], [6.09, 3.7, 4.25, 4.91, 0.8, 7.46, 7.59]]",5.0,7.48,1,"[0.04, 0.07, 0.88, 0.01]","[[0, 13, 0, 0, 9, 0, 0, 0], [0, 12, 0, 0, 8, 0, 0, 0], [0, 7, 1, 2, 3, 4, 5, 6], [0, 11, 0, 0, 10, 0, 0, 0]]",2.994
7,0.0,4,"[[6.2, 4.19, 3.44, 8.27, 6.51, 4.65, 4.01], [2.89, 4.13, 4.82, 8.89, 9.25, 0.96, 6.04], [8.8, 2.84, 4.5, 4.81, 3.19, 0.46, 7.31], [5.12, 1.87, 1.91, 7.0, 2.08, 5.06, 2.86]]",5.0,7.0,1,"[0.15, 0.21, 0.3, 0.34]","[[0, 9, 0, 0, 8, 0, 0, 0], [0, 0, 10, 0, 5, 0, 3, 0], [0, 0, 0, 0, 6, 0, 0, 0], [0, 0, 0, 1, 7, 2, 0, 4]]",2.994
8,0.0,2,"[[0.72, 5.25, 9.97, 4.85, 8.58, 2.57, 9.15], [5.48, 9.36, 2.36, 9.25, 3.72, 4.76, 6.74], [7.14, 7.36, 2.91, 4.13, 7.03, 8.48, 0.38], [5.84, 6.37, 7.56, 3.71, 4.02, 2.93, 0.09]]",5.0,9.36,1,"[0.03, 0.85, 0.06, 0.06]","[[0, 0, 11, 0, 10, 0, 0, 0], [0, 1, 3, 2, 4, 5, 6, 7], [0, 0, 8, 0, 9, 0, 0, 0], [0, 0, 13, 0, 12, 0, 0, 0]]",2.994
9,0.0,6,"[[5.12, 1.51, 5.2, 6.71, 2.69, 8.45, 7.56], [1.26, 6.81, 6.02, 6.85, 3.83, 2.04, 5.15], [0.77, 1.29, 6.67, 1.6, 1.63, 0.54, 0.89], [4.2, 5.58, 3.29, 3.97, 3.54, 6.37, 4.95]]",5.0,2.04,1,"[0.21, 0.27, 0.19, 0.33]","[[0, 0, 13, 0, 0, 0, 10, 0], [0, 0, 12, 0, 0, 0, 9, 0], [0, 0, 11, 0, 0, 0, 8, 0], [0, 1, 7, 2, 3, 4, 6, 5]]",2.994
10,0.0,5,"[[0.16, 0.14, 0.08, 0.14, 0.11, 0.13, 0.09], [0.19, 0.11, 0.19, 0.08, 0.11, 0.19, 0.13], [0.21, 0.23, 0.11, 0.11, 0.1, 0.18, 0.03], [0.04, 0.14, 0.12, 0.13, 0.05, 0.04, 0.05]]",0.13,0.11,1,"[0.31, 0.22, 0.18, 0.29]","[[0, 0, 0, 0, 0, 0, 0, 0], [0, 0, 0, 0, 0, 0, 0, 0], [0, 0, 0, 0, 0, 0, 0, 0], [0, 0, 0, 0, 0, 0, 0, 0]]",0.072
11,0.0,5,"[[0.19, 0.12, 0.08, 0.18, 0.08, 0.2, 0.22], [0.05, 0.04, 0.19, 0.18, 0.18, 0.05, 0.1], [0.21, 0.13, 0.15, 0.13, 0.16, 0.15, 0.08], [0.19, 0.06, 0.09, 0.07, 0.04, 0.2, 0.08]]",0.13,0.16,1,"[0.16, 0.28, 0.23, 0.33]","[[0, 0, 0, 0, 0, 0, 0, 0], [0, 0, 0, 0, 0, 0, 0, 0], [0, 0, 0, 0, 0, 0, 0, 0], [0, 0, 0, 0, 0, 0, 0, 0]]",0.072
12,0.0,6,"[[0.11, 0.18, 0.17, 0.05, 0.02, 0.11, 0.14], [0.16, 0.12, 0.11, 0.08, 0.11, 0.16, 0.08], [0.12, 0.16, 0.05, 0.23, 0.13, 0.08, 0.03], [0.17, 0.24, 0.1, 0.22, 0.06, 0.14, 0.05]]",0.13,0.08,1,"[0.01, 0.08, 0.86, 0.05]","[[0, 0, 0, 0, 0, 0, 0, 0], [0, 0, 0, 0, 0, 0, 0, 0], [0, 0, 0, 0, 0, 0, 0, 0], [0, 0, 0, 0, 0, 0, 0, 0]]",0.072
13,0.0,7,"[[0.23, 0.06, 0.08, 0.13, 0.11, 0.05, 0.11], [0.17, 0.17, 0.17, 0.13, 0.09, 0.2, 0.07], [0.21, 0.11, 0.17, 0.05, 0.13, 0.11, 0.17], [0.16, 0.02, 0.2, 0.19, 0.23, 0.13, 0.13]]",0.13,0.17,1,"[0.24, 0.22, 0.21, 0.33]","[[0, 0, 0, 0, 0, 0, 0, 0], [0, 0, 0, 0, 0, 0, 0, 0], [0, 0, 0, 0, 0, 0, 0, 0], [0, 0, 0, 0, 0, 0, 0, 0]]",0.072
14,0.0,5,"[[0.15, 0.08, 0.15, 0.12, 0.15, 0.08, 0.22], [0.12, 0.2, 0.22, 0.16, 0.25, 0.12, 0.11], [0.19, 0.22, 0.15, 0.08, 0.12, 0.14, 0.2], [0.21, 0.16, 0.09, 0.16, 0.22, 0.15, 0.19]]",0.13,0.12,1,"[0.05, 0.07, 0.86, 0.02]","[[0, 0, 0, 0, 0, 0, 0, 0], [0, 0, 0, 0, 0, 0, 0, 0], [0, 0, 0, 0, 0, 0, 0, 0], [0, 0, 0, 0, 0, 0, 0, 0]]",0.072
15,0.0,2,"[[0.1, 0.22, 0.11, 0.07, 0.15, 0.15, 0.08], [0.22, 0.14, 0.05, 0.13, 0.2, 0.14, 0.2], [0.02, 0.25, 0.2, 0.08, 0.15, 0.02, 0.07], [0.11, 0.1, 0.17, 0.14, 0.2, 0.08, 0.11]]",0.13,0.22,1,"[0.87, 0.08, 0.02, 0.03]","[[0, 0, 0, 0, 0, 0, 0, 0], [0, 0, 0, 0, 0, 0, 0, 0], [0, 0, 0, 0, 0, 0, 0, 0], [0, 0, 0, 0, 0, 0, 0, 0]]",0.072
16,0.0,6,"[[0.15, 0.17, 0.12, 0.06, 0.06, 0.22, 0.15], [0.19, 0.17, 0.21, 0.18, 0.06, 0.19, 0.04], [0.07, 0.13, 0.08, 0.09, 0.18, 0.11, 0.12], [0.16, 0.1, 0.02, 0.11, 0.21, 0.13, 0.19]]",0.13,0.19,1,"[0.09, 0.05, 0.01, 0.85]","[[0, 0, 0, 0, 0, 0, 0, 0], [0, 0, 0, 0, 0, 0, 0, 0], [0, 0, 0, 0, 0, 0, 0, 0], [0, 0, 0, 0, 0, 0, 0, 0]]",0.072
17,0.0,6,"[[0.11, 0.13, 0.2, 0.15, 0.12, 0.07, 0.12], [0.17, 0.14, 0.08, 0.03, 0.14, 0.12, 0.21], [0.15, 0.05, 0.06, 0.08, 0.07, 0.16, 0.13], [0.11, 0.11, 0.13, 0.18, 0.08, 0.12, 0.15]]",0.13,0.12,1,"[0.11, 0.38, 0.34, 0.17]","[[0, 0, 0, 0, 0, 0, 0, 0], [0, 0, 0, 0, 0, 0, 0, 0], [0, 0, 0, 0, 0, 0, 0, 0], [0, 0, 0, 0, 0, 0, 0, 0]]",0.072
18,0.0,7,"[[0.02, 0.1, 0.05, 0.19, 0.09, 0.05, 0.06], [0.03, 0.12, 0.22, 0.08, 0.02, 0.07, 0.12], [0.18, 0.19, 0.1, 0.18, 0.18, 0.13, 0.15], [0.08, 0.17, 0.23, 0.11, 0.13, 0.16, 0.07]]",0.13,0.07,1,"[0.06, 0.06, 0.03, 0.85]","[[0, 0, 0, 0, 0, 0, 0, 0], [0, 0, 0, 0, 0, 0, 0, 0], [0, 0, 0, 0, 0, 0, 0, 0], [0, 0, 0, 0, 0, 0, 0, 0]]",0.072
19,0.0,6,"[[0.15, 0.2, 0.21, 0.14, 0.15, 0.21, 0.2], [0.1, 0.12, 0.15, 0.05, 0.19, 0.19, 0.19], [0.2, 0.18, 0.22, 0.07, 0.23, 0.17, 0.15], [0.25, 0.17, 0.14, 0.07, 0.06, 0.14, 0.21]]",0.13,0.14,1,"[0.33, 0.32, 0.13, 0.22]","[[0, 0, 0, 0, 0, 0, 0, 0], [0, 0, 0, 0, 0, 0, 0, 0], [0, 0, 0, 0, 0, 0, 0, 0], [0, 0, 0, 0, 0, 0, 0, 0]]",0.072
20,0.0,7,"[[0.14, 0.12, 0.08, 0.02, 0.14, 0.19, 0.09], [0.2, 0.01, 0.13, 0.03, 0.11, 0.06, 0.23], [0.19, 0.12, 0.16, 0.15, 0.16, 0.07, 0.21], [0.09, 0.14, 0.24, 0.12, 0.1, 0.2, 0.16]]",0.13,0.23,2,"[0.36, 0.17, 0.12, 0.35]","[[0, 1, 8, 9, 16, 17, 24, 25], [0, 2, 7, 10, 15, 18, 23, 26], [0, 3, 6, 11, 14, 19, 22, 27], [0, 5, 4, 12, 13, 20, 21, 28]]",0.072
21,0.0,7,"[[0.11, 0.13, 0.2, 0.15, 0.12, 0.07, 0.12], [0.17, 0.14, 0.08, 0.03, 0.14, 0.12, 0.21], [0.15, 0.05, 0.06, 0.08, 0.07, 0.16, 0.13], [0.11, 0.11, 0.13, 0.18, 0.08, 0.12, 0.15]]",0.13,0.12,2,"[0.11, 0.38, 0.34, 0.17]","[[0, 4, 5, 12, 13, 20, 21, 27], [0, 1, 6, 11, 14, 19, 22, 26], [0, 2, 7, 10, 15, 18, 23, 28], [0, 3, 8, 9, 16, 17, 24, 25]]",0.072
22,0.0,4,"[[0.08, 0.23, 0.11, 0.15, 0.14, 0.16, 0.07], [0.19, 0.17, 0.09, 0.16, 0.14, 0.09, 0.03], [0.13, 0.11, 0.24, 0.17, 0.14, 0.06, 0.15], [0.09, 0.17, 0.09, 0.17, 0.19, 0.1, 0.17]]",0.13,0.17,2,"[0.01, 0.02, 0.11, 0.86]","[[0, 1, 8, 9, 16, 17, 24, 25], [0, 2, 7, 10, 15, 18, 23, 26], [0, 3, 6, 13, 12, 19, 22, 27], [0, 4, 5, 11, 14, 20, 21, 28]]",0.072
23,0.0,5,"[[0.07, 0.16, 0.11, 0.2, 0.2, 0.19, 0.16], [0.15, 0.22, 0.24, 0.17, 0.18, 0.12, 0.12], [0.11, 0.16, 0.11, 0.12, 0.21, 0.06, 0.16], [0.17, 0.22, 0.15, 0.11, 0.24, 0.11, 0.17]]",0.13,0.24,2,"[0.09, 0.03, 0.01, 0.87]","[[0, 1, 8, 9, 16, 17, 24, 25], [0, 2, 7, 10, 15, 18, 23, 26], [0, 3, 6, 11, 14, 19, 22, 27], [0, 4, 5, 12, 13, 20, 21, 28]]",0.072
24,0.0,7,"[[0.12, 0.13, 0.12, 0.14, 0.05, 0.1, 0.25], [0.16, 0.2, 0.2, 0.14, 0.09, 0.17, 0.09], [0.11, 0.12, 0.11, 0.11, 0.08, 0.05, 0.17], [0.19, 0.2, 0.07, 0.21, 0.07, 0.13, 0.2]]",0.13,0.17,2,"[0.17, 0.35, 0.31, 0.17]","[[0, 1, 8, 9, 15, 20, 21, 28], [0, 2, 7, 10, 14, 19, 22, 27], [0, 3, 6, 11, 13, 18, 23, 26], [0, 4, 5, 12, 16, 17, 24, 25]]",0.072
25,0.0,2,"[[0.15, 0.08, 0.15, 0.12, 0.15, 0.08, 0.22], [0.12, 0.2, 0.22, 0.16, 0.25, 0.12, 0.11], [0.19, 0.22, 0.15, 0.08, 0.12, 0.14, 0.2], [0.21, 0.16, 0.09, 0.16, 0.22, 0.15, 0.19]]",0.13,0.22,2,"[0.05, 0.07, 0.86, 0.02]","[[0, 1, 8, 9, 16, 17, 24, 25], [0, 2, 7, 10, 15, 18, 23, 26], [0, 3, 6, 11, 14, 19, 22, 28], [0, 4, 5, 12, 13, 20, 21, 27]]",0.072
26,0.0,7,"[[0.11, 0.06, 0.11, 0.08, 0.17, 0.11, 0.11], [0.14, 0.12, 0.06, 0.14, 0.09, 0.14, 0.12], [0.04, 0.15, 0.09, 0.13, 0.15, 0.18, 0.21], [0.1, 0.08, 0.17, 0.08, 0.19, 0.13, 0.19]]",0.13,0.11,2,"[0.26, 0.2, 0.27, 0.27]","[[0, 1, 8, 9, 16, 17, 24, 25], [0, 2, 7, 10, 15, 18, 23, 26], [0, 3, 6, 11, 14, 19, 22, 27], [0, 4, 5, 12, 13, 20, 21, 28]]",0.072
27,0.0,3,"[[0.16, 0.11, 0.08, 0.09, 0.11, 0.11, 0.06], [0.14, 0.14, 0.15, 0.18, 0.2, 0.23, 0.09], [0.09, 0.18, 0.2, 0.13, 0.05, 0.16, 0.07], [0.08, 0.02, 0.16, 0.15, 0.1, 0.09, 0.12]]",0.13,0.2,2,"[0.08, 0.02, 0.89, 0.01]","[[0, 1, 14, 16, 0, 0, 17, 0], [0, 2, 13, 15, 0, 0, 18, 0], [0, 3, 6, 7, 8, 9, 10, 11], [0, 4, 5, 12, 0, 0, 19, 0]]",0.072
28,0.0,4,"[[0.11, 0.18, 0.17, 0.05, 0.02, 0.11, 0.14], [0.16, 0.12, 0.11, 0.08, 0.11, 0.16, 0.08], [0.12, 0.16, 0.05, 0.23, 0.13, 0.08, 0.03], [0.17, 0.24, 0.1, 0.22, 0.06, 0.14, 0.05]]",0.13,0.23,2,"[0.01, 0.08, 0.86, 0.05]","[[0, 13, 15, 0, 9, 0, 0, 0], [0, 12, 14, 0, 8, 0, 0, 0], [0, 1, 2, 3, 4, 5, 6, 7], [0, 11, 16, 0, 10, 0, 0, 0]]",0.072
29,0.0,5,"[[0.01, 0.19, 0.1, 0.03, 0.13, 0.15, 0.13], [0.17, 0.18, 0.07, 0.17, 0.17, 0.12, 0.12], [0.11, 0.17, 0.18, 0.22, 0.08, 0.06, 0.07], [0.12, 0.02, 0.07, 0.16, 0.17, 0.14, 0.04]]",0.13,0.17,2,"[0.3, 0.29, 0.13, 0.28]","[[0, 1, 12, 11, 13, 20, 21, 28], [0, 2, 3, 10, 14, 19, 22, 27], [0, 5, 6, 9, 15, 18, 23, 26], [0, 4, 7, 8, 16, 17, 24, 25]]",0.072
30,0.0,1,"[[8.51, 2.86, 5.22, 3.29, 7.8, 7.12, 2.91], [7.85, 5.63, 4.76, 5.73, 4.36, 4.99, 0.21], [1.1, 2.64, 4.86, 7.57, 7.15, 0.31, 2.34], [6.38, 5.91, 3.08, 6.0, 7.58, 3.85, 6.26]]",5.0,1.1,2,"[0.19, 0.32, 0.23, 0.26]","[[0, 1, 8, 9, 16, 17, 24, 25], [0, 2, 7, 10, 15, 18, 23, 26], [0, 3, 6, 11, 14, 19, 22, 27], [0, 4, 5, 12, 13, 20, 21, 28]]",2.994
31,0.0,5,"[[8.47, 2.82, 7.33, 4.03, 7.07, 2.75, 1.54], [4.68, 3.16, 0.97, 1.44, 5.2, 6.65, 9.25], [8.41, 7.04, 1.31, 3.23, 7.09, 7.67, 1.55], [6.28, 2.99, 4.33, 1.28, 9.25, 6.99, 2.35]]",5.0,9.25,2,"[0.01, 0.01, 0.01, 0.97]","[[0, 1, 0, 0, 0, 0, 0, 0], [0, 2, 0, 0, 0, 0, 0, 0], [0, 3, 0, 0, 0, 0, 0, 0], [0, 4, 5, 6, 7, 8, 9, 10]]",2.994
32,0.0,3,"[[7.04, 7.27, 1.99, 4.87, 6.53, 6.34, 1.47], [5.29, 2.16, 9.06, 4.67, 7.92, 5.41, 7.56], [6.95, 5.35, 1.7, 4.81, 6.84, 1.21, 8.92], [6.63, 5.53, 4.35, 1.42, 5.69, 5.92, 4.12]]",5.0,9.06,2,"[0.07, 0.87, 0.03, 0.03]","[[0, 0, 0, 12, 11, 10, 0, 0], [0, 1, 2, 3, 4, 5, 7, 6], [0, 0, 0, 13, 0, 8, 0, 0], [0, 0, 0, 14, 0, 9, 0, 0]]",2.994
33,0.0,4,"[[6.2, 4.19, 3.44, 8.27, 6.51, 4.65, 4.01], [2.89, 4.13, 4.82, 8.89, 9.25, 0.96, 6.04], [8.8, 2.84, 4.5, 4.81, 3.19, 0.46, 7.31], [5.12, 1.87, 1.91, 7.0, 2.08, 5.06, 2.86]]",5.0,7.0,2,"[0.15, 0.21, 0.3, 0.34]","[[0, 2, 4, 5, 16, 17, 24, 25], [0, 1, 3, 6, 15, 18, 23, 26], [0, 9, 8, 7, 14, 19, 22, 28], [0, 10, 11, 12, 13, 20, 21, 27]]",2.994
34,0.0,6,"[[3.4, 2.14, 9.33, 2.59, 4.55, 1.09, 2.85], [2.69, 7.17, 4.91, 8.03, 6.07, 6.49, 2.28], [2.24, 5.15, 4.83, 2.39, 2.78, 7.43, 5.61], [3.01, 5.69, 6.66, 3.22, 3.6, 8.48, 3.28]]",5.0,7.43,2,"[0.07, 0.01, 0.9, 0.02]","[[0, 0, 0, 0, 0, 0, 0, 0], [0, 0, 0, 0, 0, 0, 0, 0], [0, 1, 2, 3, 4, 5, 6, 7], [0, 0, 0, 0, 0, 0, 0, 0]]",2.994
35,0.0,7,"[[7.29, 4.26, 4.93, 3.96, 3.34, 8.54, 6.49], [0.79, 3.44, 2.71, 8.71, 2.86, 7.09, 3.94], [9.61, 8.74, 7.3, 3.82, 1.83, 1.17, 5.37], [2.04, 1.98, 8.39, 1.63, 1.8, 1.97, 7.71]]",5.0,5.37,2,"[0.21, 0.28, 0.29, 0.22]","[[0, 4, 5, 12, 13, 20, 21, 25], [0, 1, 7, 11, 14, 19, 24, 26], [0, 2, 6, 10, 15, 18, 22, 27], [0, 3, 8, 9, 16, 17, 23, 28]]",2.994
36,0.0,3,"[[3.25, 0.97, 8.64, 8.18, 2.13, 6.22, 0.77], [5.88, 7.57, 5.25, 3.43, 6.13, 3.52, 3.61], [5.54, 4.65, 8.68, 9.8, 7.31, 3.42, 4.37], [7.14, 2.83, 7.59, 3.91, 6.6, 1.41, 1.96]]",5.0,7.59,2,"[0.06, 0.03, 0.01, 0.9]","[[0, 13, 0, 10, 0, 0, 0, 0], [0, 12, 0, 9, 0, 0, 0, 0], [0, 11, 0, 8, 0, 0, 0, 0], [0, 1, 2, 3, 4, 5, 6, 7]]",2.994
37,0.0,7,"[[3.55, 2.94, 0.08, 3.13, 2.15, 9.59, 4.77], [4.35, 5.83, 1.82, 2.79, 3.6, 4.35, 6.66], [4.91, 4.62, 9.06, 2.02, 4.04, 2.21, 7.62], [0.78, 5.9, 1.77, 4.45, 7.63, 4.39, 2.86]]",5.0,7.62,2,"[0.34, 0.11, 0.27, 0.28]","[[0, 4, 5, 14, 12, 20, 21, 28], [0, 3, 6, 11, 13, 19, 22, 27], [0, 2, 7, 10, 15, 18, 23, 26], [0, 1, 8, 9, 16, 17, 24, 25]]",2.994
38,0.0,4,"[[2.54, 7.44, 2.24, 4.32, 2.76, 9.01, 8.48], [1.82, 8.34, 6.23, 3.89, 6.94, 3.11, 6.18], [7.6, 3.71, 5.31, 9.83, 1.09, 3.87, 7.81], [7.76, 7.0, 2.77, 7.48, 3.83, 0.31, 3.13]]",5.0,7.48,2,"[0.04, 0.07, 0.03, 0.86]","[[0, 10, 16, 0, 13, 0, 0, 0], [0, 9, 15, 0, 12, 0, 0, 0], [0, 8, 14, 0, 11, 0, 0, 0], [0, 1, 2, 3, 4, 5, 6, 7]]",2.994
39,0.0,1,"[[7.78, 7.83, 6.34, 3.49, 9.25, 4.1, 8.16], [4.02, 5.78, 4.37, 3.5, 3.65, 5.34, 1.1], [4.29, 1.52, 3.77, 7.63, 3.05, 0.82, 4.95], [8.46, 6.15, 6.73, 3.18, 8.15, 6.29, 5.32]]",5.0,4.29,2,"[0.2, 0.29, 0.22, 0.29]","[[0, 1, 7, 12, 13, 20, 21, 28], [0, 2, 6, 11, 14, 19, 22, 27], [0, 3, 5, 10, 15, 18, 23, 26], [0, 4, 8, 9, 16, 17, 24, 25]]",2.994
40,0.0,2,"[[5.92, 9.68, 5.15, 2.59, 5.89, 7.38, 2.85], [1.22, 5.64, 6.3, 3.82, 9.13, 6.51, 3.36], [6.72, 1.0, 8.86, 8.25, 8.82, 6.13, 4.12], [7.5, 7.75, 5.39, 3.9, 7.48, 3.23, 1.98]]",5.0,5.64,3,"[0.3, 0.17, 0.24, 0.29]","[[0, 1, 5, 12, 13, 17, 24, 25], [0, 2, 6, 11, 16, 18, 23, 27], [0, 3, 7, 10, 14, 19, 22, 26], [0, 4, 8, 9, 15, 20, 21, 28]]",2.994
41,0.0,4,"[[5.16, 3.84, 2.97, 6.89, 7.92, 3.02, 6.81], [6.93, 3.64, 5.33, 8.47, 3.82, 8.88, 7.83], [4.51, 5.38, 9.21, 3.79, 4.77, 9.29, 4.59], [3.55, 8.48, 4.66, 2.28, 3.95, 2.95, 5.67]]",5.0,6.89,3,"[0.86, 0.08, 0.05, 0.01]","[[0, 1, 2, 3, 4, 5, 6, 7], [0, 14, 13, 12, 11, 10, 9, 8], [0, 0, 0, 0, 15, 17, 0, 0], [0, 0, 0, 0, 16, 18, 0, 0]]",2.994
42,0.0,1,"[[2.44, 7.36, 6.46, 5.15, 7.43, 1.32, 0.71], [3.96, 8.36, 4.6, 6.91, 2.69, 5.0, 1.64], [8.24, 5.23, 2.67, 1.92, 6.03, 2.88, 7.54], [1.43, 5.93, 6.77, 1.1, 3.47, 5.78, 6.1]]",5.0,8.24,3,"[0.02, 0.06, 0.89, 0.03]","[[0, 9, 0, 0, 0, 16, 0, 12], [0, 8, 0, 0, 0, 11, 0, 13], [0, 1, 2, 3, 4, 5, 6, 7], [0, 10, 0, 0, 0, 15, 0, 14]]",2.994
43,0.0,5,"[[5.77, 3.99, 6.61, 4.81, 8.16, 4.87, 2.84], [5.38, 5.12, 5.88, 4.67, 7.45, 7.64, 1.41], [2.86, 1.79, 4.9, 7.89, 6.3, 3.05, 5.2], [5.28, 6.58, 1.34, 2.2, 4.69, 6.92, 5.01]]",5.0,8.16,3,"[0.34, 0.23, 0.11, 0.32]","[[0, 1, 2, 3, 4, 5, 7, 6], [0, 15, 16, 17, 18, 19, 20, 21], [0, 28, 27, 25, 26, 24, 23, 22], [0, 12, 13, 14, 11, 10, 9, 8]]",2.994
44,0.0,5,"[[3.95, 8.96, 8.28, 6.18, 7.02, 4.65, 4.21], [7.39, 4.82, 4.44, 1.73, 7.35, 9.66, 2.04], [6.67, 2.62, 2.43, 7.24, 6.32, 7.33, 5.82], [4.75, 4.96, 2.68, 1.71, 6.22, 1.58, 9.11]]",5.0,6.32,3,"[0.25, 0.24, 0.28, 0.23]","[[0, 1, 8, 10, 16, 17, 23, 25], [0, 2, 7, 9, 15, 18, 24, 26], [0, 3, 6, 11, 14, 19, 22, 27], [0, 4, 5, 12, 13, 20, 21, 28]]",2.994
45,0.0,4,"[[5.11, 2.17, 0.1, 9.47, 2.73, 6.4, 3.36], [4.31, 7.26, 6.36, 8.48, 2.98, 4.68, 5.77], [8.38, 2.0, 6.14, 7.53, 4.7, 1.99, 1.53], [7.09, 5.94, 3.03, 5.37, 2.51, 3.9, 2.79]]",5.0,9.47,3,"[0.31, 0.35, 0.15, 0.19]","[[0, 1, 4, 6, 7, 10, 11, 14], [0, 2, 3, 5, 8, 9, 12, 13], [0, 15, 17, 19, 22, 23, 25, 27], [0, 16, 18, 20, 21, 24, 26, 28]]",2.994
46,0.0,6,"[[3.4, 2.14, 9.33, 2.59, 4.55, 1.09, 2.85], [2.69, 7.17, 4.91, 8.03, 6.07, 6.49, 2.28], [2.24, 5.15, 4.83, 2.39, 2.78, 7.43, 5.61], [3.01, 5.69, 6.66, 3.22, 3.6, 8.48, 3.28]]",5.0,7.43,3,"[0.07, 0.01, 0.9, 0.02]","[[0, 0, 16, 14, 0, 0, 8, 11], [0, 0, 17, 15, 0, 0, 9, 12], [0, 1, 2, 3, 4, 5, 6, 7], [0, 0, 18, 19, 0, 0, 10, 13]]",2.994
47,0.0,1,"[[7.17, 3.46, 5.58, 3.93, 3.7, 2.49, 5.53], [9.77, 5.93, 5.47, 2.25, 8.04, 7.17, 0.39], [7.48, 1.53, 5.91, 7.74, 1.59, 6.73, 3.86], [5.1, 6.8, 2.11, 7.09, 7.57, 6.62, 8.34]]",5.0,7.17,3,"[0.88, 0.05, 0.05, 0.02]","[[0, 1, 2, 3, 4, 5, 6, 7], [0, 0, 0, 0, 0, 0, 0, 0], [0, 0, 0, 0, 0, 0, 0, 0], [0, 0, 0, 0, 0, 0, 0, 0]]",2.994
48,0.0,6,"[[2.65, 1.66, 4.12, 6.28, 3.9, 4.24, 8.17], [4.84, 2.23, 5.57, 7.45, 3.35, 5.55, 3.39], [6.15, 3.53, 5.47, 2.82, 6.99, 9.09, 0.79], [2.47, 2.31, 1.36, 3.11, 4.52, 5.21, 3.31]]",5.0,5.21,3,"[0.01, 0.06, 0.02, 0.91]","[[0, 0, 0, 0, 0, 13, 12, 0], [0, 0, 0, 0, 0, 9, 8, 0], [0, 0, 0, 0, 0, 11, 10, 0], [0, 1, 2, 3, 4, 5, 6, 7]]",2.994
49,0.0,4,"[[6.2, 4.19, 3.44, 8.27, 6.51, 4.65, 4.01], [2.89, 4.13, 4.82, 8.89, 9.25, 0.96, 6.04], [8.8, 2.84, 4.5, 4.81, 3.19, 0.46, 7.31], [5.12, 1.87, 1.91, 7.0, 2.08, 5.06, 2.86]]",5.0,4.81,3,"[0.15, 0.21, 0.3, 0.34]","[[0, 16, 17, 20, 21, 24, 25, 28], [0, 15, 18, 19, 23, 22, 26, 27], [0, 13, 14, 12, 11, 10, 9, 8], [0, 1, 2, 3, 4, 6, 5, 7]]",2.994
50,0.0,4,"[[0.2, 0.21, 0.23, 0.23, 0.18, 0.14, 0.22], [0.2, 0.22, 0.22, 0.25, 0.05, 0.12, 0.09], [0.02, 0.05, 0.07, 0.23, 0.14, 0.19, 0.02], [0.12, 0.1, 0.13, 0.23, 0.18, 0.06, 0.24]]",0.13,0.23,3,"[0.08, 0.03, 0.87, 0.02]","[[0, 0, 0, 0, 0, 0, 0, 0], [0, 0, 0, 0, 0, 0, 0, 0], [0, 1, 3, 2, 4, 5, 6, 7], [0, 0, 0, 0, 0, 0, 0, 0]]",0.072
51,0.0,7,"[[0.21, 0.18, 0.18, 0.07, 0.17, 0.09, 0.08], [0.07, 0.09, 0.01, 0.16, 0.02, 0.06, 0.25], [0.21, 0.16, 0.24, 0.08, 0.24, 0.16, 0.09], [0.17, 0.08, 0.18, 0.24, 0.11, 0.09, 0.22]]",0.13,0.22,3,"[0.21, 0.27, 0.2, 0.32]","[[0, 19, 0, 16, 10, 0, 0, 13], [0, 18, 0, 15, 9, 0, 0, 12], [0, 17, 0, 14, 8, 0, 0, 11], [0, 1, 2, 3, 4, 5, 6, 7]]",0.072
52,0.0,5,"[[0.19, 0.09, 0.13, 0.2, 0.03, 0.17, 0.2], [0.08, 0.14, 0.18, 0.15, 0.19, 0.11, 0.07], [0.15, 0.06, 0.07, 0.11, 0.19, 0.02, 0.14], [0.12, 0.04, 0.06, 0.04, 0.06, 0.19, 0.09]]",0.13,0.19,3,"[0.02, 0.85, 0.05, 0.08]","[[0, 0, 0, 0, 0, 0, 0, 0], [0, 1, 2, 3, 4, 5, 6, 7], [0, 0, 0, 0, 0, 0, 0, 0], [0, 0, 0, 0, 0, 0, 0, 0]]",0.072
53,0.0,5,"[[0.1, 0.1, 0.03, 0.13, 0.2, 0.08, 0.11], [0.08, 0.05, 0.11, 0.15, 0.22, 0.2, 0.17], [0.16, 0.24, 0.08, 0.04, 0.05, 0.19, 0.14], [0.1, 0.18, 0.15, 0.14, 0.18, 0.07, 0.19]]",0.13,0.2,3,"[0.36, 0.26, 0.19, 0.19]","[[0, 1, 2, 3, 5, 4, 6, 7], [0, 8, 9, 10, 11, 12, 13, 14], [0, 0, 0, 0, 17, 15, 19, 21], [0, 0, 0, 0, 18, 16, 20, 22]]",0.072
54,0.0,2,"[[0.12, 0.13, 0.12, 0.14, 0.05, 0.1, 0.25], [0.16, 0.2, 0.2, 0.14, 0.09, 0.17, 0.09], [0.11, 0.12, 0.11, 0.11, 0.08, 0.05, 0.17], [0.19, 0.2, 0.07, 0.21, 0.07, 0.13, 0.2]]",0.13,0.2,3,"[0.17, 0.35, 0.31, 0.17]","[[0, 0, 15, 18, 0, 0, 0, 0], [0, 1, 3, 2, 8, 9, 12, 13], [0, 4, 5, 6, 7, 10, 11, 14], [0, 0, 16, 17, 0, 0, 0, 0]]",0.072
55,0.0,5,"[[0.08, 0.23, 0.11, 0.15, 0.14, 0.16, 0.07], [0.19, 0.17, 0.09, 0.16, 0.14, 0.09, 0.03], [0.13, 0.11, 0.24, 0.17, 0.14, 0.06, 0.15], [0.09, 0.17, 0.09, 0.17, 0.19, 0.1, 0.17]]",0.13,0.19,3,"[0.01, 0.02, 0.11, 0.86]","[[0, 0, 0, 0, 0, 0, 0, 0], [0, 0, 0, 0, 0, 0, 0, 0], [0, 0, 0, 0, 0, 0, 0, 0], [0, 1, 2, 3, 4, 5, 6, 7]]",0.072
56,0.0,6,"[[0.14, 0.12, 0.08, 0.02, 0.14, 0.19, 0.09], [0.2, 0.01, 0.13, 0.03, 0.11, 0.06, 0.23], [0.19, 0.12, 0.16, 0.15, 0.16, 0.07, 0.21], [0.09, 0.14, 0.24, 0.12, 0.1, 0.2, 0.16]]",0.13,0.2,3,"[0.36, 0.17, 0.12, 0.35]","[[0, 1, 2, 3, 4, 5, 6, 7], [0, 0, 0, 0, 0, 0, 0, 0], [0, 0, 0, 0, 0, 0, 0, 0], [0, 14, 13, 12, 9, 11, 10, 8]]",0.072
57,0.0,4,"[[0.11, 0.18, 0.17, 0.05, 0.02, 0.11, 0.14], [0.16, 0.12, 0.11, 0.08, 0.11, 0.16, 0.08], [0.12, 0.16, 0.05, 0.23, 0.13, 0.08, 0.03], [0.17, 0.24, 0.1, 0.22, 0.06, 0.14, 0.05]]",0.13,0.23,3,"[0.01, 0.08, 0.86, 0.05]","[[0, 0, 0, 0, 0, 0, 0, 0], [0, 0, 0, 0, 0, 0, 0, 0], [0, 1, 2, 3, 5, 4, 6, 7], [0, 0, 0, 0, 0, 0, 0, 0]]",0.072
58,0.0,1,"[[0.18, 0.08, 0.14, 0.2, 0.12, 0.1, 0.1], [0.1, 0.05, 0.2, 0.13, 0.11, 0.09, 0.04], [0.15, 0.11, 0.22, 0.09, 0.14, 0.12, 0.12], [0.17, 0.01, 0.14, 0.05, 0.14, 0.07, 0.08]]",0.13,0.1,3,"[0.3, 0.22, 0.27, 0.21]","[[0, 1, 2, 3, 4, 5, 6, 7], [0, 28, 27, 21, 23, 20, 16, 15], [0, 8, 9, 10, 12, 11, 13, 14], [0, 25, 26, 24, 22, 19, 18, 17]]",0.072
59,0.0,5,"[[0.05, 0.08, 0.17, 0.15, 0.22, 0.07, 0.07], [0.06, 0.1, 0.12, 0.11, 0.19, 0.16, 0.05], [0.19, 0.16, 0.13, 0.06, 0.18, 0.04, 0.24], [0.15, 0.24, 0.11, 0.13, 0.14, 0.03, 0.01]]",0.13,0.14,3,"[0.86, 0.01, 0.05, 0.08]","[[0, 1, 2, 3, 4, 6, 5, 7], [0, 0, 0, 0, 0, 0, 0, 0], [0, 0, 0, 0, 0, 0, 0, 0], [0, 0, 0, 0, 0, 0, 0, 0]]",0.072
60,0.0,4,"[[0.2, 0.21, 0.23, 0.23, 0.18, 0.14, 0.22], [0.2, 0.22, 0.22, 0.25, 0.05, 0.12, 0.09], [0.02, 0.05, 0.07, 0.23, 0.14, 0.19, 0.02], [0.12, 0.1, 0.13, 0.23, 0.18, 0.06, 0.24]]",0.13,0.23,4,"[0.08, 0.03, 0.87, 0.02]","[[0, 1, 0, 0, 0, 0, 0, 0], [0, 0, 0, 0, 0, 0, 0, 0], [0, 2, 3, 4, 5, 6, 7, 8], [0, 0, 0, 0, 0, 0, 0, 0]]",0.072
61,0.0,6,"[[0.14, 0.12, 0.08, 0.02, 0.14, 0.19, 0.09], [0.2, 0.01, 0.13, 0.03, 0.11, 0.06, 0.23], [0.19, 0.12, 0.16, 0.15, 0.16, 0.07, 0.21], [0.09, 0.14, 0.24, 0.12, 0.1, 0.2, 0.16]]",0.13,0.06,4,"[0.36, 0.17, 0.12, 0.35]","[[0, 1, 2, 3, 4, 5, 6, 7], [0, 0, 0, 0, 0, 0, 0, 0], [0, 0, 0, 0, 0, 0, 0, 0], [0, 8, 9, 10, 11, 12, 13, 14]]",0.072
62,0.0,5,"[[0.01, 0.19, 0.1, 0.03, 0.13, 0.15, 0.13], [0.17, 0.18, 0.07, 0.17, 0.17, 0.12, 0.12], [0.11, 0.17, 0.18, 0.22, 0.08, 0.06, 0.07], [0.12, 0.02, 0.07, 0.16, 0.17, 0.14, 0.04]]",0.13,0.17,4,"[0.3, 0.29, 0.13, 0.28]","[[0, 15, 16, 17, 18, 21, 19, 20], [0, 14, 13, 12, 11, 10, 9, 8], [0, 0, 0, 0, 0, 0, 0, 0], [0, 1, 2, 4, 3, 5, 6, 7]]",0.072
63,0.0,1,"[[0.19, 0.12, 0.08, 0.18, 0.08, 0.2, 0.22], [0.05, 0.04, 0.19, 0.18, 0.18, 0.05, 0.1], [0.21, 0.13, 0.15, 0.13, 0.16, 0.15, 0.08], [0.19, 0.06, 0.09, 0.07, 0.04, 0.2, 0.08]]",0.13,0.19,4,"[0.16, 0.28, 0.23, 0.33]","[[0, 0, 0, 0, 0, 0, 0, 0], [0, 1, 2, 4, 3, 5, 6, 7], [0, 15, 16, 17, 18, 19, 20, 21], [0, 14, 13, 12, 11, 10, 9, 8]]",0.072
64,0.0,5,"[[0.19, 0.09, 0.13, 0.2, 0.03, 0.17, 0.2], [0.08, 0.14, 0.18, 0.15, 0.19, 0.11, 0.07], [0.15, 0.06, 0.07, 0.11, 0.19, 0.02, 0.14], [0.12, 0.04, 0.06, 0.04, 0.06, 0.19, 0.09]]",0.13,0.19,4,"[0.02, 0.85, 0.05, 0.08]","[[0, 0, 0, 0, 0, 0, 0, 0], [0, 1, 2, 3, 4, 5, 6, 7], [0, 0, 0, 0, 0, 0, 0, 0], [0, 0, 0, 0, 0, 0, 0, 0]]",0.072
65,0.0,7,"[[0.16, 0.21, 0.19, 0.12, 0.21, 0.05, 0.2], [0.14, 0.1, 0.04, 0.07, 0.08, 0.16, 0.22], [0.03, 0.17, 0.22, 0.13, 0.04, 0.22, 0.12], [0.16, 0.14, 0.16, 0.16, 0.18, 0.13, 0.14]]",0.13,0.22,4,"[0.06, 0.89, 0.04, 0.01]","[[0, 0, 0, 0, 0, 0, 0, 0], [0, 1, 2, 3, 4, 5, 6, 7], [0, 0, 0, 0, 0, 0, 0, 0], [0, 0, 0, 0, 0, 0, 0, 0]]",0.072
66,0.0,1,"[[0.23, 0.06, 0.08, 0.13, 0.11, 0.05, 0.11], [0.17, 0.17, 0.17, 0.13, 0.09, 0.2, 0.07], [0.21, 0.11, 0.17, 0.05, 0.13, 0.11, 0.17], [0.16, 0.02, 0.2, 0.19, 0.23, 0.13, 0.13]]",0.13,0.16,4,"[0.24, 0.22, 0.21, 0.33]","[[0, 21, 18, 17, 14, 12, 11, 13], [0, 20, 19, 16, 15, 10, 9, 8], [0, 0, 0, 0, 0, 0, 0, 0], [0, 1, 2, 3, 4, 5, 6, 7]]",0.072
67,0.0,2,"[[0.02, 0.18, 0.09, 0.13, 0.07, 0.12, 0.08], [0.15, 0.12, 0.24, 0.14, 0.1, 0.01, 0.14], [0.2, 0.14, 0.24, 0.13, 0.22, 0.23, 0.18], [0.11, 0.21, 0.18, 0.07, 0.12, 0.14, 0.14]]",0.13,0.21,4,"[0.85, 0.02, 0.03, 0.1]","[[0, 1, 2, 3, 4, 5, 6, 7], [0, 0, 0, 0, 0, 0, 0, 0], [0, 0, 0, 0, 0, 0, 0, 0], [0, 0, 0, 0, 0, 0, 0, 0]]",0.072
68,0.0,2,"[[0.14, 0.07, 0.05, 0.18, 0.03, 0.01, 0.18], [0.19, 0.23, 0.07, 0.1, 0.08, 0.19, 0.2], [0.17, 0.24, 0.03, 0.21, 0.19, 0.07, 0.21], [0.14, 0.09, 0.21, 0.08, 0.19, 0.05, 0.09]]",0.13,0.07,4,"[0.15, 0.26, 0.26, 0.33]","[[0, 0, 0, 0, 0, 0, 0, 0], [0, 15, 16, 17, 18, 19, 20, 21], [0, 14, 13, 12, 11, 10, 9, 8], [0, 1, 2, 3, 4, 5, 6, 7]]",0.072
69,0.0,3,"[[0.15, 0.08, 0.16, 0.16, 0.12, 0.04, 0.13], [0.17, 0.17, 0.2, 0.1, 0.06, 0.16, 0.12], [0.04, 0.25, 0.2, 0.11, 0.04, 0.11, 0.24], [0.15, 0.14, 0.05, 0.11, 0.22, 0.22, 0.2]]",0.13,0.2,4,"[0.01, 0.89, 0.09, 0.01]","[[0, 0, 0, 0, 0, 0, 0, 0], [0, 1, 2, 3, 4, 5, 6, 7], [0, 8, 9, 10, 0, 0, 0, 0], [0, 0, 0, 0, 0, 0, 0, 0]]",0.072
70,0.0,6,"[[5.77, 3.99, 6.61, 4.81, 8.16, 4.87, 2.84], [5.38, 5.12, 5.88, 4.67, 7.45, 7.64, 1.41], [2.86, 1.79, 4.9, 7.89, 6.3, 3.05, 5.2], [5.28, 6.58, 1.34, 2.2, 4.69, 6.92, 5.01]]",5.0,6.92,4,"[0.34, 0.23, 0.11, 0.32]","[[0, 1, 6, 7, 12, 13, 18, 19], [0, 2, 5, 8, 11, 14, 17, 20], [0, 0, 0, 0, 0, 0, 0, 0], [0, 3, 4, 9, 10, 15, 16, 21]]",2.994
71,0.0,5,"[[4.41, 7.98, 5.03, 0.94, 6.07, 7.96, 3.08], [7.18, 6.38, 1.11, 4.77, 7.21, 4.82, 4.9], [5.63, 7.2, 7.79, 1.19, 2.56, 6.05, 3.13], [2.67, 2.05, 5.91, 4.15, 9.55, 4.46, 9.22]]",5.0,9.55,4,"[0.04, 0.02, 0.05, 0.89]","[[0, 0, 0, 0, 0, 0, 0, 0], [0, 0, 0, 0, 0, 8, 0, 9], [0, 0, 0, 0, 0, 0, 0, 0], [0, 1, 2, 3, 4, 5, 6, 7]]",2.994
72,0.0,5,"[[1.92, 6.77, 0.18, 0.58, 7.09, 4.34, 4.61], [2.63, 2.6, 4.89, 2.52, 8.42, 2.23, 4.37], [6.54, 7.27, 4.71, 3.86, 8.83, 4.81, 5.31], [5.47, 8.91, 3.37, 8.65, 6.85, 1.47, 5.12]]",5.0,6.85,4,"[0.31, 0.2, 0.17, 0.32]","[[0, 20, 19, 16, 15, 12, 11, 8], [0, 21, 18, 17, 14, 13, 10, 9], [0, 0, 0, 0, 0, 0, 0, 0], [0, 1, 2, 3, 4, 5, 6, 7]]",2.994
73,0.0,3,"[[7.29, 4.26, 4.93, 3.96, 3.34, 8.54, 6.49], [0.79, 3.44, 2.71, 8.71, 2.86, 7.09, 3.94], [9.61, 8.74, 7.3, 3.82, 1.83, 1.17, 5.37], [2.04, 1.98, 8.39, 1.63, 1.8, 1.97, 7.71]]",5.0,7.3,4,"[0.21, 0.28, 0.29, 0.22]","[[0, 5, 6, 12, 13, 19, 21, 28], [0, 3, 4, 11, 14, 20, 22, 27], [0, 2, 7, 10, 15, 18, 23, 26], [0, 1, 8, 9, 16, 17, 24, 25]]",2.994
74,0.0,5,"[[7.74, 3.22, 6.43, 3.71, 7.81, 4.87, 5.0], [6.79, 7.24, 2.38, 4.86, 3.87, 6.17, 4.92], [3.15, 9.58, 2.44, 5.2, 8.45, 2.58, 2.29], [4.2, 1.81, 5.9, 9.47, 8.69, 2.45, 6.94]]",5.0,7.81,4,"[0.15, 0.38, 0.14, 0.33]","[[0, 15, 16, 17, 18, 20, 19, 21], [0, 1, 2, 3, 4, 5, 6, 7], [0, 0, 0, 0, 0, 0, 0, 0], [0, 14, 13, 12, 11, 10, 9, 8]]",2.994
75,0.0,4,"[[6.38, 4.4, 2.78, 4.02, 3.28, 4.56, 6.79], [6.89, 5.4, 5.87, 9.63, 0.42, 4.93, 4.29], [2.96, 2.23, 8.29, 4.74, 3.72, 2.39, 0.86], [5.36, 5.18, 6.28, 1.08, 2.81, 5.95, 9.65]]",5.0,1.08,4,"[0.2, 0.38, 0.3, 0.12]","[[0, 15, 16, 17, 18, 19, 20, 21], [0, 1, 2, 3, 4, 5, 6, 7], [0, 14, 13, 12, 11, 10, 9, 8], [0, 0, 0, 0, 0, 0, 0, 0]]",2.994
76,0.0,6,"[[2.65, 1.66, 4.12, 6.28, 3.9, 4.24, 8.17], [4.84, 2.23, 5.57, 7.45, 3.35, 5.55, 3.39], [6.15, 3.53, 5.47, 2.82, 6.99, 9.09, 0.79], [2.47, 2.31, 1.36, 3.11, 4.52, 5.21, 3.31]]",5.0,5.21,4,"[0.01, 0.06, 0.02, 0.91]","[[0, 0, 0, 0, 0, 0, 0, 0], [0, 0, 0, 0, 0, 0, 8, 0], [0, 0, 0, 0, 0, 0, 0, 0], [0, 1, 2, 3, 4, 5, 6, 7]]",2.994
77,0.0,3,"[[3.25, 0.97, 8.64, 8.18, 2.13, 6.22, 0.77], [5.88, 7.57, 5.25, 3.43, 6.13, 3.52, 3.61], [5.54, 4.65, 8.68, 9.8, 7.31, 3.42, 4.37], [7.14, 2.83, 7.59, 3.91, 6.6, 1.41, 1.96]]",5.0,7.59,4,"[0.06, 0.03, 0.01, 0.9]","[[0, 9, 0, 8, 0, 10, 0, 0], [0, 0, 0, 0, 0, 0, 0, 0], [0, 0, 0, 0, 0, 0, 0, 0], [0, 1, 2, 3, 4, 5, 6, 7]]",2.994
78,0.0,2,"[[3.89, 7.03, 1.42, 3.85, 5.57, 3.85, 2.09], [1.42, 3.42, 3.49, 1.78, 8.76, 8.52, 6.88], [3.98, 7.53, 6.94, 2.68, 5.16, 4.6, 0.82], [7.43, 7.31, 6.36, 5.75, 9.0, 9.88, 3.78]]",5.0,7.03,4,"[0.86, 0.01, 0.02, 0.11]","[[0, 1, 2, 3, 4, 5, 6, 7], [0, 0, 0, 0, 0, 0, 0, 0], [0, 0, 0, 0, 0, 0, 0, 0], [0, 8, 9, 10, 11, 12, 13, 14]]",2.994
79,0.0,4,"[[6.26, 0.19, 5.42, 8.23, 3.15, 1.79, 3.82], [4.19, 3.39, 2.75, 9.2, 5.7, 3.44, 3.56], [5.45, 5.72, 8.61, 4.63, 8.16, 8.36, 7.19], [3.14, 2.27, 7.83, 9.11, 0.69, 3.38, 9.35]]",5.0,9.11,4,"[0.1, 0.01, 0.01, 0.88]","[[0, 14, 13, 12, 11, 10, 9, 8], [0, 0, 0, 0, 0, 0, 0, 0], [0, 0, 0, 0, 0, 0, 0, 0], [0, 1, 2, 3, 4, 5, 6, 7]]",2.994
80,0.01,2,"[[0.14, 0.07, 0.05, 0.18, 0.03, 0.01, 0.18], [0.19, 0.23, 0.07, 0.1, 0.08, 0.19, 0.2], [0.17, 0.24, 0.03, 0.21, 0.19, 0.07, 0.21], [0.14, 0.09, 0.21, 0.08, 0.19, 0.05, 0.09]]",0.13,0.24,5,"[0.15, 0.26, 0.26, 0.33]","[[0, 13, 12, 11, 28, 20, 21, 27], [0, 14, 1, 10, 2, 19, 22, 26], [0, 15, 18, 8, 9, 3, 23, 24], [0, 16, 17, 7, 6, 5, 4, 25]]",0.072
81,0.01,1,"[[0.16, 0.14, 0.08, 0.14, 0.11, 0.13, 0.09], [0.19, 0.11, 0.19, 0.08, 0.11, 0.19, 0.13], [0.21, 0.23, 0.11, 0.11, 0.1, 0.18, 0.03], [0.04, 0.14, 0.12, 0.13, 0.05, 0.04, 0.05]]",0.13,0.04,5,"[0.31, 0.22, 0.18, 0.29]","[[0, 8, 0, 0, 0, 0, 7, 0], [0, 0, 1, 10, 0, 2, 0, 0], [0, 9, 0, 0, 3, 0, 0, 6], [0, 4, 0, 0, 11, 0, 5, 0]]",0.072
82,0.01,2,"[[0.08, 0.23, 0.16, 0.14, 0.22, 0.12, 0.2], [0.17, 0.2, 0.03, 0.17, 0.21, 0.17, 0.07], [0.08, 0.2, 0.14, 0.22, 0.1, 0.13, 0.17], [0.07, 0.12, 0.01, 0.11, 0.05, 0.12, 0.17]]",0.13,0.23,5,"[0.86, 0.03, 0.04, 0.07]","[[0, 5, 14, 0, 9, 0, 0, 7], [0, 1, 13, 15, 0, 12, 2, 0], [0, 0, 0, 6, 4, 0, 0, 0], [0, 3, 10, 0, 11, 0, 0, 8]]",0.072
83,0.01,2,"[[0.1, 0.22, 0.11, 0.07, 0.15, 0.15, 0.08], [0.22, 0.14, 0.05, 0.13, 0.2, 0.14, 0.2], [0.02, 0.25, 0.2, 0.08, 0.15, 0.02, 0.07], [0.11, 0.1, 0.17, 0.14, 0.2, 0.08, 0.11]]",0.13,0.1,5,"[0.87, 0.08, 0.02, 0.03]","[[0, 7, 4, 0, 0, 0, 0, 0], [0, 1, 0, 0, 0, 0, 2, 0], [0, 5, 8, 3, 0, 0, 0, 0], [0, 6, 0, 0, 0, 0, 0, 0]]",0.072
84,0.01,7,"[[0.07, 0.07, 0.17, 0.05, 0.08, 0.18, 0.15], [0.19, 0.17, 0.06, 0.13, 0.2, 0.13, 0.2], [0.08, 0.18, 0.04, 0.21, 0.15, 0.15, 0.18], [0.06, 0.08, 0.09, 0.02, 0.12, 0.19, 0.09]]",0.13,0.2,5,"[0.31, 0.27, 0.19, 0.23]","[[0, 0, 1, 0, 0, 6, 7, 0], [0, 0, 2, 0, 0, 3, 0, 10], [0, 0, 0, 8, 0, 5, 4, 9], [0, 0, 0, 0, 0, 0, 0, 0]]",0.072
85,0.01,3,"[[0.06, 0.1, 0.22, 0.17, 0.09, 0.03, 0.08], [0.24, 0.07, 0.1, 0.11, 0.11, 0.15, 0.16], [0.04, 0.05, 0.2, 0.13, 0.03, 0.1, 0.19], [0.2, 0.09, 0.17, 0.15, 0.2, 0.1, 0.15]]",0.13,0.17,5,"[0.01, 0.1, 0.04, 0.85]","[[0, 3, 0, 11, 0, 0, 0, 4], [0, 0, 0, 0, 7, 0, 5, 0], [0, 0, 2, 8, 0, 6, 0, 1], [0, 0, 0, 10, 0, 0, 0, 9]]",0.072
86,0.01,2,"[[0.15, 0.08, 0.15, 0.12, 0.15, 0.08, 0.22], [0.12, 0.2, 0.22, 0.16, 0.25, 0.12, 0.11], [0.19, 0.22, 0.15, 0.08, 0.12, 0.14, 0.2], [0.21, 0.16, 0.09, 0.16, 0.22, 0.15, 0.19]]",0.13,0.22,5,"[0.05, 0.07, 0.86, 0.02]","[[0, 0, 0, 0, 0, 0, 0, 0], [0, 0, 1, 0, 0, 2, 0, 0], [0, 4, 5, 6, 7, 3, 8, 9], [0, 0, 0, 0, 0, 0, 0, 0]]",0.072
87,0.01,7,"[[0.11, 0.17, 0.16, 0.1, 0.16, 0.08, 0.16], [0.14, 0.11, 0.1, 0.17, 0.15, 0.09, 0.15], [0.18, 0.13, 0.06, 0.09, 0.04, 0.12, 0.18], [0.24, 0.17, 0.23, 0.17, 0.08, 0.13, 0.06]]",0.13,0.18,5,"[0.26, 0.27, 0.3, 0.17]","[[0, 0, 0, 0, 0, 0, 0, 0], [0, 0, 2, 0, 0, 4, 0, 6], [0, 1, 9, 3, 8, 0, 5, 7], [0, 0, 11, 0, 0, 0, 0, 10]]",0.072
88,0.01,6,"[[0.14, 0.12, 0.08, 0.02, 0.14, 0.19, 0.09], [0.2, 0.01, 0.13, 0.03, 0.11, 0.06, 0.23], [0.19, 0.12, 0.16, 0.15, 0.16, 0.07, 0.21], [0.09, 0.14, 0.24, 0.12, 0.1, 0.2, 0.16]]",0.13,0.2,5,"[0.36, 0.17, 0.12, 0.35]","[[0, 0, 2, 5, 0, 0, 7, 10], [0, 0, 0, 0, 0, 0, 11, 0], [0, 0, 0, 0, 0, 0, 0, 0], [0, 1, 0, 3, 4, 6, 8, 9]]",0.072
89,0.01,5,"[[0.19, 0.09, 0.13, 0.2, 0.03, 0.17, 0.2], [0.08, 0.14, 0.18, 0.15, 0.19, 0.11, 0.07], [0.15, 0.06, 0.07, 0.11, 0.19, 0.02, 0.14], [0.12, 0.04, 0.06, 0.04, 0.06, 0.19, 0.09]]",0.13,0.19,5,"[0.02, 0.85, 0.05, 0.08]","[[0, 0, 0, 0, 0, 0, 0, 0], [0, 1, 2, 3, 4, 5, 6, 7], [0, 0, 0, 0, 0, 0, 0, 0], [0, 0, 0, 0, 0, 0, 0, 0]]",0.072
90,0.01,4,"[[5.63, 2.91, 6.84, 6.5, 2.65, 5.91, 4.09], [5.16, 0.83, 2.41, 5.99, 6.15, 3.67, 6.12], [5.67, 9.08, 3.93, 7.57, 5.62, 2.51, 2.61], [4.59, 1.2, 4.42, 1.16, 8.17, 8.27, 1.11]]",5.0,1.16,5,"[0.14, 0.34, 0.35, 0.17]","[[0, 0, 0, 0, 0, 0, 0, 0], [0, 1, 4, 3, 8, 7, 11, 12], [0, 5, 2, 0, 6, 9, 10, 13], [0, 0, 0, 0, 0, 0, 0, 0]]",2.994
91,0.01,4,"[[5.11, 2.17, 0.1, 9.47, 2.73, 6.4, 3.36], [4.31, 7.26, 6.36, 8.48, 2.98, 4.68, 5.77], [8.38, 2.0, 6.14, 7.53, 4.7, 1.99, 1.53], [7.09, 5.94, 3.03, 5.37, 2.51, 3.9, 2.79]]",5.0,9.47,5,"[0.31, 0.35, 0.15, 0.19]","[[0, 0, 2, 0, 6, 7, 9, 11], [0, 1, 4, 3, 5, 0, 8, 10], [0, 0, 0, 0, 13, 0, 0, 0], [0, 0, 0, 0, 12, 0, 0, 0]]",2.994
92,0.01,7,"[[3.4, 2.14, 9.33, 2.59, 4.55, 1.09, 2.85], [2.69, 7.17, 4.91, 8.03, 6.07, 6.49, 2.28], [2.24, 5.15, 4.83, 2.39, 2.78, 7.43, 5.61], [3.01, 5.69, 6.66, 3.22, 3.6, 8.48, 3.28]]",5.0,5.61,5,"[0.07, 0.01, 0.9, 0.02]","[[0, 0, 9, 0, 0, 0, 0, 8], [0, 0, 0, 0, 0, 0, 0, 0], [0, 1, 2, 3, 4, 5, 6, 7], [0, 0, 0, 0, 0, 0, 0, 0]]",2.994
93,0.01,5,"[[0.95, 2.78, 3.25, 5.38, 7.09, 3.77, 4.83], [7.13, 8.96, 5.39, 2.27, 8.34, 7.96, 4.55], [9.77, 5.61, 8.97, 8.09, 6.52, 2.37, 9.08], [8.52, 1.84, 1.06, 3.62, 0.7, 3.27, 0.14]]",5.0,7.09,5,"[0.85, 0.07, 0.07, 0.01]","[[0, 1, 2, 3, 4, 5, 6, 7], [0, 0, 0, 0, 9, 8, 0, 0], [0, 0, 0, 0, 0, 10, 0, 0], [0, 0, 0, 0, 0, 11, 0, 0]]",2.994
94,0.01,5,"[[8.47, 2.82, 7.33, 4.03, 7.07, 2.75, 1.54], [4.68, 3.16, 0.97, 1.44, 5.2, 6.65, 9.25], [8.41, 7.04, 1.31, 3.23, 7.09, 7.67, 1.55], [6.28, 2.99, 4.33, 1.28, 9.25, 6.99, 2.35]]",5.0,9.25,5,"[0.01, 0.01, 0.01, 0.97]","[[0, 0, 0, 0, 0, 0, 0, 0], [0, 0, 8, 0, 9, 11, 0, 10], [0, 0, 0, 0, 0, 0, 0, 0], [0, 1, 2, 3, 4, 5, 6, 7]]",2.994
95,0.01,7,"[[8.39, 1.9, 3.96, 5.78, 2.24, 5.8, 4.1], [0.94, 5.02, 2.49, 5.54, 6.54, 4.33, 9.65], [7.94, 7.8, 4.1, 9.82, 1.59, 4.84, 8.58], [8.96, 7.49, 1.94, 3.92, 0.76, 2.82, 6.17]]",5.0,9.65,5,"[0.11, 0.85, 0.02, 0.02]","[[0, 0, 10, 0, 0, 8, 0, 9], [0, 1, 2, 3, 4, 5, 6, 7], [0, 0, 0, 0, 0, 0, 0, 0], [0, 0, 0, 0, 0, 0, 0, 0]]",2.994
96,0.01,1,"[[8.02, 3.92, 3.11, 4.49, 4.13, 7.86, 3.71], [5.5, 3.12, 4.78, 4.63, 5.83, 9.55, 5.01], [6.87, 6.07, 1.32, 5.58, 8.22, 5.74, 5.54], [4.62, 3.36, 5.75, 5.59, 2.34, 1.7, 6.64]]",5.0,4.62,5,"[0.25, 0.27, 0.24, 0.24]","[[0, 16, 17, 18, 19, 15, 20, 21], [0, 1, 13, 3, 11, 5, 8, 7], [0, 14, 2, 12, 4, 10, 6, 9], [0, 28, 27, 26, 25, 24, 23, 22]]",2.994
97,0.01,6,"[[5.77, 3.99, 6.61, 4.81, 8.16, 4.87, 2.84], [5.38, 5.12, 5.88, 4.67, 7.45, 7.64, 1.41], [2.86, 1.79, 4.9, 7.89, 6.3, 3.05, 5.2], [5.28, 6.58, 1.34, 2.2, 4.69, 6.92, 5.01]]",5.0,7.64,5,"[0.34, 0.23, 0.11, 0.32]","[[0, 1, 2, 0, 0, 0, 7, 19], [0, 12, 11, 0, 0, 0, 16, 18], [0, 14, 13, 0, 0, 0, 15, 17], [0, 9, 10, 3, 4, 5, 8, 6]]",2.994
98,0.01,4,"[[6.26, 0.19, 5.42, 8.23, 3.15, 1.79, 3.82], [4.19, 3.39, 2.75, 9.2, 5.7, 3.44, 3.56], [5.45, 5.72, 8.61, 4.63, 8.16, 8.36, 7.19], [3.14, 2.27, 7.83, 9.11, 0.69, 3.38, 9.35]]",5.0,8.23,5,"[0.1, 0.01, 0.01, 0.88]","[[0, 0, 0, 9, 8, 0, 0, 12], [0, 0, 0, 10, 0, 0, 0, 0], [0, 0, 0, 0, 11, 0, 0, 0], [0, 1, 2, 3, 4, 5, 6, 7]]",2.994
99,0.01,5,"[[1.92, 6.77, 0.18, 0.58, 7.09, 4.34, 4.61], [2.63, 2.6, 4.89, 2.52, 8.42, 2.23, 4.37], [6.54, 7.27, 4.71, 3.86, 8.83, 4.81, 5.31], [5.47, 8.91, 3.37, 8.65, 6.85, 1.47, 5.12]]",5.0,8.42,5,"[0.31, 0.2, 0.17, 0.32]","[[0, 2, 13, 12, 14, 11, 10, 9], [0, 0, 15, 0, 0, 17, 16, 18], [0, 0, 0, 0, 0, 19, 0, 0], [0, 1, 3, 4, 5, 6, 7, 8]]",2.994
100,0.0,1,"[[1.32, 1.79, 4.74, 6.52, 9.55, 1.49, 3.36], [2.67, 2.3, 3.39, 7.85, 3.89, 7.4, 8.55], [4.18, 0.46, 4.32, 2.27, 3.18, 8.62, 2.94], [6.02, 2.09, 4.16, 3.95, 2.34, 3.36, 2.27]]",5.0,4.18,6,"[0.16, 0.11, 0.34, 0.39]","[[0, 0, 0, 0, 0, 0, 0, 0], [0, 0, 0, 0, 0, 0, 0, 0], [0, 0, 0, 0, 0, 0, 0, 0], [0, 1, 2, 3, 4, 5, 6, 7]]",2.994
101,0.0,4,"[[7.32, 4.38, 4.99, 7.76, 5.0, 5.94, 2.36], [8.4, 3.61, 8.45, 4.23, 7.02, 4.36, 9.23], [1.69, 3.23, 3.54, 3.86, 3.72, 2.06, 0.61], [7.94, 7.02, 6.73, 4.28, 8.5, 0.13, 2.63]]",5.0,7.76,6,"[0.85, 0.03, 0.11, 0.01]","[[0, 1, 2, 3, 4, 5, 6, 7], [0, 0, 0, 0, 8, 0, 0, 0], [0, 0, 0, 0, 9, 0, 0, 0], [0, 0, 0, 0, 10, 0, 0, 0]]",2.994
102,0.0,6,"[[3.4, 2.14, 9.33, 2.59, 4.55, 1.09, 2.85], [2.69, 7.17, 4.91, 8.03, 6.07, 6.49, 2.28], [2.24, 5.15, 4.83, 2.39, 2.78, 7.43, 5.61], [3.01, 5.69, 6.66, 3.22, 3.6, 8.48, 3.28]]",5.0,7.43,6,"[0.07, 0.01, 0.9, 0.02]","[[0, 0, 0, 0, 0, 0, 10, 0], [0, 0, 0, 0, 0, 0, 9, 0], [0, 1, 3, 2, 4, 5, 6, 7], [0, 0, 0, 0, 0, 0, 8, 0]]",2.994
103,0.0,4,"[[5.11, 2.17, 0.1, 9.47, 2.73, 6.4, 3.36], [4.31, 7.26, 6.36, 8.48, 2.98, 4.68, 5.77], [8.38, 2.0, 6.14, 7.53, 4.7, 1.99, 1.53], [7.09, 5.94, 3.03, 5.37, 2.51, 3.9, 2.79]]",5.0,8.48,6,"[0.31, 0.35, 0.15, 0.19]","[[0, 0, 11, 0, 8, 0, 0, 0], [0, 1, 3, 2, 4, 5, 6, 7], [0, 0, 12, 0, 9, 0, 0, 0], [0, 0, 13, 0, 10, 0, 0, 0]]",2.994
104,0.0,7,"[[6.26, 0.19, 5.42, 8.23, 3.15, 1.79, 3.82], [4.19, 3.39, 2.75, 9.2, 5.7, 3.44, 3.56], [5.45, 5.72, 8.61, 4.63, 8.16, 8.36, 7.19], [3.14, 2.27, 7.83, 9.11, 0.69, 3.38, 9.35]]",5.0,9.35,6,"[0.1, 0.01, 0.01, 0.88]","[[0, 0, 0, 0, 13, 0, 0, 9], [0, 0, 0, 0, 12, 0, 0, 10], [0, 0, 0, 0, 11, 0, 0, 8], [0, 1, 2, 3, 4, 7, 5, 6]]",2.994
105,0.0,7,"[[0.94, 9.58, 9.58, 1.68, 3.99, 3.26, 9.98], [7.2, 6.69, 3.6, 6.35, 1.28, 0.52, 9.84], [4.59, 4.33, 3.41, 2.69, 0.89, 3.28, 2.91], [7.61, 5.48, 8.81, 6.78, 0.6, 7.91, 3.87]]",5.0,9.84,6,"[0.01, 0.89, 0.08, 0.02]","[[0, 12, 0, 2, 0, 0, 0, 9], [0, 1, 3, 6, 4, 5, 7, 8], [0, 13, 0, 0, 0, 0, 0, 10], [0, 14, 0, 0, 0, 0, 0, 11]]",2.994
106,0.0,3,"[[5.63, 2.91, 6.84, 6.5, 2.65, 5.91, 4.09], [5.16, 0.83, 2.41, 5.99, 6.15, 3.67, 6.12], [5.67, 9.08, 3.93, 7.57, 5.62, 2.51, 2.61], [4.59, 1.2, 4.42, 1.16, 8.17, 8.27, 1.11]]",5.0,3.93,6,"[0.14, 0.34, 0.35, 0.17]","[[0, 0, 10, 11, 0, 0, 0, 0], [0, 0, 9, 12, 0, 0, 0, 0], [0, 1, 3, 2, 4, 5, 6, 7], [0, 0, 8, 13, 0, 0, 0, 0]]",2.994
107,0.0,4,"[[6.2, 4.19, 3.44, 8.27, 6.51, 4.65, 4.01], [2.89, 4.13, 4.82, 8.89, 9.25, 0.96, 6.04], [8.8, 2.84, 4.5, 4.81, 3.19, 0.46, 7.31], [5.12, 1.87, 1.91, 7.0, 2.08, 5.06, 2.86]]",5.0,4.81,6,"[0.15, 0.21, 0.3, 0.34]","[[0, 0, 0, 0, 10, 0, 0, 0], [0, 0, 0, 0, 9, 0, 0, 0], [0, 0, 0, 0, 8, 0, 0, 0], [0, 1, 2, 4, 3, 5, 6, 7]]",2.994
108,0.0,6,"[[7.11, 5.78, 4.85, 4.33, 7.33, 7.89, 5.26], [5.95, 7.87, 3.44, 7.0, 6.97, 5.22, 6.26], [3.72, 9.35, 7.04, 6.38, 7.42, 6.47, 5.89], [5.94, 4.84, 1.39, 4.52, 3.41, 2.82, 3.73]]",5.0,6.47,6,"[0.33, 0.2, 0.24, 0.23]","[[0, 4, 3, 2, 1, 6, 5, 7], [0, 0, 0, 0, 0, 0, 8, 0], [0, 0, 0, 0, 0, 0, 9, 0], [0, 0, 0, 0, 0, 0, 10, 0]]",2.994
109,0.0,5,"[[0.95, 2.78, 3.25, 5.38, 7.09, 3.77, 4.83], [7.13, 8.96, 5.39, 2.27, 8.34, 7.96, 4.55], [9.77, 5.61, 8.97, 8.09, 6.52, 2.37, 9.08], [8.52, 1.84, 1.06, 3.62, 0.7, 3.27, 0.14]]",5.0,7.09,6,"[0.85, 0.07, 0.07, 0.01]","[[0, 1, 3, 2, 4, 5, 7, 6], [0, 0, 0, 0, 0, 8, 0, 0], [0, 0, 0, 0, 0, 9, 0, 0], [0, 0, 0, 0, 0, 10, 0, 0]]",2.994
110,0.0,6,"[[0.18, 0.08, 0.04, 0.19, 0.05, 0.05, 0.16], [0.09, 0.22, 0.23, 0.17, 0.13, 0.24, 0.18], [0.21, 0.2, 0.1, 0.14, 0.11, 0.11, 0.19], [0.23, 0.14, 0.16, 0.18, 0.12, 0.18, 0.03]]",0.13,0.24,6,"[0.02, 0.92, 0.02, 0.04]","[[0, 0, 0, 0, 0, 0, 0, 0], [0, 1, 3, 2, 7, 4, 5, 6], [0, 0, 0, 0, 0, 0, 0, 0], [0, 0, 0, 0, 0, 0, 0, 0]]",0.072
111,0.0,3,"[[0.15, 0.08, 0.16, 0.16, 0.12, 0.04, 0.13], [0.17, 0.17, 0.2, 0.1, 0.06, 0.16, 0.12], [0.04, 0.25, 0.2, 0.11, 0.04, 0.11, 0.24], [0.15, 0.14, 0.05, 0.11, 0.22, 0.22, 0.2]]",0.13,0.2,6,"[0.01, 0.89, 0.09, 0.01]","[[0, 0, 0, 9, 0, 0, 0, 0], [0, 1, 2, 3, 4, 5, 6, 7], [0, 0, 0, 10, 0, 0, 0, 0], [0, 0, 0, 8, 0, 0, 0, 0]]",0.072
112,0.0,5,"[[0.09, 0.06, 0.16, 0.11, 0.12, 0.22, 0.04], [0.11, 0.19, 0.13, 0.18, 0.2, 0.12, 0.12], [0.11, 0.08, 0.15, 0.06, 0.15, 0.13, 0.16], [0.08, 0.15, 0.2, 0.17, 0.24, 0.04, 0.12]]",0.13,0.15,6,"[0.15, 0.32, 0.21, 0.32]","[[0, 0, 0, 0, 0, 16, 0, 0], [0, 1, 4, 2, 3, 5, 6, 7], [0, 0, 0, 0, 0, 15, 0, 0], [0, 14, 13, 12, 11, 10, 9, 8]]",0.072
113,0.0,1,"[[0.16, 0.14, 0.08, 0.14, 0.11, 0.13, 0.09], [0.19, 0.11, 0.19, 0.08, 0.11, 0.19, 0.13], [0.21, 0.23, 0.11, 0.11, 0.1, 0.18, 0.03], [0.04, 0.14, 0.12, 0.13, 0.05, 0.04, 0.05]]",0.13,0.16,6,"[0.31, 0.22, 0.18, 0.29]","[[0, 1, 3, 2, 4, 5, 6, 7], [0, 8, 11, 0, 0, 0, 0, 0], [0, 9, 12, 0, 0, 0, 0, 0], [0, 10, 13, 0, 0, 0, 0, 0]]",0.072
114,0.0,4,"[[0.2, 0.21, 0.23, 0.23, 0.18, 0.14, 0.22], [0.2, 0.22, 0.22, 0.25, 0.05, 0.12, 0.09], [0.02, 0.05, 0.07, 0.23, 0.14, 0.19, 0.02], [0.12, 0.1, 0.13, 0.23, 0.18, 0.06, 0.24]]",0.13,0.23,6,"[0.08, 0.03, 0.87, 0.02]","[[0, 0, 0, 0, 10, 0, 0, 0], [0, 0, 0, 0, 8, 0, 0, 0], [0, 1, 3, 2, 5, 4, 6, 7], [0, 0, 0, 0, 9, 0, 0, 0]]",0.072
115,0.0,5,"[[0.11, 0.22, 0.08, 0.2, 0.14, 0.03, 0.13], [0.17, 0.02, 0.02, 0.09, 0.21, 0.16, 0.15], [0.09, 0.18, 0.16, 0.17, 0.05, 0.09, 0.1], [0.18, 0.05, 0.09, 0.19, 0.24, 0.18, 0.12]]",0.13,0.14,6,"[0.33, 0.18, 0.11, 0.38]","[[0, 0, 0, 0, 13, 10, 0, 0], [0, 0, 0, 0, 12, 9, 0, 0], [0, 0, 0, 0, 11, 8, 0, 0], [0, 1, 4, 2, 3, 5, 6, 7]]",0.072
116,0.0,3,"[[0.12, 0.04, 0.15, 0.03, 0.12, 0.21, 0.16], [0.15, 0.15, 0.1, 0.11, 0.22, 0.11, 0.06], [0.06, 0.07, 0.19, 0.11, 0.05, 0.07, 0.16], [0.05, 0.12, 0.14, 0.09, 0.12, 0.13, 0.02]]",0.13,0.19,6,"[0.04, 0.05, 0.89, 0.02]","[[0, 0, 0, 10, 0, 0, 0, 13], [0, 0, 0, 9, 0, 0, 0, 12], [0, 1, 2, 3, 5, 4, 6, 7], [0, 0, 0, 8, 0, 0, 0, 11]]",0.072
117,0.0,7,"[[0.15, 0.2, 0.21, 0.14, 0.15, 0.21, 0.2], [0.1, 0.12, 0.15, 0.05, 0.19, 0.19, 0.19], [0.2, 0.18, 0.22, 0.07, 0.23, 0.17, 0.15], [0.25, 0.17, 0.14, 0.07, 0.06, 0.14, 0.21]]",0.13,0.19,6,"[0.33, 0.32, 0.13, 0.22]","[[0, 1, 3, 2, 4, 5, 7, 6], [0, 0, 0, 8, 0, 0, 13, 15], [0, 0, 0, 9, 0, 0, 12, 14], [0, 0, 0, 10, 0, 0, 11, 16]]",0.072
118,0.0,2,"[[0.06, 0.22, 0.11, 0.12, 0.13, 0.09, 0.18], [0.2, 0.17, 0.05, 0.09, 0.17, 0.16, 0.24], [0.14, 0.03, 0.23, 0.14, 0.04, 0.13, 0.18], [0.16, 0.1, 0.17, 0.16, 0.14, 0.04, 0.05]]",0.13,0.17,6,"[0.87, 0.02, 0.1, 0.01]","[[0, 1, 2, 3, 4, 5, 6, 7], [0, 0, 8, 0, 0, 0, 0, 11], [0, 0, 9, 0, 0, 0, 0, 12], [0, 0, 10, 0, 0, 0, 0, 13]]",0.072
119,0.0,6,"[[0.07, 0.07, 0.17, 0.05, 0.08, 0.18, 0.15], [0.19, 0.17, 0.06, 0.13, 0.2, 0.13, 0.2], [0.08, 0.18, 0.04, 0.21, 0.15, 0.15, 0.18], [0.06, 0.08, 0.09, 0.02, 0.12, 0.19, 0.09]]",0.13,0.19,6,"[0.31, 0.27, 0.19, 0.23]","[[0, 1, 2, 3, 4, 5, 6, 7], [0, 0, 0, 11, 0, 0, 8, 0], [0, 0, 0, 12, 0, 0, 9, 0], [0, 0, 0, 13, 0, 0, 10, 0]]",0.072
120,0.01,5,"[[6.19, 1.85, 1.16, 4.28, 2.66, 3.25, 7.93], [4.16, 3.03, 5.34, 3.93, 5.82, 4.05, 2.14], [6.53, 8.89, 6.73, 7.28, 2.75, 0.6, 4.09], [4.95, 6.55, 6.81, 6.9, 1.07, 2.2, 5.26]]",5.0,5.82,7,"[0.03, 0.86, 0.04, 0.07]","[[0, 0, 0, 0, 0, 0, 0, 0], [0, 1, 2, 3, 4, 5, 6, 7], [0, 0, 0, 0, 0, 0, 0, 0], [0, 0, 0, 0, 0, 0, 0, 0]]",2.994
121,0.01,1,"[[7.29, 4.26, 4.93, 3.96, 3.34, 8.54, 6.49], [0.79, 3.44, 2.71, 8.71, 2.86, 7.09, 3.94], [9.61, 8.74, 7.3, 3.82, 1.83, 1.17, 5.37], [2.04, 1.98, 8.39, 1.63, 1.8, 1.97, 7.71]]",5.0,0.79,7,"[0.21, 0.28, 0.29, 0.22]","[[0, 0, 0, 0, 0, 0, 0, 0], [0, 0, 0, 0, 0, 0, 0, 0], [0, 1, 2, 3, 4, 5, 6, 7], [0, 0, 0, 0, 0, 0, 0, 0]]",2.994
122,0.01,1,"[[4.36, 8.7, 5.94, 4.41, 8.37, 5.83, 0.58], [9.58, 2.24, 8.49, 4.24, 4.63, 4.53, 5.29], [6.08, 4.31, 5.59, 3.3, 3.91, 4.21, 4.74], [9.25, 5.33, 1.67, 7.75, 5.64, 2.81, 3.02]]",5.0,4.36,7,"[0.31, 0.27, 0.14, 0.28]","[[0, 0, 0, 0, 0, 0, 0, 0], [0, 0, 0, 0, 0, 0, 0, 0], [0, 0, 0, 0, 0, 0, 0, 0], [0, 1, 2, 0, 0, 0, 0, 0]]",2.994
123,0.01,5,"[[5.77, 3.99, 6.61, 4.81, 8.16, 4.87, 2.84], [5.38, 5.12, 5.88, 4.67, 7.45, 7.64, 1.41], [2.86, 1.79, 4.9, 7.89, 6.3, 3.05, 5.2], [5.28, 6.58, 1.34, 2.2, 4.69, 6.92, 5.01]]",5.0,8.16,7,"[0.34, 0.23, 0.11, 0.32]","[[0, 1, 2, 3, 4, 5, 6, 7], [0, 0, 0, 0, 0, 0, 0, 0], [0, 0, 0, 0, 0, 0, 0, 0], [0, 0, 0, 0, 0, 0, 0, 0]]",2.994
124,0.01,3,"[[9.88, 3.37, 6.84, 6.02, 5.72, 2.47, 6.83], [4.66, 3.57, 1.89, 8.02, 4.52, 4.58, 0.56], [5.57, 8.71, 8.98, 7.3, 1.41, 5.09, 6.3], [2.79, 3.58, 9.87, 3.61, 3.51, 7.13, 2.78]]",5.0,9.87,7,"[0.02, 0.05, 0.05, 0.88]","[[0, 0, 0, 0, 0, 0, 0, 0], [0, 0, 0, 0, 0, 0, 0, 0], [0, 0, 0, 0, 0, 0, 0, 0], [0, 1, 2, 3, 0, 0, 0, 0]]",2.994
125,0.01,3,"[[7.04, 7.27, 1.99, 4.87, 6.53, 6.34, 1.47], [5.29, 2.16, 9.06, 4.67, 7.92, 5.41, 7.56], [6.95, 5.35, 1.7, 4.81, 6.84, 1.21, 8.92], [6.63, 5.53, 4.35, 1.42, 5.69, 5.92, 4.12]]",5.0,9.06,7,"[0.07, 0.87, 0.03, 0.03]","[[0, 0, 0, 0, 0, 0, 0, 0], [0, 1, 2, 3, 4, 5, 6, 7], [0, 0, 0, 0, 0, 0, 0, 0], [0, 0, 0, 0, 0, 0, 0, 0]]",2.994
126,0.01,1,"[[7.17, 3.46, 5.58, 3.93, 3.7, 2.49, 5.53], [9.77, 5.93, 5.47, 2.25, 8.04, 7.17, 0.39], [7.48, 1.53, 5.91, 7.74, 1.59, 6.73, 3.86], [5.1, 6.8, 2.11, 7.09, 7.57, 6.62, 8.34]]",5.0,7.17,7,"[0.88, 0.05, 0.05, 0.02]","[[0, 1, 2, 3, 4, 5, 6, 7], [0, 0, 0, 0, 0, 0, 0, 0], [0, 0, 0, 0, 0, 0, 0, 0], [0, 0, 0, 0, 0, 0, 0, 0]]",2.994
127,0.01,1,"[[2.44, 7.36, 6.46, 5.15, 7.43, 1.32, 0.71], [3.96, 8.36, 4.6, 6.91, 2.69, 5.0, 1.64], [8.24, 5.23, 2.67, 1.92, 6.03, 2.88, 7.54], [1.43, 5.93, 6.77, 1.1, 3.47, 5.78, 6.1]]",5.0,8.24,7,"[0.02, 0.06, 0.89, 0.03]","[[0, 0, 0, 0, 0, 0, 0, 0], [0, 0, 0, 0, 0, 0, 0, 0], [0, 1, 2, 3, 4, 5, 6, 7], [0, 0, 0, 0, 0, 0, 0, 0]]",2.994
128,0.01,1,"[[1.89, 1.68, 4.82, 0.64, 6.72, 5.82, 3.47], [2.81, 5.64, 4.93, 5.88, 1.19, 6.58, 2.91], [6.88, 4.96, 4.06, 5.77, 1.03, 4.24, 5.62], [0.22, 1.89, 4.63, 5.2, 4.1, 3.36, 6.44]]",5.0,6.88,7,"[0.25, 0.26, 0.31, 0.18]","[[0, 0, 0, 0, 0, 0, 0, 0], [0, 0, 0, 0, 0, 0, 0, 0], [0, 1, 2, 3, 4, 5, 6, 7], [0, 0, 0, 0, 0, 0, 0, 0]]",2.994
129,0.01,6,"[[5.12, 1.51, 5.2, 6.71, 2.69, 8.45, 7.56], [1.26, 6.81, 6.02, 6.85, 3.83, 2.04, 5.15], [0.77, 1.29, 6.67, 1.6, 1.63, 0.54, 0.89], [4.2, 5.58, 3.29, 3.97, 3.54, 6.37, 4.95]]",5.0,8.45,7,"[0.21, 0.27, 0.19, 0.33]","[[0, 0, 0, 0, 0, 0, 0, 0], [0, 0, 0, 0, 0, 0, 0, 0], [0, 0, 0, 0, 0, 0, 0, 0], [0, 1, 2, 3, 4, 5, 6, 7]]",2.994
130,0.01,1,"[[0.07, 0.07, 0.17, 0.05, 0.08, 0.18, 0.15], [0.19, 0.17, 0.06, 0.13, 0.2, 0.13, 0.2], [0.08, 0.18, 0.04, 0.21, 0.15, 0.15, 0.18], [0.06, 0.08, 0.09, 0.02, 0.12, 0.19, 0.09]]",0.13,0.06,7,"[0.31, 0.27, 0.19, 0.23]","[[0, 0, 0, 0, 0, 0, 0, 0], [0, 0, 0, 0, 0, 0, 0, 0], [0, 0, 0, 0, 0, 0, 0, 0], [0, 0, 0, 0, 0, 0, 0, 0]]",0.072
131,0.01,1,"[[0.1, 0.22, 0.11, 0.07, 0.15, 0.15, 0.08], [0.22, 0.14, 0.05, 0.13, 0.2, 0.14, 0.2], [0.02, 0.25, 0.2, 0.08, 0.15, 0.02, 0.07], [0.11, 0.1, 0.17, 0.14, 0.2, 0.08, 0.11]]",0.13,0.1,7,"[0.87, 0.08, 0.02, 0.03]","[[0, 0, 0, 0, 0, 0, 0, 0], [0, 0, 0, 0, 0, 0, 0, 0], [0, 0, 0, 0, 0, 0, 0, 0], [0, 0, 0, 0, 0, 0, 0, 0]]",0.072
132,0.01,1,"[[0.01, 0.19, 0.1, 0.03, 0.13, 0.15, 0.13], [0.17, 0.18, 0.07, 0.17, 0.17, 0.12, 0.12], [0.11, 0.17, 0.18, 0.22, 0.08, 0.06, 0.07], [0.12, 0.02, 0.07, 0.16, 0.17, 0.14, 0.04]]",0.13,0.12,7,"[0.3, 0.29, 0.13, 0.28]","[[0, 0, 0, 0, 0, 0, 0, 0], [0, 0, 0, 0, 0, 0, 0, 0], [0, 0, 0, 0, 0, 0, 0, 0], [0, 0, 0, 0, 0, 0, 0, 0]]",0.072
133,0.01,1,"[[0.12, 0.13, 0.12, 0.14, 0.05, 0.1, 0.25], [0.16, 0.2, 0.2, 0.14, 0.09, 0.17, 0.09], [0.11, 0.12, 0.11, 0.11, 0.08, 0.05, 0.17], [0.19, 0.2, 0.07, 0.21, 0.07, 0.13, 0.2]]",0.13,0.16,7,"[0.17, 0.35, 0.31, 0.17]","[[0, 0, 0, 0, 0, 0, 0, 0], [0, 0, 0, 0, 0, 0, 0, 0], [0, 0, 0, 0, 0, 0, 0, 0], [0, 0, 0, 0, 0, 0, 0, 0]]",0.072
134,0.01,1,"[[0.11, 0.17, 0.16, 0.1, 0.16, 0.08, 0.16], [0.14, 0.11, 0.1, 0.17, 0.15, 0.09, 0.15], [0.18, 0.13, 0.06, 0.09, 0.04, 0.12, 0.18], [0.24, 0.17, 0.23, 0.17, 0.08, 0.13, 0.06]]",0.13,0.11,7,"[0.26, 0.27, 0.3, 0.17]","[[0, 0, 0, 0, 0, 0, 0, 0], [0, 0, 0, 0, 0, 0, 0, 0], [0, 0, 0, 0, 0, 0, 0, 0], [0, 0, 0, 0, 0, 0, 0, 0]]",0.072
135,0.01,1,"[[0.21, 0.14, 0.05, 0.18, 0.12, 0.1, 0.15], [0.03, 0.07, 0.04, 0.14, 0.13, 0.15, 0.2], [0.05, 0.14, 0.08, 0.16, 0.04, 0.13, 0.08], [0.19, 0.12, 0.09, 0.06, 0.18, 0.05, 0.09]]",0.13,0.21,7,"[0.01, 0.02, 0.88, 0.09]","[[0, 0, 0, 0, 0, 0, 0, 0], [0, 0, 0, 0, 0, 0, 0, 0], [0, 0, 0, 0, 0, 0, 0, 0], [0, 0, 0, 0, 0, 0, 0, 0]]",0.072
136,0.01,1,"[[0.16, 0.14, 0.08, 0.14, 0.11, 0.13, 0.09], [0.19, 0.11, 0.19, 0.08, 0.11, 0.19, 0.13], [0.21, 0.23, 0.11, 0.11, 0.1, 0.18, 0.03], [0.04, 0.14, 0.12, 0.13, 0.05, 0.04, 0.05]]",0.13,0.16,7,"[0.31, 0.22, 0.18, 0.29]","[[0, 0, 0, 0, 0, 0, 0, 0], [0, 0, 0, 0, 0, 0, 0, 0], [0, 0, 0, 0, 0, 0, 0, 0], [0, 0, 0, 0, 0, 0, 0, 0]]",0.072
137,0.01,1,"[[0.15, 0.17, 0.12, 0.06, 0.06, 0.22, 0.15], [0.19, 0.17, 0.21, 0.18, 0.06, 0.19, 0.04], [0.07, 0.13, 0.08, 0.09, 0.18, 0.11, 0.12], [0.16, 0.1, 0.02, 0.11, 0.21, 0.13, 0.19]]",0.13,0.16,7,"[0.09, 0.05, 0.01, 0.85]","[[0, 0, 0, 0, 0, 0, 0, 0], [0, 0, 0, 0, 0, 0, 0, 0], [0, 0, 0, 0, 0, 0, 0, 0], [0, 0, 0, 0, 0, 0, 0, 0]]",0.072
138,0.01,1,"[[0.11, 0.18, 0.17, 0.05, 0.02, 0.11, 0.14], [0.16, 0.12, 0.11, 0.08, 0.11, 0.16, 0.08], [0.12, 0.16, 0.05, 0.23, 0.13, 0.08, 0.03], [0.17, 0.24, 0.1, 0.22, 0.06, 0.14, 0.05]]",0.13,0.12,7,"[0.01, 0.08, 0.86, 0.05]","[[0, 0, 0, 0, 0, 0, 0, 0], [0, 0, 0, 0, 0, 0, 0, 0], [0, 0, 0, 0, 0, 0, 0, 0], [0, 0, 0, 0, 0, 0, 0, 0]]",0.072
139,0.01,1,"[[0.06, 0.22, 0.11, 0.12, 0.13, 0.09, 0.18], [0.2, 0.17, 0.05, 0.09, 0.17, 0.16, 0.24], [0.14, 0.03, 0.23, 0.14, 0.04, 0.13, 0.18], [0.16, 0.1, 0.17, 0.16, 0.14, 0.04, 0.05]]",0.13,0.06,7,"[0.87, 0.02, 0.1, 0.01]","[[0, 0, 0, 0, 0, 0, 0, 0], [0, 0, 0, 0, 0, 0, 0, 0], [0, 0, 0, 0, 0, 0, 0, 0], [0, 0, 0, 0, 0, 0, 0, 0]]",0.072
140,0.01,5,"[[0.05, 0.08, 0.17, 0.15, 0.22, 0.07, 0.07], [0.06, 0.1, 0.12, 0.11, 0.19, 0.16, 0.05], [0.19, 0.16, 0.13, 0.06, 0.18, 0.04, 0.24], [0.15, 0.24, 0.11, 0.13, 0.14, 0.03, 0.01]]",0.13,0.22,8,"[0.86, 0.01, 0.05, 0.08]","[[0, 1, 2, 3, 4, 5, 6, 7], [0, 0, 0, 0, 0, 0, 0, 0], [0, 0, 0, 0, 0, 0, 0, 0], [0, 0, 0, 0, 0, 0, 0, 0]]",0.072
141,0.01,3,"[[0.14, 0.16, 0.16, 0.21, 0.14, 0.04, 0.08], [0.06, 0.2, 0.17, 0.04, 0.15, 0.07, 0.15], [0.13, 0.19, 0.14, 0.02, 0.08, 0.23, 0.1], [0.15, 0.03, 0.13, 0.07, 0.13, 0.07, 0.19]]",0.13,0.16,8,"[0.26, 0.28, 0.24, 0.22]","[[0, 0, 0, 0, 0, 0, 0, 0], [0, 1, 0, 3, 4, 5, 0, 0], [0, 0, 0, 0, 0, 0, 0, 0], [0, 0, 2, 0, 0, 0, 0, 0]]",0.072
142,0.01,3,"[[0.16, 0.14, 0.08, 0.14, 0.11, 0.13, 0.09], [0.19, 0.11, 0.19, 0.08, 0.11, 0.19, 0.13], [0.21, 0.23, 0.11, 0.11, 0.1, 0.18, 0.03], [0.04, 0.14, 0.12, 0.13, 0.05, 0.04, 0.05]]",0.13,0.08,8,"[0.31, 0.22, 0.18, 0.29]","[[0, 0, 0, 0, 0, 0, 0, 0], [0, 0, 8, 9, 10, 0, 0, 0], [0, 0, 0, 0, 0, 0, 0, 0], [0, 1, 2, 3, 4, 5, 6, 7]]",0.072
143,0.01,4,"[[0.2, 0.21, 0.23, 0.23, 0.18, 0.14, 0.22], [0.2, 0.22, 0.22, 0.25, 0.05, 0.12, 0.09], [0.02, 0.05, 0.07, 0.23, 0.14, 0.19, 0.02], [0.12, 0.1, 0.13, 0.23, 0.18, 0.06, 0.24]]",0.13,0.23,8,"[0.08, 0.03, 0.87, 0.02]","[[0, 0, 0, 0, 0, 0, 0, 0], [0, 0, 0, 0, 0, 0, 0, 0], [0, 1, 2, 3, 4, 5, 7, 6], [0, 0, 0, 0, 0, 0, 0, 0]]",0.072
144,0.01,1,"[[0.11, 0.22, 0.08, 0.2, 0.14, 0.03, 0.13], [0.17, 0.02, 0.02, 0.09, 0.21, 0.16, 0.15], [0.09, 0.18, 0.16, 0.17, 0.05, 0.09, 0.1], [0.18, 0.05, 0.09, 0.19, 0.24, 0.18, 0.12]]",0.13,0.11,8,"[0.33, 0.18, 0.11, 0.38]","[[0, 0, 0, 0, 0, 0, 0, 0], [0, 0, 0, 0, 0, 0, 0, 0], [0, 0, 0, 0, 0, 0, 0, 0], [0, 1, 0, 0, 0, 0, 0, 0]]",0.072
145,0.01,1,"[[0.19, 0.12, 0.08, 0.18, 0.08, 0.2, 0.22], [0.05, 0.04, 0.19, 0.18, 0.18, 0.05, 0.1], [0.21, 0.13, 0.15, 0.13, 0.16, 0.15, 0.08], [0.19, 0.06, 0.09, 0.07, 0.04, 0.2, 0.08]]",0.13,0.19,8,"[0.16, 0.28, 0.23, 0.33]","[[0, 0, 0, 0, 0, 0, 0, 0], [0, 6, 2, 0, 4, 0, 0, 0], [0, 0, 0, 0, 0, 0, 0, 0], [0, 1, 7, 3, 0, 5, 0, 0]]",0.072
146,0.01,2,"[[0.06, 0.22, 0.11, 0.12, 0.13, 0.09, 0.18], [0.2, 0.17, 0.05, 0.09, 0.17, 0.16, 0.24], [0.14, 0.03, 0.23, 0.14, 0.04, 0.13, 0.18], [0.16, 0.1, 0.17, 0.16, 0.14, 0.04, 0.05]]",0.13,0.22,8,"[0.87, 0.02, 0.1, 0.01]","[[0, 1, 2, 0, 0, 0, 0, 0], [0, 0, 0, 0, 0, 0, 0, 0], [0, 0, 0, 0, 0, 0, 0, 0], [0, 0, 0, 0, 0, 0, 0, 0]]",0.072
147,0.01,1,"[[0.07, 0.16, 0.11, 0.2, 0.2, 0.19, 0.16], [0.15, 0.22, 0.24, 0.17, 0.18, 0.12, 0.12], [0.11, 0.16, 0.11, 0.12, 0.21, 0.06, 0.16], [0.17, 0.22, 0.15, 0.11, 0.24, 0.11, 0.17]]",0.13,0.17,8,"[0.09, 0.03, 0.01, 0.87]","[[0, 0, 0, 0, 0, 0, 0, 0], [0, 0, 0, 0, 0, 0, 0, 0], [0, 0, 0, 0, 0, 0, 0, 0], [0, 1, 0, 0, 0, 0, 0, 0]]",0.072
148,0.01,3,"[[0.15, 0.2, 0.21, 0.14, 0.15, 0.21, 0.2], [0.1, 0.12, 0.15, 0.05, 0.19, 0.19, 0.19], [0.2, 0.18, 0.22, 0.07, 0.23, 0.17, 0.15], [0.25, 0.17, 0.14, 0.07, 0.06, 0.14, 0.21]]",0.13,0.21,8,"[0.33, 0.32, 0.13, 0.22]","[[0, 0, 0, 0, 0, 0, 0, 0], [0, 1, 0, 2, 0, 0, 0, 0], [0, 0, 0, 0, 0, 0, 0, 0], [0, 0, 0, 0, 0, 0, 0, 0]]",0.072
149,0.01,3,"[[0.19, 0.09, 0.13, 0.2, 0.03, 0.17, 0.2], [0.08, 0.14, 0.18, 0.15, 0.19, 0.11, 0.07], [0.15, 0.06, 0.07, 0.11, 0.19, 0.02, 0.14], [0.12, 0.04, 0.06, 0.04, 0.06, 0.19, 0.09]]",0.13,0.18,8,"[0.02, 0.85, 0.05, 0.08]","[[0, 0, 0, 0, 0, 0, 0, 0], [0, 1, 2, 3, 0, 0, 0, 0], [0, 0, 0, 0, 0, 0, 0, 0], [0, 0, 0, 0, 0, 0, 0, 0]]",0.072
150,0.01,4,"[[6.26, 0.19, 5.42, 8.23, 3.15, 1.79, 3.82], [4.19, 3.39, 2.75, 9.2, 5.7, 3.44, 3.56], [5.45, 5.72, 8.61, 4.63, 8.16, 8.36, 7.19], [3.14, 2.27, 7.83, 9.11, 0.69, 3.38, 9.35]]",5.0,9.11,8,"[0.1, 0.01, 0.01, 0.88]","[[0, 0, 0, 0, 6, 0, 0, 0], [0, 0, 0, 0, 0, 0, 0, 0], [0, 0, 0, 0, 0, 0, 0, 0], [0, 1, 2, 3, 4, 5, 0, 0]]",2.994
151,0.01,7,"[[2.67, 1.86, 1.79, 5.75, 3.59, 3.3, 1.49], [1.18, 8.77, 6.89, 4.16, 3.25, 3.0, 9.34], [1.75, 2.03, 4.01, 8.67, 5.48, 1.04, 6.3], [4.37, 0.5, 5.19, 4.46, 0.43, 0.13, 6.06]]",5.0,1.49,8,"[0.24, 0.23, 0.24, 0.29]","[[0, 0, 0, 0, 0, 0, 0, 0], [0, 2, 4, 9, 10, 15, 16, 21], [0, 3, 5, 8, 11, 14, 17, 20], [0, 1, 6, 7, 12, 13, 18, 19]]",2.994
152,0.01,2,"[[0.72, 5.25, 9.97, 4.85, 8.58, 2.57, 9.15], [5.48, 9.36, 2.36, 9.25, 3.72, 4.76, 6.74], [7.14, 7.36, 2.91, 4.13, 7.03, 8.48, 0.38], [5.84, 6.37, 7.56, 3.71, 4.02, 2.93, 0.09]]",5.0,7.36,8,"[0.03, 0.85, 0.06, 0.06]","[[0, 0, 6, 0, 0, 0, 0, 0], [0, 1, 2, 3, 0, 0, 0, 0], [0, 0, 5, 0, 0, 0, 0, 0], [0, 0, 4, 0, 0, 0, 0, 0]]",2.994
153,0.01,6,"[[1.32, 1.79, 4.74, 6.52, 9.55, 1.49, 3.36], [2.67, 2.3, 3.39, 7.85, 3.89, 7.4, 8.55], [4.18, 0.46, 4.32, 2.27, 3.18, 8.62, 2.94], [6.02, 2.09, 4.16, 3.95, 2.34, 3.36, 2.27]]",5.0,8.62,8,"[0.16, 0.11, 0.34, 0.39]","[[0, 0, 0, 0, 0, 0, 13, 0], [0, 0, 0, 0, 0, 0, 14, 0], [0, 8, 9, 10, 11, 0, 12, 0], [0, 1, 2, 3, 4, 5, 6, 7]]",2.994
154,0.01,5,"[[4.41, 7.98, 5.03, 0.94, 6.07, 7.96, 3.08], [7.18, 6.38, 1.11, 4.77, 7.21, 4.82, 4.9], [5.63, 7.2, 7.79, 1.19, 2.56, 6.05, 3.13], [2.67, 2.05, 5.91, 4.15, 9.55, 4.46, 9.22]]",5.0,9.55,8,"[0.04, 0.02, 0.05, 0.89]","[[0, 0, 0, 0, 0, 9, 0, 0], [0, 0, 0, 0, 0, 8, 0, 0], [0, 0, 0, 0, 0, 7, 0, 0], [0, 1, 2, 3, 4, 5, 6, 0]]",2.994
155,0.01,3,"[[7.04, 7.27, 1.99, 4.87, 6.53, 6.34, 1.47], [5.29, 2.16, 9.06, 4.67, 7.92, 5.41, 7.56], [6.95, 5.35, 1.7, 4.81, 6.84, 1.21, 8.92], [6.63, 5.53, 4.35, 1.42, 5.69, 5.92, 4.12]]",5.0,9.06,8,"[0.07, 0.87, 0.03, 0.03]","[[0, 0, 0, 4, 0, 11, 0, 14], [0, 1, 2, 3, 5, 6, 7, 8], [0, 0, 0, 9, 0, 12, 0, 15], [0, 0, 0, 10, 0, 13, 0, 16]]",2.994
156,0.01,2,"[[1.92, 6.77, 0.18, 0.58, 7.09, 4.34, 4.61], [2.63, 2.6, 4.89, 2.52, 8.42, 2.23, 4.37], [6.54, 7.27, 4.71, 3.86, 8.83, 4.81, 5.31], [5.47, 8.91, 3.37, 8.65, 6.85, 1.47, 5.12]]",5.0,8.91,8,"[0.31, 0.2, 0.17, 0.32]","[[0, 0, 5, 0, 0, 0, 0, 0], [0, 0, 3, 0, 8, 0, 0, 0], [0, 0, 4, 0, 9, 0, 0, 0], [0, 1, 2, 6, 7, 0, 0, 0]]",2.994
157,0.01,3,"[[6.19, 1.85, 1.16, 4.28, 2.66, 3.25, 7.93], [4.16, 3.03, 5.34, 3.93, 5.82, 4.05, 2.14], [6.53, 8.89, 6.73, 7.28, 2.75, 0.6, 4.09], [4.95, 6.55, 6.81, 6.9, 1.07, 2.2, 5.26]]",5.0,1.16,8,"[0.03, 0.86, 0.04, 0.07]","[[0, 0, 0, 10, 0, 0, 0, 0], [0, 1, 2, 3, 4, 5, 6, 7], [0, 0, 0, 8, 0, 0, 0, 0], [0, 0, 0, 9, 0, 0, 0, 0]]",2.994
158,0.01,2,"[[3.95, 8.96, 8.28, 6.18, 7.02, 4.65, 4.21], [7.39, 4.82, 4.44, 1.73, 7.35, 9.66, 2.04], [6.67, 2.62, 2.43, 7.24, 6.32, 7.33, 5.82], [4.75, 4.96, 2.68, 1.71, 6.22, 1.58, 9.11]]",5.0,4.82,8,"[0.25, 0.24, 0.28, 0.23]","[[0, 0, 14, 0, 0, 0, 12, 0], [0, 3, 4, 5, 6, 7, 8, 9], [0, 0, 13, 0, 0, 0, 11, 0], [0, 1, 2, 0, 0, 0, 10, 0]]",2.994
159,0.01,4,"[[6.2, 4.19, 3.44, 8.27, 6.51, 4.65, 4.01], [2.89, 4.13, 4.82, 8.89, 9.25, 0.96, 6.04], [8.8, 2.84, 4.5, 4.81, 3.19, 0.46, 7.31], [5.12, 1.87, 1.91, 7.0, 2.08, 5.06, 2.86]]",5.0,4.81,8,"[0.15, 0.21, 0.3, 0.34]","[[0, 0, 0, 0, 7, 0, 0, 0], [0, 0, 0, 0, 6, 0, 0, 0], [0, 0, 0, 0, 5, 0, 0, 0], [0, 1, 2, 3, 4, 0, 0, 0]]",2.994
160,0.01,3,"[[3.25, 0.97, 8.64, 8.18, 2.13, 6.22, 0.77], [5.88, 7.57, 5.25, 3.43, 6.13, 3.52, 3.61], [5.54, 4.65, 8.68, 9.8, 7.31, 3.42, 4.37], [7.14, 2.83, 7.59, 3.91, 6.6, 1.41, 1.96]]",5.0,7.59,9,"[0.06, 0.03, 0.01, 0.9]","[[0, 9, 8, 7, 6, 5, 3, 4], [0, 10, 0, 0, 11, 0, 12, 0], [0, 0, 0, 0, 0, 0, 0, 0], [0, 0, 0, 13, 0, 0, 2, 1]]",2.994
161,0.01,7,"[[0.94, 9.58, 9.58, 1.68, 3.99, 3.26, 9.98], [7.2, 6.69, 3.6, 6.35, 1.28, 0.52, 9.84], [4.59, 4.33, 3.41, 2.69, 0.89, 3.28, 2.91], [7.61, 5.48, 8.81, 6.78, 0.6, 7.91, 3.87]]",5.0,9.84,9,"[0.01, 0.89, 0.08, 0.02]","[[0, 0, 0, 0, 0, 0, 0, 9], [0, 3, 4, 5, 6, 2, 7, 8], [0, 0, 0, 0, 0, 0, 0, 10], [0, 0, 0, 0, 0, 0, 0, 1]]",2.994
162,0.01,2,"[[8.51, 2.86, 5.22, 3.29, 7.8, 7.12, 2.91], [7.85, 5.63, 4.76, 5.73, 4.36, 4.99, 0.21], [1.1, 2.64, 4.86, 7.57, 7.15, 0.31, 2.34], [6.38, 5.91, 3.08, 6.0, 7.58, 3.85, 6.26]]",5.0,5.91,9,"[0.19, 0.32, 0.23, 0.26]","[[0, 10, 0, 0, 0, 0, 2, 1], [0, 7, 6, 5, 4, 3, 0, 0], [0, 8, 11, 0, 0, 0, 0, 0], [0, 9, 12, 0, 0, 0, 0, 0]]",2.994
163,0.01,5,"[[5.16, 3.84, 2.97, 6.89, 7.92, 3.02, 6.81], [6.93, 3.64, 5.33, 8.47, 3.82, 8.88, 7.83], [4.51, 5.38, 9.21, 3.79, 4.77, 9.29, 4.59], [3.55, 8.48, 4.66, 2.28, 3.95, 2.95, 5.67]]",5.0,7.92,9,"[0.86, 0.08, 0.05, 0.01]","[[0, 1, 2, 3, 4, 5, 6, 7], [0, 0, 0, 0, 0, 8, 0, 0], [0, 0, 0, 0, 0, 9, 0, 0], [0, 0, 0, 0, 0, 10, 0, 0]]",2.994
164,0.01,5,"[[5.77, 3.99, 6.61, 4.81, 8.16, 4.87, 2.84], [5.38, 5.12, 5.88, 4.67, 7.45, 7.64, 1.41], [2.86, 1.79, 4.9, 7.89, 6.3, 3.05, 5.2], [5.28, 6.58, 1.34, 2.2, 4.69, 6.92, 5.01]]",5.0,6.3,9,"[0.34, 0.23, 0.11, 0.32]","[[0, 1, 2, 3, 4, 5, 6, 7], [0, 0, 0, 0, 0, 0, 0, 0], [0, 0, 0, 0, 0, 0, 0, 0], [0, 8, 9, 11, 12, 10, 13, 14]]",2.994
165,0.01,5,"[[4.36, 8.7, 5.94, 4.41, 8.37, 5.83, 0.58], [9.58, 2.24, 8.49, 4.24, 4.63, 4.53, 5.29], [6.08, 4.31, 5.59, 3.3, 3.91, 4.21, 4.74], [9.25, 5.33, 1.67, 7.75, 5.64, 2.81, 3.02]]",5.0,8.37,9,"[0.31, 0.27, 0.14, 0.28]","[[0, 1, 2, 3, 4, 5, 6, 7], [0, 0, 10, 0, 0, 8, 0, 0], [0, 0, 0, 0, 0, 0, 0, 0], [0, 0, 11, 0, 0, 9, 0, 0]]",2.994
166,0.01,6,"[[2.65, 1.66, 4.12, 6.28, 3.9, 4.24, 8.17], [4.84, 2.23, 5.57, 7.45, 3.35, 5.55, 3.39], [6.15, 3.53, 5.47, 2.82, 6.99, 9.09, 0.79], [2.47, 2.31, 1.36, 3.11, 4.52, 5.21, 3.31]]",5.0,5.21,9,"[0.01, 0.06, 0.02, 0.91]","[[0, 0, 0, 0, 0, 0, 0, 0], [0, 0, 0, 0, 0, 0, 0, 0], [0, 0, 0, 0, 0, 0, 0, 0], [0, 1, 2, 3, 4, 5, 6, 7]]",2.994
167,0.01,2,"[[5.12, 1.51, 5.2, 6.71, 2.69, 8.45, 7.56], [1.26, 6.81, 6.02, 6.85, 3.83, 2.04, 5.15], [0.77, 1.29, 6.67, 1.6, 1.63, 0.54, 0.89], [4.2, 5.58, 3.29, 3.97, 3.54, 6.37, 4.95]]",5.0,1.51,9,"[0.21, 0.27, 0.19, 0.33]","[[0, 0, 0, 0, 0, 0, 0, 0], [0, 0, 8, 0, 0, 0, 9, 0], [0, 0, 0, 0, 0, 0, 0, 0], [0, 1, 2, 3, 4, 5, 6, 7]]",2.994
168,0.01,4,"[[3.54, 3.18, 6.26, 3.39, 3.52, 5.47, 1.42], [3.13, 1.91, 7.14, 3.81, 4.58, 6.9, 8.39], [7.48, 1.27, 5.41, 7.63, 6.12, 1.81, 6.34], [6.09, 3.7, 4.25, 4.91, 0.8, 7.46, 7.59]]",5.0,7.63,9,"[0.04, 0.07, 0.88, 0.01]","[[0, 0, 0, 0, 0, 0, 0, 0], [0, 0, 0, 0, 0, 0, 0, 0], [0, 1, 2, 3, 4, 5, 6, 7], [0, 0, 0, 0, 0, 0, 0, 0]]",2.994
169,0.01,4,"[[6.38, 4.4, 2.78, 4.02, 3.28, 4.56, 6.79], [6.89, 5.4, 5.87, 9.63, 0.42, 4.93, 4.29], [2.96, 2.23, 8.29, 4.74, 3.72, 2.39, 0.86], [5.36, 5.18, 6.28, 1.08, 2.81, 5.95, 9.65]]",5.0,9.63,9,"[0.2, 0.38, 0.3, 0.12]","[[0, 0, 0, 8, 9, 0, 0, 0], [0, 1, 2, 3, 4, 5, 6, 7], [0, 0, 0, 0, 0, 0, 0, 0], [0, 0, 0, 0, 10, 0, 0, 0]]",2.994
170,0.01,4,"[[0.04, 0.14, 0.09, 0.06, 0.18, 0.1, 0.07], [0.09, 0.13, 0.01, 0.23, 0.07, 0.19, 0.05], [0.08, 0.2, 0.08, 0.21, 0.07, 0.04, 0.22], [0.12, 0.1, 0.09, 0.18, 0.18, 0.04, 0.15]]",0.13,0.18,9,"[0.05, 0.03, 0.07, 0.85]","[[0, 0, 0, 0, 0, 0, 0, 0], [0, 0, 0, 0, 8, 11, 0, 0], [0, 0, 0, 0, 9, 10, 0, 0], [0, 1, 2, 3, 4, 5, 6, 7]]",0.072
171,0.01,3,"[[0.15, 0.08, 0.16, 0.16, 0.12, 0.04, 0.13], [0.17, 0.17, 0.2, 0.1, 0.06, 0.16, 0.12], [0.04, 0.25, 0.2, 0.11, 0.04, 0.11, 0.24], [0.15, 0.14, 0.05, 0.11, 0.22, 0.22, 0.2]]",0.13,0.2,9,"[0.01, 0.89, 0.09, 0.01]","[[0, 0, 0, 0, 0, 0, 0, 0], [0, 1, 2, 3, 4, 5, 6, 7], [0, 0, 0, 0, 0, 0, 0, 0], [0, 0, 0, 0, 0, 0, 0, 0]]",0.072
172,0.01,7,"[[0.16, 0.21, 0.19, 0.12, 0.21, 0.05, 0.2], [0.14, 0.1, 0.04, 0.07, 0.08, 0.16, 0.22], [0.03, 0.17, 0.22, 0.13, 0.04, 0.22, 0.12], [0.16, 0.14, 0.16, 0.16, 0.18, 0.13, 0.14]]",0.13,0.22,9,"[0.06, 0.89, 0.04, 0.01]","[[0, 0, 0, 0, 0, 0, 0, 0], [0, 1, 2, 3, 4, 7, 5, 6], [0, 0, 0, 0, 0, 0, 0, 0], [0, 0, 0, 0, 0, 0, 0, 0]]",0.072
173,0.01,5,"[[0.05, 0.08, 0.17, 0.15, 0.22, 0.07, 0.07], [0.06, 0.1, 0.12, 0.11, 0.19, 0.16, 0.05], [0.19, 0.16, 0.13, 0.06, 0.18, 0.04, 0.24], [0.15, 0.24, 0.11, 0.13, 0.14, 0.03, 0.01]]",0.13,0.22,9,"[0.86, 0.01, 0.05, 0.08]","[[0, 1, 3, 2, 4, 5, 6, 7], [0, 0, 0, 0, 0, 0, 0, 0], [0, 0, 0, 0, 0, 0, 0, 0], [0, 0, 0, 0, 0, 0, 0, 0]]",0.072
174,0.01,2,"[[0.02, 0.18, 0.09, 0.13, 0.07, 0.12, 0.08], [0.15, 0.12, 0.24, 0.14, 0.1, 0.01, 0.14], [0.2, 0.14, 0.24, 0.13, 0.22, 0.23, 0.18], [0.11, 0.21, 0.18, 0.07, 0.12, 0.14, 0.14]]",0.13,0.21,9,"[0.85, 0.02, 0.03, 0.1]","[[0, 1, 2, 3, 4, 5, 6, 7], [0, 0, 0, 0, 0, 0, 0, 0], [0, 0, 0, 0, 0, 0, 0, 0], [0, 0, 0, 0, 0, 0, 0, 0]]",0.072
175,0.01,1,"[[0.22, 0.12, 0.18, 0.2, 0.04, 0.04, 0.16], [0.19, 0.18, 0.17, 0.17, 0.18, 0.2, 0.15], [0.03, 0.13, 0.18, 0.12, 0.17, 0.16, 0.08], [0.21, 0.09, 0.16, 0.11, 0.25, 0.1, 0.16]]",0.13,0.21,9,"[0.34, 0.12, 0.22, 0.32]","[[0, 1, 2, 3, 4, 5, 6, 7], [0, 0, 0, 0, 0, 0, 0, 0], [0, 0, 0, 0, 0, 0, 0, 0], [0, 0, 0, 0, 0, 0, 0, 0]]",0.072
176,0.01,5,"[[0.11, 0.22, 0.08, 0.2, 0.14, 0.03, 0.13], [0.17, 0.02, 0.02, 0.09, 0.21, 0.16, 0.15], [0.09, 0.18, 0.16, 0.17, 0.05, 0.09, 0.1], [0.18, 0.05, 0.09, 0.19, 0.24, 0.18, 0.12]]",0.13,0.21,9,"[0.33, 0.18, 0.11, 0.38]","[[0, 0, 0, 0, 0, 0, 0, 0], [0, 0, 0, 0, 0, 0, 0, 0], [0, 0, 0, 0, 0, 0, 0, 0], [0, 1, 2, 3, 4, 5, 6, 7]]",0.072
177,0.01,3,"[[0.2, 0.14, 0.16, 0.12, 0.21, 0.18, 0.23], [0.06, 0.09, 0.16, 0.16, 0.14, 0.12, 0.15], [0.23, 0.08, 0.17, 0.11, 0.04, 0.14, 0.15], [0.06, 0.12, 0.16, 0.23, 0.08, 0.11, 0.15]]",0.13,0.16,9,"[0.33, 0.18, 0.11, 0.38]","[[0, 0, 0, 0, 0, 0, 0, 0], [0, 0, 0, 0, 0, 0, 0, 0], [0, 0, 0, 0, 0, 0, 0, 0], [0, 1, 2, 3, 4, 5, 0, 0]]",0.072
178,0.01,2,"[[0.08, 0.08, 0.03, 0.08, 0.06, 0.11, 0.11], [0.21, 0.12, 0.16, 0.16, 0.17, 0.12, 0.08], [0.24, 0.22, 0.1, 0.12, 0.06, 0.2, 0.05], [0.13, 0.19, 0.1, 0.18, 0.14, 0.09, 0.16]]",0.13,0.19,9,"[0.12, 0.34, 0.21, 0.33]","[[0, 0, 0, 0, 0, 0, 0, 0], [0, 0, 0, 0, 0, 0, 0, 0], [0, 0, 0, 0, 0, 0, 0, 0], [0, 1, 2, 3, 4, 5, 6, 7]]",0.072
179,0.01,7,"[[0.11, 0.06, 0.11, 0.08, 0.17, 0.11, 0.11], [0.14, 0.12, 0.06, 0.14, 0.09, 0.14, 0.12], [0.04, 0.15, 0.09, 0.13, 0.15, 0.18, 0.21], [0.1, 0.08, 0.17, 0.08, 0.19, 0.13, 0.19]]",0.13,0.19,9,"[0.26, 0.2, 0.27, 0.27]","[[0, 0, 0, 0, 0, 0, 0, 0], [0, 0, 0, 0, 0, 0, 0, 0], [0, 0, 0, 0, 0, 0, 0, 0], [0, 1, 2, 3, 4, 5, 6, 7]]",0.072
180,0.01,7,"[[0.17, 0.04, 0.18, 0.09, 0.04, 0.16, 0.22], [0.22, 0.14, 0.04, 0.11, 0.04, 0.23, 0.13], [0.09, 0.1, 0.01, 0.06, 0.15, 0.17, 0.05], [0.04, 0.06, 0.1, 0.03, 0.1, 0.03, 0.15]]",0.13,0.15,10,"[0.35, 0.15, 0.13, 0.37]","[[0, 0, 0, 0, 0, 0, 0, 5], [0, 0, 0, 0, 3, 0, 0, 0], [0, 0, 0, 0, 0, 0, 4, 0], [0, 1, 0, 2, 0, 0, 0, 0]]",0.072
181,0.01,1,"[[0.11, 0.13, 0.2, 0.15, 0.12, 0.07, 0.12], [0.17, 0.14, 0.08, 0.03, 0.14, 0.12, 0.21], [0.15, 0.05, 0.06, 0.08, 0.07, 0.16, 0.13], [0.11, 0.11, 0.13, 0.18, 0.08, 0.12, 0.15]]",0.13,0.15,10,"[0.11, 0.38, 0.34, 0.17]","[[0, 0, 0, 0, 0, 3, 0, 5], [0, 1, 0, 0, 0, 0, 0, 0], [0, 0, 0, 2, 0, 0, 0, 6], [0, 0, 0, 0, 0, 0, 4, 0]]",0.072
182,0.01,7,"[[0.15, 0.2, 0.21, 0.14, 0.15, 0.21, 0.2], [0.1, 0.12, 0.15, 0.05, 0.19, 0.19, 0.19], [0.2, 0.18, 0.22, 0.07, 0.23, 0.17, 0.15], [0.25, 0.17, 0.14, 0.07, 0.06, 0.14, 0.21]]",0.13,0.2,10,"[0.33, 0.32, 0.13, 0.22]","[[0, 1, 0, 0, 0, 3, 0, 5], [0, 0, 0, 2, 0, 0, 4, 0], [0, 0, 0, 0, 0, 0, 0, 6], [0, 0, 0, 0, 0, 0, 0, 0]]",0.072
183,0.01,3,"[[0.02, 0.1, 0.05, 0.19, 0.09, 0.05, 0.06], [0.03, 0.12, 0.22, 0.08, 0.02, 0.07, 0.12], [0.18, 0.19, 0.1, 0.18, 0.18, 0.13, 0.15], [0.08, 0.17, 0.23, 0.11, 0.13, 0.16, 0.07]]",0.13,0.1,10,"[0.06, 0.06, 0.03, 0.85]","[[0, 1, 0, 0, 0, 0, 0, 0], [0, 0, 0, 0, 0, 0, 0, 0], [0, 0, 0, 0, 0, 0, 0, 0], [0, 2, 8, 7, 3, 5, 4, 6]]",0.072
184,0.01,7,"[[0.04, 0.14, 0.09, 0.06, 0.18, 0.1, 0.07], [0.09, 0.13, 0.01, 0.23, 0.07, 0.19, 0.05], [0.08, 0.2, 0.08, 0.21, 0.07, 0.04, 0.22], [0.12, 0.1, 0.09, 0.18, 0.18, 0.04, 0.15]]",0.13,0.15,10,"[0.05, 0.03, 0.07, 0.85]","[[0, 0, 0, 0, 0, 0, 0, 0], [0, 0, 0, 0, 0, 1, 0, 0], [0, 0, 0, 2, 0, 0, 0, 4], [0, 0, 3, 0, 0, 0, 0, 5]]",0.072
185,0.01,2,"[[0.01, 0.19, 0.1, 0.03, 0.13, 0.15, 0.13], [0.17, 0.18, 0.07, 0.17, 0.17, 0.12, 0.12], [0.11, 0.17, 0.18, 0.22, 0.08, 0.06, 0.07], [0.12, 0.02, 0.07, 0.16, 0.17, 0.14, 0.04]]",0.13,0.18,10,"[0.3, 0.29, 0.13, 0.28]","[[0, 1, 22, 21, 14, 6, 10, 2], [0, 25, 23, 19, 15, 7, 11, 3], [0, 27, 24, 18, 17, 8, 12, 4], [0, 26, 28, 20, 16, 9, 13, 5]]",0.072
186,0.01,5,"[[0.08, 0.23, 0.11, 0.15, 0.14, 0.16, 0.07], [0.19, 0.17, 0.09, 0.16, 0.14, 0.09, 0.03], [0.13, 0.11, 0.24, 0.17, 0.14, 0.06, 0.15], [0.09, 0.17, 0.09, 0.17, 0.19, 0.1, 0.17]]",0.13,0.19,10,"[0.01, 0.02, 0.11, 0.86]","[[0, 0, 0, 0, 0, 3, 0, 0], [0, 0, 0, 0, 0, 4, 0, 0], [0, 0, 0, 0, 0, 5, 0, 0], [0, 0, 0, 1, 0, 2, 0, 0]]",0.072
187,0.01,6,"[[0.07, 0.16, 0.11, 0.2, 0.2, 0.19, 0.16], [0.15, 0.22, 0.24, 0.17, 0.18, 0.12, 0.12], [0.11, 0.16, 0.11, 0.12, 0.21, 0.06, 0.16], [0.17, 0.22, 0.15, 0.11, 0.24, 0.11, 0.17]]",0.13,0.11,10,"[0.09, 0.03, 0.01, 0.87]","[[0, 0, 0, 0, 0, 0, 4, 0], [0, 0, 0, 0, 0, 0, 3, 0], [0, 0, 0, 0, 0, 0, 2, 0], [0, 0, 0, 0, 0, 0, 1, 0]]",0.072
188,0.01,3,"[[0.06, 0.11, 0.17, 0.23, 0.15, 0.14, 0.21], [0.16, 0.17, 0.08, 0.04, 0.07, 0.21, 0.12], [0.2, 0.19, 0.13, 0.12, 0.17, 0.2, 0.16], [0.1, 0.1, 0.12, 0.16, 0.01, 0.17, 0.09]]",0.13,0.13,10,"[0.23, 0.25, 0.3, 0.22]","[[0, 2, 0, 0, 0, 0, 0, 0], [0, 3, 0, 0, 0, 0, 0, 0], [0, 1, 0, 0, 0, 0, 0, 0], [0, 4, 0, 0, 0, 0, 0, 0]]",0.072
189,0.01,2,"[[0.15, 0.08, 0.15, 0.12, 0.15, 0.08, 0.22], [0.12, 0.2, 0.22, 0.16, 0.25, 0.12, 0.11], [0.19, 0.22, 0.15, 0.08, 0.12, 0.14, 0.2], [0.21, 0.16, 0.09, 0.16, 0.22, 0.15, 0.19]]",0.13,0.22,10,"[0.05, 0.07, 0.86, 0.02]","[[0, 0, 9, 8, 4, 0, 0, 0], [0, 0, 12, 7, 3, 0, 0, 0], [0, 0, 10, 6, 1, 0, 0, 0], [0, 0, 11, 5, 2, 0, 0, 0]]",0.072
190,0.01,3,"[[2.09, 7.52, 9.74, 6.72, 2.88, 5.9, 5.87], [6.25, 4.49, 6.66, 2.68, 2.62, 7.58, 4.86], [0.33, 4.49, 3.44, 6.0, 4.73, 0.87, 2.63], [7.63, 1.46, 3.24, 5.72, 7.53, 7.25, 3.01]]",5.0,3.44,10,"[0.34, 0.23, 0.2, 0.23]","[[0, 1, 2, 3, 16, 17, 23, 24], [0, 8, 7, 4, 15, 18, 28, 25], [0, 10, 9, 5, 14, 19, 22, 26], [0, 11, 13, 6, 12, 20, 21, 27]]",2.994
191,0.01,4,"[[3.74, 4.35, 1.03, 5.02, 2.48, 7.72, 3.91], [9.52, 3.82, 4.46, 2.55, 5.65, 6.25, 0.76], [2.96, 5.49, 2.32, 7.63, 0.35, 8.21, 6.51], [4.09, 2.1, 9.56, 8.08, 0.89, 1.16, 4.1]]",5.0,8.08,10,"[0.04, 0.08, 0.02, 0.86]","[[0, 1, 19, 14, 16, 20, 24, 25], [0, 2, 7, 15, 17, 21, 26, 27], [0, 3, 6, 13, 18, 22, 23, 28], [0, 4, 5, 8, 9, 10, 11, 12]]",2.994
192,0.01,4,"[[5.11, 2.17, 0.1, 9.47, 2.73, 6.4, 3.36], [4.31, 7.26, 6.36, 8.48, 2.98, 4.68, 5.77], [8.38, 2.0, 6.14, 7.53, 4.7, 1.99, 1.53], [7.09, 5.94, 3.03, 5.37, 2.51, 3.9, 2.79]]",5.0,7.53,10,"[0.31, 0.35, 0.15, 0.19]","[[0, 14, 13, 12, 11, 9, 8, 10], [0, 1, 2, 3, 4, 5, 6, 7], [0, 15, 16, 20, 24, 23, 25, 27], [0, 18, 17, 19, 21, 22, 26, 28]]",2.994
193,0.01,1,"[[4.36, 8.7, 5.94, 4.41, 8.37, 5.83, 0.58], [9.58, 2.24, 8.49, 4.24, 4.63, 4.53, 5.29], [6.08, 4.31, 5.59, 3.3, 3.91, 4.21, 4.74], [9.25, 5.33, 1.67, 7.75, 5.64, 2.81, 3.02]]",5.0,4.36,10,"[0.31, 0.27, 0.14, 0.28]","[[0, 1, 2, 3, 4, 5, 6, 7], [0, 13, 8, 0, 0, 0, 0, 0], [0, 12, 9, 0, 0, 0, 0, 0], [0, 11, 10, 0, 0, 0, 0, 0]]",2.994
194,0.01,1,"[[7.32, 4.38, 4.99, 7.76, 5.0, 5.94, 2.36], [8.4, 3.61, 8.45, 4.23, 7.02, 4.36, 9.23], [1.69, 3.23, 3.54, 3.86, 3.72, 2.06, 0.61], [7.94, 7.02, 6.73, 4.28, 8.5, 0.13, 2.63]]",5.0,7.32,10,"[0.85, 0.03, 0.11, 0.01]","[[0, 1, 2, 3, 4, 5, 6, 7], [0, 8, 0, 0, 11, 0, 14, 0], [0, 9, 0, 0, 12, 0, 15, 0], [0, 10, 0, 0, 13, 0, 16, 0]]",2.994
195,0.01,4,"[[5.63, 2.91, 6.84, 6.5, 2.65, 5.91, 4.09], [5.16, 0.83, 2.41, 5.99, 6.15, 3.67, 6.12], [5.67, 9.08, 3.93, 7.57, 5.62, 2.51, 2.61], [4.59, 1.2, 4.42, 1.16, 8.17, 8.27, 1.11]]",5.0,7.57,10,"[0.14, 0.34, 0.35, 0.17]","[[0, 1, 10, 15, 16, 20, 21, 27], [0, 2, 4, 5, 8, 19, 22, 26], [0, 3, 7, 6, 12, 18, 28, 25], [0, 11, 9, 14, 13, 17, 23, 24]]",2.994
196,0.01,5,"[[3.89, 7.03, 1.42, 3.85, 5.57, 3.85, 2.09], [1.42, 3.42, 3.49, 1.78, 8.76, 8.52, 6.88], [3.98, 7.53, 6.94, 2.68, 5.16, 4.6, 0.82], [7.43, 7.31, 6.36, 5.75, 9.0, 9.88, 3.78]]",5.0,5.57,10,"[0.86, 0.01, 0.02, 0.11]","[[0, 1, 2, 3, 4, 5, 6, 7], [0, 0, 8, 11, 0, 14, 0, 0], [0, 0, 9, 12, 0, 15, 0, 0], [0, 0, 10, 13, 0, 16, 0, 0]]",2.994
197,0.01,5,"[[0.95, 2.78, 3.25, 5.38, 7.09, 3.77, 4.83], [7.13, 8.96, 5.39, 2.27, 8.34, 7.96, 4.55], [9.77, 5.61, 8.97, 8.09, 6.52, 2.37, 9.08], [8.52, 1.84, 1.06, 3.62, 0.7, 3.27, 0.14]]",5.0,8.34,10,"[0.85, 0.07, 0.07, 0.01]","[[0, 1, 2, 3, 4, 5, 6, 7], [0, 0, 0, 0, 11, 8, 0, 0], [0, 0, 0, 0, 12, 9, 0, 0], [0, 0, 0, 0, 13, 10, 0, 0]]",2.994
198,0.01,4,"[[3.54, 3.18, 6.26, 3.39, 3.52, 5.47, 1.42], [3.13, 1.91, 7.14, 3.81, 4.58, 6.9, 8.39], [7.48, 1.27, 5.41, 7.63, 6.12, 1.81, 6.34], [6.09, 3.7, 4.25, 4.91, 0.8, 7.46, 7.59]]",5.0,7.63,10,"[0.04, 0.07, 0.88, 0.01]","[[0, 13, 0, 0, 10, 0, 0, 0], [0, 12, 0, 0, 9, 0, 0, 0], [0, 1, 3, 2, 4, 5, 6, 7], [0, 11, 0, 0, 8, 0, 0, 0]]",2.994
199,0.01,6,"[[1.89, 1.68, 4.82, 0.64, 6.72, 5.82, 3.47], [2.81, 5.64, 4.93, 5.88, 1.19, 6.58, 2.91], [6.88, 4.96, 4.06, 5.77, 1.03, 4.24, 5.62], [0.22, 1.89, 4.63, 5.2, 4.1, 3.36, 6.44]]",5.0,6.58,10,"[0.25, 0.26, 0.31, 0.18]","[[0, 9, 12, 19, 16, 20, 25, 26], [0, 8, 11, 15, 17, 21, 24, 27], [0, 1, 2, 3, 4, 5, 6, 7], [0, 10, 13, 14, 18, 22, 23, 28]]",2.994
200,0.0,4,"[[0.11, 0.18, 0.17, 0.05, 0.02, 0.11, 0.14], [0.16, 0.12, 0.11, 0.08, 0.11, 0.16, 0.08], [0.12, 0.16, 0.05, 0.23, 0.13, 0.08, 0.03], [0.17, 0.24, 0.1, 0.22, 0.06, 0.14, 0.05]]",0.13,0.23,11,"[0.01, 0.08, 0.86, 0.05]","[[0, 0, 0, 0, 0, 0, 0, 0], [0, 0, 0, 0, 8, 0, 0, 0], [0, 1, 2, 3, 4, 5, 6, 7], [0, 0, 0, 0, 0, 0, 0, 0]]",0.072
201,0.0,2,"[[0.16, 0.14, 0.08, 0.14, 0.11, 0.13, 0.09], [0.19, 0.11, 0.19, 0.08, 0.11, 0.19, 0.13], [0.21, 0.23, 0.11, 0.11, 0.1, 0.18, 0.03], [0.04, 0.14, 0.12, 0.13, 0.05, 0.04, 0.05]]",0.13,0.14,11,"[0.31, 0.22, 0.18, 0.29]","[[0, 1, 2, 3, 8, 9, 12, 13], [0, 21, 20, 18, 19, 17, 15, 16], [0, 22, 23, 24, 25, 26, 27, 28], [0, 4, 5, 6, 7, 10, 11, 14]]",0.072
202,0.0,5,"[[0.05, 0.17, 0.08, 0.07, 0.16, 0.13, 0.05], [0.1, 0.16, 0.24, 0.2, 0.19, 0.19, 0.23], [0.18, 0.13, 0.06, 0.19, 0.17, 0.21, 0.13], [0.16, 0.18, 0.2, 0.12, 0.19, 0.08, 0.19]]",0.13,0.16,11,"[0.85, 0.1, 0.02, 0.03]","[[0, 1, 2, 3, 4, 5, 6, 7], [0, 14, 13, 11, 12, 10, 9, 8], [0, 0, 0, 0, 0, 0, 0, 0], [0, 0, 0, 0, 0, 0, 0, 0]]",0.072
203,0.0,1,"[[0.14, 0.07, 0.05, 0.18, 0.03, 0.01, 0.18], [0.19, 0.23, 0.07, 0.1, 0.08, 0.19, 0.2], [0.17, 0.24, 0.03, 0.21, 0.19, 0.07, 0.21], [0.14, 0.09, 0.21, 0.08, 0.19, 0.05, 0.09]]",0.13,0.17,11,"[0.15, 0.26, 0.26, 0.33]","[[0, 28, 26, 27, 23, 24, 25, 22], [0, 15, 16, 17, 18, 19, 20, 21], [0, 14, 13, 12, 11, 10, 9, 8], [0, 1, 2, 3, 4, 5, 6, 7]]",0.072
204,0.0,2,"[[0.08, 0.23, 0.16, 0.14, 0.22, 0.12, 0.2], [0.17, 0.2, 0.03, 0.17, 0.21, 0.17, 0.07], [0.08, 0.2, 0.14, 0.22, 0.1, 0.13, 0.17], [0.07, 0.12, 0.01, 0.11, 0.05, 0.12, 0.17]]",0.13,0.23,11,"[0.86, 0.03, 0.04, 0.07]","[[0, 1, 2, 3, 4, 5, 6, 7], [0, 0, 22, 0, 0, 0, 0, 0], [0, 15, 16, 17, 18, 19, 21, 20], [0, 14, 13, 12, 11, 10, 9, 8]]",0.072
205,0.0,3,"[[0.15, 0.08, 0.16, 0.16, 0.12, 0.04, 0.13], [0.17, 0.17, 0.2, 0.1, 0.06, 0.16, 0.12], [0.04, 0.25, 0.2, 0.11, 0.04, 0.11, 0.24], [0.15, 0.14, 0.05, 0.11, 0.22, 0.22, 0.2]]",0.13,0.2,11,"[0.01, 0.89, 0.09, 0.01]","[[0, 0, 0, 0, 0, 0, 0, 0], [0, 1, 2, 3, 4, 5, 6, 7], [0, 8, 9, 10, 11, 12, 13, 14], [0, 0, 0, 0, 0, 0, 0, 0]]",0.072
206,0.0,5,"[[0.08, 0.23, 0.11, 0.15, 0.14, 0.16, 0.07], [0.19, 0.17, 0.09, 0.16, 0.14, 0.09, 0.03], [0.13, 0.11, 0.24, 0.17, 0.14, 0.06, 0.15], [0.09, 0.17, 0.09, 0.17, 0.19, 0.1, 0.17]]",0.13,0.19,11,"[0.01, 0.02, 0.11, 0.86]","[[0, 0, 0, 0, 0, 0, 0, 0], [0, 0, 0, 0, 0, 0, 0, 0], [0, 14, 13, 12, 11, 10, 9, 8], [0, 1, 2, 3, 4, 5, 6, 7]]",0.072
207,0.0,6,"[[0.06, 0.11, 0.17, 0.23, 0.15, 0.14, 0.21], [0.16, 0.17, 0.08, 0.04, 0.07, 0.21, 0.12], [0.2, 0.19, 0.13, 0.12, 0.17, 0.2, 0.16], [0.1, 0.1, 0.12, 0.16, 0.01, 0.17, 0.09]]",0.13,0.2,11,"[0.23, 0.25, 0.3, 0.22]","[[0, 27, 26, 23, 22, 21, 16, 17], [0, 28, 25, 24, 19, 20, 18, 15], [0, 2, 5, 3, 8, 9, 12, 13], [0, 1, 4, 6, 7, 10, 11, 14]]",0.072
208,0.0,7,"[[0.2, 0.14, 0.16, 0.12, 0.21, 0.18, 0.23], [0.06, 0.09, 0.16, 0.16, 0.14, 0.12, 0.15], [0.23, 0.08, 0.17, 0.11, 0.04, 0.14, 0.15], [0.06, 0.12, 0.16, 0.23, 0.08, 0.11, 0.15]]",0.13,0.15,11,"[0.33, 0.18, 0.11, 0.38]","[[0, 1, 2, 3, 4, 5, 6, 7], [0, 23, 22, 19, 15, 26, 27, 18], [0, 24, 20, 21, 16, 25, 28, 17], [0, 14, 13, 12, 11, 10, 9, 8]]",0.072
209,0.0,5,"[[0.11, 0.22, 0.08, 0.2, 0.14, 0.03, 0.13], [0.17, 0.02, 0.02, 0.09, 0.21, 0.16, 0.15], [0.09, 0.18, 0.16, 0.17, 0.05, 0.09, 0.1], [0.18, 0.05, 0.09, 0.19, 0.24, 0.18, 0.12]]",0.13,0.14,11,"[0.33, 0.18, 0.11, 0.38]","[[0, 1, 8, 9, 16, 17, 24, 25], [0, 2, 7, 10, 15, 18, 23, 26], [0, 3, 6, 11, 14, 19, 22, 27], [0, 4, 5, 12, 13, 20, 21, 28]]",0.072
210,0.0,3,"[[3.74, 4.35, 1.03, 5.02, 2.48, 7.72, 3.91], [9.52, 3.82, 4.46, 2.55, 5.65, 6.25, 0.76], [2.96, 5.49, 2.32, 7.63, 0.35, 8.21, 6.51], [4.09, 2.1, 9.56, 8.08, 0.89, 1.16, 4.1]]",5.0,9.56,11,"[0.04, 0.08, 0.02, 0.86]","[[0, 1, 0, 23, 0, 0, 0, 0], [0, 2, 21, 20, 22, 18, 19, 17], [0, 3, 6, 8, 9, 12, 13, 16], [0, 4, 5, 7, 10, 11, 14, 15]]",2.994
211,0.0,7,"[[8.39, 1.9, 3.96, 5.78, 2.24, 5.8, 4.1], [0.94, 5.02, 2.49, 5.54, 6.54, 4.33, 9.65], [7.94, 7.8, 4.1, 9.82, 1.59, 4.84, 8.58], [8.96, 7.49, 1.94, 3.92, 0.76, 2.82, 6.17]]",5.0,9.65,11,"[0.11, 0.85, 0.02, 0.02]","[[0, 0, 0, 0, 0, 13, 0, 8], [0, 1, 2, 3, 4, 5, 7, 6], [0, 0, 0, 0, 0, 11, 0, 10], [0, 0, 0, 0, 0, 12, 0, 9]]",2.994
212,0.0,5,"[[7.74, 3.22, 6.43, 3.71, 7.81, 4.87, 5.0], [6.79, 7.24, 2.38, 4.86, 3.87, 6.17, 4.92], [3.15, 9.58, 2.44, 5.2, 8.45, 2.58, 2.29], [4.2, 1.81, 5.9, 9.47, 8.69, 2.45, 6.94]]",5.0,7.81,11,"[0.15, 0.38, 0.14, 0.33]","[[0, 15, 16, 17, 18, 19, 21, 20], [0, 1, 2, 3, 4, 5, 6, 7], [0, 28, 27, 26, 25, 24, 23, 22], [0, 14, 13, 12, 11, 10, 9, 8]]",2.994
213,0.0,1,"[[1.63, 4.7, 3.32, 2.64, 8.47, 3.24, 4.54], [8.67, 5.47, 1.74, 1.77, 1.06, 7.43, 3.25], [4.05, 4.33, 1.96, 6.68, 6.28, 9.52, 7.64], [3.95, 5.24, 1.85, 2.91, 0.64, 2.21, 1.85]]",5.0,8.67,11,"[0.05, 0.89, 0.05, 0.01]","[[0, 21, 20, 19, 18, 17, 16, 15], [0, 1, 3, 4, 5, 6, 7, 8], [0, 10, 9, 2, 11, 12, 13, 14], [0, 0, 0, 0, 0, 0, 0, 0]]",2.994
214,0.0,3,"[[5.12, 1.51, 5.2, 6.71, 2.69, 8.45, 7.56], [1.26, 6.81, 6.02, 6.85, 3.83, 2.04, 5.15], [0.77, 1.29, 6.67, 1.6, 1.63, 0.54, 0.89], [4.2, 5.58, 3.29, 3.97, 3.54, 6.37, 4.95]]",5.0,5.2,11,"[0.21, 0.27, 0.19, 0.33]","[[0, 14, 13, 12, 11, 10, 9, 8], [0, 15, 17, 16, 18, 19, 20, 21], [0, 28, 27, 26, 25, 24, 23, 22], [0, 1, 2, 3, 4, 5, 6, 7]]",2.994
215,0.0,4,"[[3.54, 3.18, 6.26, 3.39, 3.52, 5.47, 1.42], [3.13, 1.91, 7.14, 3.81, 4.58, 6.9, 8.39], [7.48, 1.27, 5.41, 7.63, 6.12, 1.81, 6.34], [6.09, 3.7, 4.25, 4.91, 0.8, 7.46, 7.59]]",5.0,7.63,11,"[0.04, 0.07, 0.88, 0.01]","[[0, 1, 2, 3, 5, 4, 14, 15], [0, 21, 19, 20, 18, 16, 17, 13], [0, 6, 7, 8, 9, 10, 11, 12], [0, 0, 0, 0, 0, 0, 0, 0]]",2.994
216,0.0,4,"[[6.2, 4.19, 3.44, 8.27, 6.51, 4.65, 4.01], [2.89, 4.13, 4.82, 8.89, 9.25, 0.96, 6.04], [8.8, 2.84, 4.5, 4.81, 3.19, 0.46, 7.31], [5.12, 1.87, 1.91, 7.0, 2.08, 5.06, 2.86]]",5.0,8.89,11,"[0.15, 0.21, 0.3, 0.34]","[[0, 26, 28, 23, 22, 19, 17, 18], [0, 27, 25, 24, 21, 20, 16, 15], [0, 2, 5, 6, 7, 10, 11, 14], [0, 1, 4, 3, 8, 9, 12, 13]]",2.994
217,0.0,5,"[[1.92, 6.77, 0.18, 0.58, 7.09, 4.34, 4.61], [2.63, 2.6, 4.89, 2.52, 8.42, 2.23, 4.37], [6.54, 7.27, 4.71, 3.86, 8.83, 4.81, 5.31], [5.47, 8.91, 3.37, 8.65, 6.85, 1.47, 5.12]]",5.0,6.85,11,"[0.31, 0.2, 0.17, 0.32]","[[0, 1, 3, 6, 7, 10, 11, 14], [0, 2, 4, 5, 8, 9, 12, 13], [0, 27, 26, 23, 22, 19, 18, 15], [0, 28, 25, 24, 21, 20, 17, 16]]",2.994
218,0.0,3,"[[3.25, 0.97, 8.64, 8.18, 2.13, 6.22, 0.77], [5.88, 7.57, 5.25, 3.43, 6.13, 3.52, 3.61], [5.54, 4.65, 8.68, 9.8, 7.31, 3.42, 4.37], [7.14, 2.83, 7.59, 3.91, 6.6, 1.41, 1.96]]",5.0,7.59,11,"[0.06, 0.03, 0.01, 0.9]","[[0, 12, 0, 10, 0, 16, 0, 0], [0, 11, 0, 9, 0, 15, 0, 0], [0, 13, 0, 8, 0, 14, 0, 0], [0, 1, 2, 3, 4, 5, 6, 7]]",2.994
219,0.0,3,"[[2.88, 2.6, 7.89, 4.77, 7.12, 4.23, 2.87], [3.29, 2.97, 3.82, 9.51, 9.45, 8.27, 5.42], [3.22, 3.81, 4.18, 2.52, 3.48, 3.16, 9.41], [1.89, 5.73, 6.1, 1.69, 4.58, 1.23, 3.5]]",5.0,7.89,11,"[0.2, 0.16, 0.26, 0.38]","[[0, 27, 22, 28, 18, 16, 13, 12], [0, 26, 23, 21, 17, 15, 14, 11], [0, 25, 24, 20, 19, 6, 7, 10], [0, 1, 2, 3, 4, 5, 8, 9]]",2.994
220,0.0,6,"[[4.41, 7.98, 5.03, 0.94, 6.07, 7.96, 3.08], [7.18, 6.38, 1.11, 4.77, 7.21, 4.82, 4.9], [5.63, 7.2, 7.79, 1.19, 2.56, 6.05, 3.13], [2.67, 2.05, 5.91, 4.15, 9.55, 4.46, 9.22]]",5.0,4.46,12,"[0.04, 0.02, 0.05, 0.89]","[[0, 1, 8, 9, 25, 13, 17, 24], [0, 3, 2, 26, 10, 14, 19, 18], [0, 4, 7, 27, 11, 15, 20, 21], [0, 5, 6, 28, 12, 16, 22, 23]]",2.994
221,0.0,2,"[[2.44, 7.36, 6.46, 5.15, 7.43, 1.32, 0.71], [3.96, 8.36, 4.6, 6.91, 2.69, 5.0, 1.64], [8.24, 5.23, 2.67, 1.92, 6.03, 2.88, 7.54], [1.43, 5.93, 6.77, 1.1, 3.47, 5.78, 6.1]]",5.0,8.36,12,"[0.02, 0.06, 0.89, 0.03]","[[0, 1, 4, 23, 0, 0, 21, 19], [0, 2, 3, 24, 0, 0, 22, 20], [0, 5, 8, 9, 11, 13, 15, 17], [0, 6, 7, 10, 12, 14, 16, 18]]",2.994
222,0.0,4,"[[2.67, 1.86, 1.79, 5.75, 3.59, 3.3, 1.49], [1.18, 8.77, 6.89, 4.16, 3.25, 3.0, 9.34], [1.75, 2.03, 4.01, 8.67, 5.48, 1.04, 6.3], [4.37, 0.5, 5.19, 4.46, 0.43, 0.13, 6.06]]",5.0,4.46,12,"[0.24, 0.23, 0.24, 0.29]","[[0, 1, 8, 9, 15, 17, 21, 25], [0, 3, 7, 10, 16, 18, 22, 26], [0, 2, 6, 11, 14, 19, 23, 27], [0, 4, 5, 12, 13, 20, 24, 28]]",2.994
223,0.0,5,"[[8.51, 2.86, 5.22, 3.29, 7.8, 7.12, 2.91], [7.85, 5.63, 4.76, 5.73, 4.36, 4.99, 0.21], [1.1, 2.64, 4.86, 7.57, 7.15, 0.31, 2.34], [6.38, 5.91, 3.08, 6.0, 7.58, 3.85, 6.26]]",5.0,4.36,12,"[0.19, 0.32, 0.23, 0.26]","[[0, 1, 8, 9, 16, 17, 21, 25], [0, 2, 7, 10, 15, 20, 22, 26], [0, 3, 6, 11, 14, 18, 23, 27], [0, 4, 5, 12, 13, 19, 24, 28]]",2.994
224,0.0,6,"[[3.55, 2.94, 0.08, 3.13, 2.15, 9.59, 4.77], [4.35, 5.83, 1.82, 2.79, 3.6, 4.35, 6.66], [4.91, 4.62, 9.06, 2.02, 4.04, 2.21, 7.62], [0.78, 5.9, 1.77, 4.45, 7.63, 4.39, 2.86]]",5.0,2.21,12,"[0.34, 0.11, 0.27, 0.28]","[[0, 1, 8, 9, 16, 17, 24, 25], [0, 2, 7, 10, 15, 18, 23, 26], [0, 3, 6, 11, 14, 19, 22, 27], [0, 4, 5, 12, 13, 20, 21, 28]]",2.994
225,0.0,5,"[[5.77, 3.99, 6.61, 4.81, 8.16, 4.87, 2.84], [5.38, 5.12, 5.88, 4.67, 7.45, 7.64, 1.41], [2.86, 1.79, 4.9, 7.89, 6.3, 3.05, 5.2], [5.28, 6.58, 1.34, 2.2, 4.69, 6.92, 5.01]]",5.0,4.69,12,"[0.34, 0.23, 0.11, 0.32]","[[0, 1, 8, 9, 16, 17, 24, 25], [0, 2, 7, 10, 15, 18, 23, 26], [0, 3, 6, 11, 14, 19, 22, 27], [0, 4, 5, 12, 13, 20, 21, 28]]",2.994
226,0.0,7,"[[8.39, 1.9, 3.96, 5.78, 2.24, 5.8, 4.1], [0.94, 5.02, 2.49, 5.54, 6.54, 4.33, 9.65], [7.94, 7.8, 4.1, 9.82, 1.59, 4.84, 8.58], [8.96, 7.49, 1.94, 3.92, 0.76, 2.82, 6.17]]",5.0,9.65,12,"[0.11, 0.85, 0.02, 0.02]","[[0, 1, 8, 9, 13, 17, 21, 25], [0, 2, 7, 10, 14, 18, 22, 26], [0, 3, 6, 11, 15, 19, 23, 27], [0, 4, 5, 12, 16, 20, 24, 28]]",2.994
227,0.0,1,"[[1.63, 4.7, 3.32, 2.64, 8.47, 3.24, 4.54], [8.67, 5.47, 1.74, 1.77, 1.06, 7.43, 3.25], [4.05, 4.33, 1.96, 6.68, 6.28, 9.52, 7.64], [3.95, 5.24, 1.85, 2.91, 0.64, 2.21, 1.85]]",5.0,8.67,12,"[0.05, 0.89, 0.05, 0.01]","[[0, 1, 8, 9, 16, 17, 24, 25], [0, 2, 7, 10, 15, 18, 23, 26], [0, 3, 6, 11, 14, 19, 22, 27], [0, 4, 5, 12, 13, 20, 21, 28]]",2.994
228,0.0,1,"[[3.74, 4.35, 1.03, 5.02, 2.48, 7.72, 3.91], [9.52, 3.82, 4.46, 2.55, 5.65, 6.25, 0.76], [2.96, 5.49, 2.32, 7.63, 0.35, 8.21, 6.51], [4.09, 2.1, 9.56, 8.08, 0.89, 1.16, 4.1]]",5.0,9.52,12,"[0.04, 0.08, 0.02, 0.86]","[[0, 1, 8, 9, 16, 17, 23, 25], [0, 2, 7, 10, 15, 18, 24, 26], [0, 3, 6, 11, 14, 19, 22, 27], [0, 4, 5, 12, 13, 20, 21, 28]]",2.994
229,0.0,5,"[[7.74, 3.22, 6.43, 3.71, 7.81, 4.87, 5.0], [6.79, 7.24, 2.38, 4.86, 3.87, 6.17, 4.92], [3.15, 9.58, 2.44, 5.2, 8.45, 2.58, 2.29], [4.2, 1.81, 5.9, 9.47, 8.69, 2.45, 6.94]]",5.0,3.87,12,"[0.15, 0.38, 0.14, 0.33]","[[0, 1, 8, 9, 16, 17, 24, 25], [0, 2, 7, 10, 15, 18, 23, 26], [0, 3, 6, 11, 14, 19, 22, 27], [0, 4, 5, 12, 13, 20, 21, 28]]",2.994
230,0.0,7,"[[0.17, 0.04, 0.18, 0.09, 0.04, 0.16, 0.22], [0.22, 0.14, 0.04, 0.11, 0.04, 0.23, 0.13], [0.09, 0.1, 0.01, 0.06, 0.15, 0.17, 0.05], [0.04, 0.06, 0.1, 0.03, 0.1, 0.03, 0.15]]",0.13,0.15,12,"[0.35, 0.15, 0.13, 0.37]","[[0, 1, 8, 9, 13, 20, 21, 28], [0, 2, 7, 10, 14, 19, 22, 27], [0, 3, 6, 11, 15, 18, 23, 26], [0, 4, 5, 12, 16, 17, 24, 25]]",0.072
231,0.0,2,"[[0.15, 0.08, 0.15, 0.12, 0.15, 0.08, 0.22], [0.12, 0.2, 0.22, 0.16, 0.25, 0.12, 0.11], [0.19, 0.22, 0.15, 0.08, 0.12, 0.14, 0.2], [0.21, 0.16, 0.09, 0.16, 0.22, 0.15, 0.19]]",0.13,0.22,12,"[0.05, 0.07, 0.86, 0.02]","[[0, 4, 5, 12, 13, 20, 21, 27], [0, 3, 6, 11, 14, 19, 22, 26], [0, 1, 7, 10, 15, 18, 23, 28], [0, 2, 8, 9, 16, 17, 24, 25]]",0.072
232,0.0,4,"[[0.12, 0.17, 0.14, 0.13, 0.11, 0.07, 0.23], [0.21, 0.03, 0.18, 0.17, 0.22, 0.07, 0.12], [0.06, 0.15, 0.14, 0.1, 0.11, 0.15, 0.22], [0.13, 0.03, 0.18, 0.17, 0.07, 0.25, 0.1]]",0.13,0.1,12,"[0.39, 0.18, 0.15, 0.28]","[[0, 1, 8, 9, 16, 17, 24, 25], [0, 2, 7, 10, 15, 18, 23, 26], [0, 3, 6, 11, 14, 19, 22, 27], [0, 4, 5, 12, 13, 20, 21, 28]]",0.072
233,0.0,5,"[[0.19, 0.09, 0.13, 0.2, 0.03, 0.17, 0.2], [0.08, 0.14, 0.18, 0.15, 0.19, 0.11, 0.07], [0.15, 0.06, 0.07, 0.11, 0.19, 0.02, 0.14], [0.12, 0.04, 0.06, 0.04, 0.06, 0.19, 0.09]]",0.13,0.19,12,"[0.02, 0.85, 0.05, 0.08]","[[0, 1, 8, 9, 16, 17, 21, 25], [0, 2, 7, 10, 15, 18, 22, 26], [0, 3, 6, 11, 14, 19, 23, 27], [0, 4, 5, 12, 13, 20, 24, 28]]",0.072
234,0.0,1,"[[0.06, 0.1, 0.22, 0.17, 0.09, 0.03, 0.08], [0.24, 0.07, 0.1, 0.11, 0.11, 0.15, 0.16], [0.04, 0.05, 0.2, 0.13, 0.03, 0.1, 0.19], [0.2, 0.09, 0.17, 0.15, 0.2, 0.1, 0.15]]",0.13,0.2,12,"[0.01, 0.1, 0.04, 0.85]","[[0, 1, 5, 9, 13, 17, 21, 25], [0, 2, 6, 10, 14, 18, 22, 27], [0, 3, 7, 11, 15, 19, 23, 26], [0, 4, 8, 12, 16, 20, 24, 28]]",0.072
235,0.0,7,"[[0.1, 0.1, 0.17, 0.08, 0.04, 0.09, 0.12], [0.18, 0.07, 0.12, 0.15, 0.14, 0.22, 0.18], [0.17, 0.02, 0.06, 0.16, 0.1, 0.2, 0.19], [0.23, 0.18, 0.17, 0.22, 0.21, 0.09, 0.19]]",0.13,0.18,12,"[0.21, 0.32, 0.34, 0.13]","[[0, 1, 5, 9, 13, 17, 21, 25], [0, 2, 6, 10, 14, 18, 22, 26], [0, 3, 7, 11, 15, 19, 23, 27], [0, 4, 8, 12, 16, 20, 24, 28]]",0.072
236,0.0,2,"[[0.02, 0.18, 0.09, 0.13, 0.07, 0.12, 0.08], [0.15, 0.12, 0.24, 0.14, 0.1, 0.01, 0.14], [0.2, 0.14, 0.24, 0.13, 0.22, 0.23, 0.18], [0.11, 0.21, 0.18, 0.07, 0.12, 0.14, 0.14]]",0.13,0.18,12,"[0.85, 0.02, 0.03, 0.1]","[[0, 1, 5, 9, 13, 17, 21, 24], [0, 2, 6, 10, 14, 18, 22, 25], [0, 3, 7, 11, 15, 19, 23, 26], [0, 4, 8, 12, 16, 20, 27, 28]]",0.072
237,0.0,4,"[[0.2, 0.21, 0.23, 0.23, 0.18, 0.14, 0.22], [0.2, 0.22, 0.22, 0.25, 0.05, 0.12, 0.09], [0.02, 0.05, 0.07, 0.23, 0.14, 0.19, 0.02], [0.12, 0.1, 0.13, 0.23, 0.18, 0.06, 0.24]]",0.13,0.23,12,"[0.08, 0.03, 0.87, 0.02]","[[0, 1, 5, 9, 13, 17, 21, 25], [0, 2, 6, 10, 14, 18, 22, 26], [0, 3, 7, 11, 15, 19, 23, 27], [0, 4, 8, 12, 16, 20, 24, 28]]",0.072
238,0.0,2,"[[0.14, 0.16, 0.16, 0.21, 0.14, 0.04, 0.08], [0.06, 0.2, 0.17, 0.04, 0.15, 0.07, 0.15], [0.13, 0.19, 0.14, 0.02, 0.08, 0.23, 0.1], [0.15, 0.03, 0.13, 0.07, 0.13, 0.07, 0.19]]",0.13,0.16,12,"[0.26, 0.28, 0.24, 0.22]","[[0, 1, 5, 9, 13, 17, 21, 25], [0, 2, 6, 10, 14, 18, 22, 26], [0, 3, 7, 11, 15, 19, 23, 27], [0, 4, 8, 12, 16, 20, 24, 28]]",0.072
239,0.0,7,"[[0.2, 0.14, 0.16, 0.12, 0.21, 0.18, 0.23], [0.06, 0.09, 0.16, 0.16, 0.14, 0.12, 0.15], [0.23, 0.08, 0.17, 0.11, 0.04, 0.14, 0.15], [0.06, 0.12, 0.16, 0.23, 0.08, 0.11, 0.15]]",0.13,0.15,12,"[0.33, 0.18, 0.11, 0.38]","[[0, 1, 5, 9, 13, 17, 21, 25], [0, 2, 6, 10, 14, 18, 24, 26], [0, 3, 7, 11, 15, 19, 22, 27], [0, 4, 8, 12, 16, 20, 23, 28]]",0.072
240,0.0,7,"[[0.17, 0.04, 0.18, 0.09, 0.04, 0.16, 0.22], [0.22, 0.14, 0.04, 0.11, 0.04, 0.23, 0.13], [0.09, 0.1, 0.01, 0.06, 0.15, 0.17, 0.05], [0.04, 0.06, 0.1, 0.03, 0.1, 0.03, 0.15]]",0.13,0.13,13,"[0.35, 0.15, 0.13, 0.37]","[[0, 2, 4, 14, 7, 9, 10, 11], [0, 0, 0, 0, 0, 0, 0, 0], [0, 0, 0, 0, 0, 0, 0, 0], [0, 1, 3, 5, 6, 8, 12, 13]]",0.072
241,0.0,1,"[[0.18, 0.08, 0.14, 0.2, 0.12, 0.1, 0.1], [0.1, 0.05, 0.2, 0.13, 0.11, 0.09, 0.04], [0.15, 0.11, 0.22, 0.09, 0.14, 0.12, 0.12], [0.17, 0.01, 0.14, 0.05, 0.14, 0.07, 0.08]]",0.13,0.1,13,"[0.3, 0.22, 0.27, 0.21]","[[0, 2, 4, 6, 7, 9, 11, 12], [0, 0, 0, 0, 0, 0, 0, 0], [0, 1, 3, 5, 8, 10, 14, 13], [0, 0, 0, 0, 0, 0, 0, 0]]",0.072
242,0.0,7,"[[0.2, 0.14, 0.16, 0.12, 0.21, 0.18, 0.23], [0.06, 0.09, 0.16, 0.16, 0.14, 0.12, 0.15], [0.23, 0.08, 0.17, 0.11, 0.04, 0.14, 0.15], [0.06, 0.12, 0.16, 0.23, 0.08, 0.11, 0.15]]",0.13,0.23,13,"[0.33, 0.18, 0.11, 0.38]","[[0, 1, 3, 4, 7, 8, 12, 13], [0, 0, 0, 0, 0, 0, 0, 0], [0, 0, 0, 0, 0, 0, 0, 0], [0, 2, 5, 6, 9, 10, 11, 14]]",0.072
243,0.0,2,"[[0.08, 0.23, 0.16, 0.14, 0.22, 0.12, 0.2], [0.17, 0.2, 0.03, 0.17, 0.21, 0.17, 0.07], [0.08, 0.2, 0.14, 0.22, 0.1, 0.13, 0.17], [0.07, 0.12, 0.01, 0.11, 0.05, 0.12, 0.17]]",0.13,0.23,13,"[0.86, 0.03, 0.04, 0.07]","[[0, 1, 2, 3, 4, 5, 7, 6], [0, 0, 0, 0, 0, 0, 0, 0], [0, 0, 0, 0, 0, 0, 0, 0], [0, 0, 0, 0, 0, 0, 0, 0]]",0.072
244,0.0,5,"[[0.23, 0.06, 0.08, 0.13, 0.11, 0.05, 0.11], [0.17, 0.17, 0.17, 0.13, 0.09, 0.2, 0.07], [0.21, 0.11, 0.17, 0.05, 0.13, 0.11, 0.17], [0.16, 0.02, 0.2, 0.19, 0.23, 0.13, 0.13]]",0.13,0.11,13,"[0.24, 0.22, 0.21, 0.33]","[[0, 2, 3, 5, 8, 10, 13, 14], [0, 0, 0, 0, 0, 0, 0, 0], [0, 0, 0, 0, 0, 9, 0, 0], [0, 1, 4, 6, 7, 11, 12, 15]]",0.072
245,0.0,7,"[[0.15, 0.17, 0.12, 0.06, 0.06, 0.22, 0.15], [0.19, 0.17, 0.21, 0.18, 0.06, 0.19, 0.04], [0.07, 0.13, 0.08, 0.09, 0.18, 0.11, 0.12], [0.16, 0.1, 0.02, 0.11, 0.21, 0.13, 0.19]]",0.13,0.19,13,"[0.09, 0.05, 0.01, 0.85]","[[0, 0, 0, 0, 0, 0, 0, 0], [0, 0, 0, 0, 0, 0, 0, 0], [0, 0, 0, 0, 0, 0, 0, 0], [0, 1, 2, 3, 4, 5, 7, 6]]",0.072
246,0.0,2,"[[0.05, 0.17, 0.08, 0.07, 0.16, 0.13, 0.05], [0.1, 0.16, 0.24, 0.2, 0.19, 0.19, 0.23], [0.18, 0.13, 0.06, 0.19, 0.17, 0.21, 0.13], [0.16, 0.18, 0.2, 0.12, 0.19, 0.08, 0.19]]",0.13,0.16,13,"[0.85, 0.1, 0.02, 0.03]","[[0, 1, 2, 3, 4, 5, 6, 7], [0, 0, 0, 0, 0, 0, 0, 0], [0, 0, 0, 0, 0, 0, 0, 0], [0, 0, 0, 0, 0, 0, 0, 0]]",0.072
247,0.0,2,"[[0.15, 0.08, 0.15, 0.12, 0.15, 0.08, 0.22], [0.12, 0.2, 0.22, 0.16, 0.25, 0.12, 0.11], [0.19, 0.22, 0.15, 0.08, 0.12, 0.14, 0.2], [0.21, 0.16, 0.09, 0.16, 0.22, 0.15, 0.19]]",0.13,0.22,13,"[0.05, 0.07, 0.86, 0.02]","[[0, 0, 0, 0, 0, 0, 0, 0], [0, 0, 0, 0, 0, 0, 0, 0], [0, 1, 2, 3, 4, 5, 6, 7], [0, 0, 0, 0, 0, 0, 0, 0]]",0.072
248,0.0,5,"[[0.07, 0.16, 0.11, 0.2, 0.2, 0.19, 0.16], [0.15, 0.22, 0.24, 0.17, 0.18, 0.12, 0.12], [0.11, 0.16, 0.11, 0.12, 0.21, 0.06, 0.16], [0.17, 0.22, 0.15, 0.11, 0.24, 0.11, 0.17]]",0.13,0.24,13,"[0.09, 0.03, 0.01, 0.87]","[[0, 0, 0, 0, 0, 0, 0, 0], [0, 0, 0, 0, 0, 0, 0, 0], [0, 0, 0, 0, 0, 0, 0, 0], [0, 1, 2, 3, 4, 5, 6, 7]]",0.072
249,0.0,7,"[[0.07, 0.07, 0.17, 0.05, 0.08, 0.18, 0.15], [0.19, 0.17, 0.06, 0.13, 0.2, 0.13, 0.2], [0.08, 0.18, 0.04, 0.21, 0.15, 0.15, 0.18], [0.06, 0.08, 0.09, 0.02, 0.12, 0.19, 0.09]]",0.13,0.09,13,"[0.31, 0.27, 0.19, 0.23]","[[0, 2, 3, 9, 7, 10, 13, 14], [0, 4, 5, 6, 8, 11, 12, 15], [0, 0, 0, 0, 0, 0, 0, 0], [0, 1, 0, 0, 0, 0, 0, 16]]",0.072
250,0.0,2,"[[7.11, 5.78, 4.85, 4.33, 7.33, 7.89, 5.26], [5.95, 7.87, 3.44, 7.0, 6.97, 5.22, 6.26], [3.72, 9.35, 7.04, 6.38, 7.42, 6.47, 5.89], [5.94, 4.84, 1.39, 4.52, 3.41, 2.82, 3.73]]",5.0,5.78,13,"[0.33, 0.2, 0.24, 0.23]","[[0, 1, 2, 3, 4, 5, 6, 7], [0, 15, 25, 0, 0, 14, 16, 0], [0, 11, 23, 24, 22, 13, 10, 21], [0, 12, 17, 18, 19, 8, 9, 20]]",2.994
251,0.0,1,"[[1.32, 1.79, 4.74, 6.52, 9.55, 1.49, 3.36], [2.67, 2.3, 3.39, 7.85, 3.89, 7.4, 8.55], [4.18, 0.46, 4.32, 2.27, 3.18, 8.62, 2.94], [6.02, 2.09, 4.16, 3.95, 2.34, 3.36, 2.27]]",5.0,6.02,13,"[0.16, 0.11, 0.34, 0.39]","[[0, 0, 0, 0, 0, 0, 0, 0], [0, 0, 0, 0, 0, 0, 0, 0], [0, 2, 3, 5, 7, 10, 12, 14], [0, 1, 4, 6, 8, 11, 9, 13]]",2.994
252,0.0,4,"[[5.93, 4.61, 6.44, 6.58, 0.77, 6.66, 0.58], [1.24, 4.91, 5.63, 0.45, 3.38, 4.94, 3.12], [7.83, 1.4, 2.04, 7.87, 6.09, 6.31, 5.4], [6.34, 6.33, 4.75, 6.81, 8.3, 6.3, 9.27]]",5.0,7.87,13,"[0.01, 0.1, 0.87, 0.02]","[[0, 0, 0, 0, 0, 0, 0, 0], [0, 0, 0, 0, 0, 0, 0, 0], [0, 1, 2, 3, 4, 5, 6, 7], [0, 0, 0, 0, 0, 0, 0, 0]]",2.994
253,0.0,1,"[[2.54, 7.44, 2.24, 4.32, 2.76, 9.01, 8.48], [1.82, 8.34, 6.23, 3.89, 6.94, 3.11, 6.18], [7.6, 3.71, 5.31, 9.83, 1.09, 3.87, 7.81], [7.76, 7.0, 2.77, 7.48, 3.83, 0.31, 3.13]]",5.0,7.76,13,"[0.04, 0.07, 0.03, 0.86]","[[0, 0, 0, 0, 0, 0, 0, 0], [0, 0, 0, 0, 0, 0, 0, 0], [0, 0, 0, 0, 0, 0, 0, 0], [0, 1, 2, 3, 4, 5, 7, 6]]",2.994
254,0.0,3,"[[2.88, 2.6, 7.89, 4.77, 7.12, 4.23, 2.87], [3.29, 2.97, 3.82, 9.51, 9.45, 8.27, 5.42], [3.22, 3.81, 4.18, 2.52, 3.48, 3.16, 9.41], [1.89, 5.73, 6.1, 1.69, 4.58, 1.23, 3.5]]",5.0,6.1,13,"[0.2, 0.16, 0.26, 0.38]","[[0, 0, 18, 16, 0, 0, 0, 15], [0, 0, 0, 17, 0, 0, 0, 0], [0, 2, 4, 6, 8, 10, 12, 13], [0, 1, 3, 5, 7, 9, 11, 14]]",2.994
255,0.0,1,"[[2.44, 7.36, 6.46, 5.15, 7.43, 1.32, 0.71], [3.96, 8.36, 4.6, 6.91, 2.69, 5.0, 1.64], [8.24, 5.23, 2.67, 1.92, 6.03, 2.88, 7.54], [1.43, 5.93, 6.77, 1.1, 3.47, 5.78, 6.1]]",5.0,8.24,13,"[0.02, 0.06, 0.89, 0.03]","[[0, 0, 0, 0, 0, 0, 0, 0], [0, 0, 0, 0, 0, 0, 0, 0], [0, 1, 2, 3, 4, 7, 5, 6], [0, 0, 0, 0, 0, 0, 0, 0]]",2.994
256,0.0,1,"[[4.36, 8.7, 5.94, 4.41, 8.37, 5.83, 0.58], [9.58, 2.24, 8.49, 4.24, 4.63, 4.53, 5.29], [6.08, 4.31, 5.59, 3.3, 3.91, 4.21, 4.74], [9.25, 5.33, 1.67, 7.75, 5.64, 2.81, 3.02]]",5.0,9.25,13,"[0.31, 0.27, 0.14, 0.28]","[[0, 1, 4, 6, 7, 10, 11, 13], [0, 15, 16, 0, 18, 17, 0, 0], [0, 0, 0, 0, 0, 0, 0, 0], [0, 2, 3, 5, 8, 9, 12, 14]]",2.994
257,0.0,2,"[[3.89, 7.03, 1.42, 3.85, 5.57, 3.85, 2.09], [1.42, 3.42, 3.49, 1.78, 8.76, 8.52, 6.88], [3.98, 7.53, 6.94, 2.68, 5.16, 4.6, 0.82], [7.43, 7.31, 6.36, 5.75, 9.0, 9.88, 3.78]]",5.0,7.03,13,"[0.86, 0.01, 0.02, 0.11]","[[0, 1, 2, 3, 4, 7, 5, 6], [0, 0, 0, 0, 0, 0, 0, 0], [0, 0, 0, 0, 0, 0, 0, 0], [0, 0, 0, 0, 0, 0, 0, 0]]",2.994
258,0.0,5,"[[3.95, 8.96, 8.28, 6.18, 7.02, 4.65, 4.21], [7.39, 4.82, 4.44, 1.73, 7.35, 9.66, 2.04], [6.67, 2.62, 2.43, 7.24, 6.32, 7.33, 5.82], [4.75, 4.96, 2.68, 1.71, 6.22, 1.58, 9.11]]",5.0,6.22,13,"[0.25, 0.24, 0.28, 0.23]","[[0, 12, 0, 0, 0, 16, 17, 0], [0, 11, 0, 0, 10, 15, 14, 0], [0, 1, 2, 3, 4, 5, 6, 7], [0, 13, 0, 0, 9, 18, 8, 0]]",2.994
259,0.0,6,"[[3.4, 2.14, 9.33, 2.59, 4.55, 1.09, 2.85], [2.69, 7.17, 4.91, 8.03, 6.07, 6.49, 2.28], [2.24, 5.15, 4.83, 2.39, 2.78, 7.43, 5.61], [3.01, 5.69, 6.66, 3.22, 3.6, 8.48, 3.28]]",5.0,7.43,13,"[0.07, 0.01, 0.9, 0.02]","[[0, 0, 0, 0, 0, 0, 0, 0], [0, 0, 0, 0, 0, 0, 0, 0], [0, 1, 2, 3, 4, 5, 6, 7], [0, 0, 0, 0, 0, 0, 0, 0]]",2.994
260,0.01,3,"[[0.95, 2.78, 3.25, 5.38, 7.09, 3.77, 4.83], [7.13, 8.96, 5.39, 2.27, 8.34, 7.96, 4.55], [9.77, 5.61, 8.97, 8.09, 6.52, 2.37, 9.08], [8.52, 1.84, 1.06, 3.62, 0.7, 3.27, 0.14]]",5.0,3.25,14,"[0.85, 0.07, 0.07, 0.01]","[[0, 1, 0, 0, 0, 3, 0, 5], [0, 0, 0, 0, 0, 0, 0, 0], [0, 0, 0, 2, 0, 0, 4, 0], [0, 0, 0, 0, 0, 0, 0, 0]]",2.994
261,0.01,7,"[[3.95, 8.96, 8.28, 6.18, 7.02, 4.65, 4.21], [7.39, 4.82, 4.44, 1.73, 7.35, 9.66, 2.04], [6.67, 2.62, 2.43, 7.24, 6.32, 7.33, 5.82], [4.75, 4.96, 2.68, 1.71, 6.22, 1.58, 9.11]]",5.0,2.04,14,"[0.25, 0.24, 0.28, 0.23]","[[0, 0, 0, 0, 0, 0, 3, 0], [0, 0, 0, 1, 0, 0, 0, 0], [0, 2, 0, 0, 6, 5, 0, 0], [0, 0, 0, 0, 0, 0, 0, 4]]",2.994
262,0.01,6,"[[7.17, 3.46, 5.58, 3.93, 3.7, 2.49, 5.53], [9.77, 5.93, 5.47, 2.25, 8.04, 7.17, 0.39], [7.48, 1.53, 5.91, 7.74, 1.59, 6.73, 3.86], [5.1, 6.8, 2.11, 7.09, 7.57, 6.62, 8.34]]",5.0,2.49,14,"[0.88, 0.05, 0.05, 0.02]","[[0, 1, 0, 0, 6, 3, 0, 0], [0, 0, 0, 0, 0, 0, 7, 0], [0, 0, 0, 2, 0, 0, 0, 4], [0, 5, 0, 0, 0, 0, 0, 0]]",2.994
263,0.01,1,"[[5.92, 9.68, 5.15, 2.59, 5.89, 7.38, 2.85], [1.22, 5.64, 6.3, 3.82, 9.13, 6.51, 3.36], [6.72, 1.0, 8.86, 8.25, 8.82, 6.13, 4.12], [7.5, 7.75, 5.39, 3.9, 7.48, 3.23, 1.98]]",5.0,7.5,14,"[0.3, 0.17, 0.24, 0.29]","[[0, 0, 0, 6, 0, 2, 0, 4], [0, 0, 1, 0, 0, 0, 0, 0], [0, 0, 0, 0, 0, 0, 0, 0], [0, 5, 0, 0, 0, 0, 3, 0]]",2.994
264,0.01,4,"[[8.39, 1.9, 3.96, 5.78, 2.24, 5.8, 4.1], [0.94, 5.02, 2.49, 5.54, 6.54, 4.33, 9.65], [7.94, 7.8, 4.1, 9.82, 1.59, 4.84, 8.58], [8.96, 7.49, 1.94, 3.92, 0.76, 2.82, 6.17]]",5.0,5.54,14,"[0.11, 0.85, 0.02, 0.02]","[[0, 0, 1, 0, 6, 0, 3, 0], [0, 0, 0, 0, 0, 0, 0, 0], [0, 5, 0, 0, 2, 0, 0, 0], [0, 0, 0, 7, 0, 0, 0, 4]]",2.994
265,0.01,1,"[[5.97, 8.23, 1.24, 7.62, 4.62, 4.29, 5.98], [8.29, 4.65, 5.55, 1.01, 2.98, 8.74, 8.92], [1.93, 2.81, 4.79, 6.01, 7.29, 6.55, 4.48], [9.09, 1.98, 6.38, 4.5, 3.08, 5.26, 4.47]]",5.0,5.97,14,"[0.86, 0.01, 0.12, 0.01]","[[0, 0, 0, 0, 2, 0, 0, 4], [0, 1, 0, 5, 0, 7, 0, 0], [0, 0, 0, 0, 0, 0, 0, 0], [0, 0, 6, 0, 0, 0, 3, 0]]",2.994
266,0.01,6,"[[5.71, 4.0, 7.87, 3.26, 8.95, 9.97, 6.35], [4.81, 5.73, 5.74, 5.66, 5.51, 4.81, 7.59], [6.14, 5.62, 3.6, 6.94, 3.42, 3.6, 6.26], [1.09, 4.7, 1.56, 4.05, 2.65, 4.29, 5.33]]",5.0,4.29,14,"[0.02, 0.08, 0.03, 0.87]","[[0, 0, 0, 0, 0, 0, 2, 0], [0, 0, 0, 1, 0, 0, 0, 0], [0, 0, 0, 0, 0, 0, 0, 0], [0, 0, 0, 0, 0, 0, 0, 0]]",2.994
267,0.01,6,"[[1.89, 1.68, 4.82, 0.64, 6.72, 5.82, 3.47], [2.81, 5.64, 4.93, 5.88, 1.19, 6.58, 2.91], [6.88, 4.96, 4.06, 5.77, 1.03, 4.24, 5.62], [0.22, 1.89, 4.63, 5.2, 4.1, 3.36, 6.44]]",5.0,4.24,14,"[0.25, 0.26, 0.31, 0.18]","[[0, 1, 0, 6, 0, 0, 3, 0], [0, 0, 0, 0, 0, 7, 0, 0], [0, 0, 0, 0, 2, 0, 0, 5], [0, 0, 4, 0, 0, 0, 0, 0]]",2.994
268,0.01,2,"[[5.11, 2.17, 0.1, 9.47, 2.73, 6.4, 3.36], [4.31, 7.26, 6.36, 8.48, 2.98, 4.68, 5.77], [8.38, 2.0, 6.14, 7.53, 4.7, 1.99, 1.53], [7.09, 5.94, 3.03, 5.37, 2.51, 3.9, 2.79]]",5.0,2.17,14,"[0.31, 0.35, 0.15, 0.19]","[[0, 0, 0, 1, 0, 4, 0, 0], [0, 0, 6, 0, 0, 0, 0, 0], [0, 0, 0, 0, 0, 0, 0, 2], [0, 3, 0, 0, 0, 0, 5, 0]]",2.994
269,0.01,5,"[[8.51, 2.86, 5.22, 3.29, 7.8, 7.12, 2.91], [7.85, 5.63, 4.76, 5.73, 4.36, 4.99, 0.21], [1.1, 2.64, 4.86, 7.57, 7.15, 0.31, 2.34], [6.38, 5.91, 3.08, 6.0, 7.58, 3.85, 6.26]]",5.0,4.36,14,"[0.19, 0.32, 0.23, 0.26]","[[0, 0, 1, 0, 6, 0, 0, 4], [0, 0, 0, 0, 0, 0, 0, 0], [0, 0, 0, 7, 0, 2, 0, 0], [0, 3, 0, 0, 0, 0, 5, 0]]",2.994
270,0.01,1,"[[0.1, 0.1, 0.17, 0.08, 0.04, 0.09, 0.12], [0.18, 0.07, 0.12, 0.15, 0.14, 0.22, 0.18], [0.17, 0.02, 0.06, 0.16, 0.1, 0.2, 0.19], [0.23, 0.18, 0.17, 0.22, 0.21, 0.09, 0.19]]",0.13,0.17,14,"[0.21, 0.32, 0.34, 0.13]","[[0, 0, 0, 0, 0, 0, 0, 2], [0, 0, 0, 1, 0, 0, 0, 0], [0, 0, 0, 0, 0, 0, 0, 0], [0, 3, 0, 0, 0, 0, 0, 0]]",0.072
271,0.01,5,"[[0.07, 0.07, 0.17, 0.05, 0.08, 0.18, 0.15], [0.19, 0.17, 0.06, 0.13, 0.2, 0.13, 0.2], [0.08, 0.18, 0.04, 0.21, 0.15, 0.15, 0.18], [0.06, 0.08, 0.09, 0.02, 0.12, 0.19, 0.09]]",0.13,0.12,14,"[0.31, 0.27, 0.19, 0.23]","[[0, 2, 0, 0, 0, 0, 0, 3], [0, 0, 0, 0, 0, 0, 0, 0], [0, 0, 0, 0, 0, 1, 0, 0], [0, 0, 4, 0, 0, 0, 0, 0]]",0.072
272,0.01,7,"[[0.19, 0.09, 0.13, 0.2, 0.03, 0.17, 0.2], [0.08, 0.14, 0.18, 0.15, 0.19, 0.11, 0.07], [0.15, 0.06, 0.07, 0.11, 0.19, 0.02, 0.14], [0.12, 0.04, 0.06, 0.04, 0.06, 0.19, 0.09]]",0.13,0.07,14,"[0.02, 0.85, 0.05, 0.08]","[[0, 2, 0, 0, 0, 0, 0, 3], [0, 0, 0, 0, 0, 0, 0, 0], [0, 0, 0, 0, 0, 1, 0, 0], [0, 0, 0, 0, 0, 0, 0, 0]]",0.072
273,0.01,2,"[[0.08, 0.23, 0.16, 0.14, 0.22, 0.12, 0.2], [0.17, 0.2, 0.03, 0.17, 0.21, 0.17, 0.07], [0.08, 0.2, 0.14, 0.22, 0.1, 0.13, 0.17], [0.07, 0.12, 0.01, 0.11, 0.05, 0.12, 0.17]]",0.13,0.2,14,"[0.86, 0.03, 0.04, 0.07]","[[0, 0, 0, 0, 0, 0, 0, 4], [0, 0, 5, 0, 1, 0, 0, 0], [0, 0, 0, 0, 0, 0, 3, 0], [0, 2, 0, 0, 0, 0, 0, 0]]",0.072
274,0.01,1,"[[0.2, 0.14, 0.16, 0.12, 0.21, 0.18, 0.23], [0.06, 0.09, 0.16, 0.16, 0.14, 0.12, 0.15], [0.23, 0.08, 0.17, 0.11, 0.04, 0.14, 0.15], [0.06, 0.12, 0.16, 0.23, 0.08, 0.11, 0.15]]",0.13,0.23,14,"[0.33, 0.18, 0.11, 0.38]","[[0, 0, 0, 1, 0, 0, 0, 0], [0, 0, 0, 0, 0, 0, 0, 0], [0, 3, 0, 0, 0, 0, 2, 0], [0, 0, 0, 0, 0, 0, 0, 0]]",0.072
275,0.01,6,"[[0.16, 0.11, 0.08, 0.09, 0.11, 0.11, 0.06], [0.14, 0.14, 0.15, 0.18, 0.2, 0.23, 0.09], [0.09, 0.18, 0.2, 0.13, 0.05, 0.16, 0.07], [0.08, 0.02, 0.16, 0.15, 0.1, 0.09, 0.12]]",0.13,0.16,14,"[0.08, 0.02, 0.89, 0.01]","[[0, 0, 0, 1, 0, 0, 4, 0], [0, 0, 0, 0, 0, 0, 0, 0], [0, 0, 0, 0, 0, 0, 0, 2], [0, 3, 0, 0, 0, 0, 0, 0]]",0.072
276,0.01,6,"[[0.12, 0.04, 0.15, 0.03, 0.12, 0.21, 0.16], [0.15, 0.15, 0.1, 0.11, 0.22, 0.11, 0.06], [0.06, 0.07, 0.19, 0.11, 0.05, 0.07, 0.16], [0.05, 0.12, 0.14, 0.09, 0.12, 0.13, 0.02]]",0.13,0.07,14,"[0.04, 0.05, 0.89, 0.02]","[[0, 0, 0, 0, 0, 0, 2, 0], [0, 0, 0, 0, 0, 0, 0, 0], [0, 1, 0, 0, 0, 0, 0, 0], [0, 0, 0, 0, 0, 0, 0, 0]]",0.072
277,0.01,3,"[[0.19, 0.12, 0.08, 0.18, 0.08, 0.2, 0.22], [0.05, 0.04, 0.19, 0.18, 0.18, 0.05, 0.1], [0.21, 0.13, 0.15, 0.13, 0.16, 0.15, 0.08], [0.19, 0.06, 0.09, 0.07, 0.04, 0.2, 0.08]]",0.13,0.08,14,"[0.16, 0.28, 0.23, 0.33]","[[0, 0, 0, 0, 0, 1, 0, 0], [0, 3, 0, 0, 0, 0, 0, 0], [0, 0, 0, 0, 0, 0, 0, 0], [0, 0, 0, 4, 0, 0, 0, 2]]",0.072
278,0.01,4,"[[0.14, 0.12, 0.08, 0.02, 0.14, 0.19, 0.09], [0.2, 0.01, 0.13, 0.03, 0.11, 0.06, 0.23], [0.19, 0.12, 0.16, 0.15, 0.16, 0.07, 0.21], [0.09, 0.14, 0.24, 0.12, 0.1, 0.2, 0.16]]",0.13,0.03,14,"[0.36, 0.17, 0.12, 0.35]","[[0, 0, 0, 0, 0, 0, 0, 0], [0, 0, 1, 0, 0, 0, 2, 0], [0, 0, 0, 0, 3, 0, 0, 0], [0, 0, 0, 0, 0, 0, 0, 0]]",0.072
279,0.01,7,"[[0.2, 0.21, 0.23, 0.23, 0.18, 0.14, 0.22], [0.2, 0.22, 0.22, 0.25, 0.05, 0.12, 0.09], [0.02, 0.05, 0.07, 0.23, 0.14, 0.19, 0.02], [0.12, 0.1, 0.13, 0.23, 0.18, 0.06, 0.24]]",0.13,0.02,14,"[0.08, 0.03, 0.87, 0.02]","[[0, 0, 0, 0, 0, 0, 0, 3], [0, 0, 0, 0, 0, 1, 0, 0], [0, 2, 0, 0, 0, 0, 0, 0], [0, 0, 0, 0, 0, 0, 0, 0]]",0.072
280,0.01,3,"[[0.2, 0.21, 0.23, 0.23, 0.18, 0.14, 0.22], [0.2, 0.22, 0.22, 0.25, 0.05, 0.12, 0.09], [0.02, 0.05, 0.07, 0.23, 0.14, 0.19, 0.02], [0.12, 0.1, 0.13, 0.23, 0.18, 0.06, 0.24]]",0.13,0.07,15,"[0.08, 0.03, 0.87, 0.02]","[[0, 1, 10, 3, 0, 9, 0, 7], [0, 0, 0, 0, 4, 0, 6, 0], [0, 0, 2, 0, 0, 5, 0, 0], [0, 0, 0, 0, 0, 0, 0, 8]]",0.072
281,0.01,4,"[[0.08, 0.23, 0.16, 0.14, 0.22, 0.12, 0.2], [0.17, 0.2, 0.03, 0.17, 0.21, 0.17, 0.07], [0.08, 0.2, 0.14, 0.22, 0.1, 0.13, 0.17], [0.07, 0.12, 0.01, 0.11, 0.05, 0.12, 0.17]]",0.13,0.14,15,"[0.86, 0.03, 0.04, 0.07]","[[0, 0, 0, 0, 0, 0, 0, 0], [0, 0, 0, 0, 0, 0, 0, 0], [0, 0, 0, 0, 0, 0, 0, 0], [0, 0, 0, 0, 0, 0, 0, 0]]",0.072
282,0.01,6,"[[0.21, 0.14, 0.05, 0.18, 0.12, 0.1, 0.15], [0.03, 0.07, 0.04, 0.14, 0.13, 0.15, 0.2], [0.05, 0.14, 0.08, 0.16, 0.04, 0.13, 0.08], [0.19, 0.12, 0.09, 0.06, 0.18, 0.05, 0.09]]",0.13,0.13,15,"[0.01, 0.02, 0.88, 0.09]","[[0, 0, 0, 0, 0, 0, 0, 0], [0, 0, 0, 0, 0, 0, 0, 0], [0, 0, 0, 0, 0, 0, 0, 0], [0, 0, 0, 0, 0, 0, 0, 0]]",0.072
283,0.01,2,"[[0.09, 0.06, 0.16, 0.11, 0.12, 0.22, 0.04], [0.11, 0.19, 0.13, 0.18, 0.2, 0.12, 0.12], [0.11, 0.08, 0.15, 0.06, 0.15, 0.13, 0.16], [0.08, 0.15, 0.2, 0.17, 0.24, 0.04, 0.12]]",0.13,0.15,15,"[0.15, 0.32, 0.21, 0.32]","[[0, 0, 0, 0, 0, 0, 0, 0], [0, 0, 0, 0, 0, 0, 0, 0], [0, 0, 0, 0, 0, 0, 0, 0], [0, 0, 0, 0, 0, 0, 0, 0]]",0.072
284,0.01,7,"[[0.15, 0.2, 0.21, 0.14, 0.15, 0.21, 0.2], [0.1, 0.12, 0.15, 0.05, 0.19, 0.19, 0.19], [0.2, 0.18, 0.22, 0.07, 0.23, 0.17, 0.15], [0.25, 0.17, 0.14, 0.07, 0.06, 0.14, 0.21]]",0.13,0.15,15,"[0.33, 0.32, 0.13, 0.22]","[[0, 0, 0, 0, 0, 0, 0, 0], [0, 0, 0, 0, 0, 0, 0, 0], [0, 0, 0, 0, 0, 0, 0, 0], [0, 0, 0, 0, 0, 0, 0, 0]]",0.072
285,0.01,5,"[[0.11, 0.22, 0.08, 0.2, 0.14, 0.03, 0.13], [0.17, 0.02, 0.02, 0.09, 0.21, 0.16, 0.15], [0.09, 0.18, 0.16, 0.17, 0.05, 0.09, 0.1], [0.18, 0.05, 0.09, 0.19, 0.24, 0.18, 0.12]]",0.13,0.14,15,"[0.33, 0.18, 0.11, 0.38]","[[0, 0, 0, 0, 0, 0, 0, 0], [0, 0, 0, 0, 0, 0, 0, 0], [0, 0, 0, 0, 0, 0, 0, 0], [0, 0, 0, 0, 0, 0, 0, 0]]",0.072
286,0.01,2,"[[0.21, 0.18, 0.18, 0.07, 0.17, 0.09, 0.08], [0.07, 0.09, 0.01, 0.16, 0.02, 0.06, 0.25], [0.21, 0.16, 0.24, 0.08, 0.24, 0.16, 0.09], [0.17, 0.08, 0.18, 0.24, 0.11, 0.09, 0.22]]",0.13,0.16,15,"[0.21, 0.27, 0.2, 0.32]","[[0, 0, 0, 0, 0, 0, 0, 0], [0, 0, 0, 0, 0, 0, 0, 0], [0, 0, 0, 0, 0, 0, 0, 0], [0, 0, 0, 0, 0, 0, 0, 0]]",0.072
287,0.01,3,"[[0.16, 0.14, 0.08, 0.14, 0.11, 0.13, 0.09], [0.19, 0.11, 0.19, 0.08, 0.11, 0.19, 0.13], [0.21, 0.23, 0.11, 0.11, 0.1, 0.18, 0.03], [0.04, 0.14, 0.12, 0.13, 0.05, 0.04, 0.05]]",0.13,0.11,15,"[0.31, 0.22, 0.18, 0.29]","[[0, 0, 0, 0, 0, 0, 0, 0], [0, 0, 0, 0, 0, 0, 0, 0], [0, 0, 0, 0, 0, 0, 0, 0], [0, 0, 0, 0, 0, 0, 0, 0]]",0.072
288,0.01,1,"[[0.02, 0.18, 0.09, 0.13, 0.07, 0.12, 0.08], [0.15, 0.12, 0.24, 0.14, 0.1, 0.01, 0.14], [0.2, 0.14, 0.24, 0.13, 0.22, 0.23, 0.18], [0.11, 0.21, 0.18, 0.07, 0.12, 0.14, 0.14]]",0.13,0.02,15,"[0.85, 0.02, 0.03, 0.1]","[[0, 0, 0, 0, 0, 0, 0, 0], [0, 0, 0, 0, 0, 0, 0, 0], [0, 0, 0, 0, 0, 0, 0, 0], [0, 0, 0, 0, 0, 0, 0, 0]]",0.072
289,0.01,5,"[[0.15, 0.08, 0.15, 0.12, 0.15, 0.08, 0.22], [0.12, 0.2, 0.22, 0.16, 0.25, 0.12, 0.11], [0.19, 0.22, 0.15, 0.08, 0.12, 0.14, 0.2], [0.21, 0.16, 0.09, 0.16, 0.22, 0.15, 0.19]]",0.13,0.12,15,"[0.05, 0.07, 0.86, 0.02]","[[0, 0, 0, 0, 0, 0, 0, 0], [0, 0, 0, 0, 0, 0, 0, 0], [0, 0, 0, 0, 0, 0, 0, 0], [0, 0, 0, 0, 0, 0, 0, 0]]",0.072
290,0.01,4,"[[3.89, 7.03, 1.42, 3.85, 5.57, 3.85, 2.09], [1.42, 3.42, 3.49, 1.78, 8.76, 8.52, 6.88], [3.98, 7.53, 6.94, 2.68, 5.16, 4.6, 0.82], [7.43, 7.31, 6.36, 5.75, 9.0, 9.88, 3.78]]",5.0,3.85,15,"[0.86, 0.01, 0.02, 0.11]","[[0, 1, 0, 0, 8, 0, 0, 7], [0, 0, 2, 0, 0, 0, 6, 0], [0, 0, 0, 3, 0, 5, 0, 0], [0, 0, 0, 0, 4, 0, 0, 0]]",2.994
291,0.01,4,"[[3.54, 3.18, 6.26, 3.39, 3.52, 5.47, 1.42], [3.13, 1.91, 7.14, 3.81, 4.58, 6.9, 8.39], [7.48, 1.27, 5.41, 7.63, 6.12, 1.81, 6.34], [6.09, 3.7, 4.25, 4.91, 0.8, 7.46, 7.59]]",5.0,7.63,15,"[0.04, 0.07, 0.88, 0.01]","[[0, 0, 0, 0, 0, 0, 0, 0], [0, 0, 0, 0, 0, 0, 0, 0], [0, 1, 2, 3, 4, 5, 6, 7], [0, 0, 0, 0, 0, 0, 0, 0]]",2.994
292,0.01,2,"[[1.92, 6.77, 0.18, 0.58, 7.09, 4.34, 4.61], [2.63, 2.6, 4.89, 2.52, 8.42, 2.23, 4.37], [6.54, 7.27, 4.71, 3.86, 8.83, 4.81, 5.31], [5.47, 8.91, 3.37, 8.65, 6.85, 1.47, 5.12]]",5.0,2.6,15,"[0.31, 0.2, 0.17, 0.32]","[[0, 8, 9, 10, 11, 12, 13, 14], [0, 0, 0, 0, 0, 0, 0, 0], [0, 0, 0, 0, 0, 0, 0, 0], [0, 1, 2, 3, 4, 5, 6, 7]]",2.994
293,0.01,3,"[[3.74, 4.35, 1.03, 5.02, 2.48, 7.72, 3.91], [9.52, 3.82, 4.46, 2.55, 5.65, 6.25, 0.76], [2.96, 5.49, 2.32, 7.63, 0.35, 8.21, 6.51], [4.09, 2.1, 9.56, 8.08, 0.89, 1.16, 4.1]]",5.0,9.56,15,"[0.04, 0.08, 0.02, 0.86]","[[0, 0, 0, 0, 0, 0, 0, 0], [0, 0, 0, 0, 0, 0, 0, 0], [0, 0, 0, 0, 0, 0, 0, 0], [0, 1, 2, 3, 4, 5, 6, 7]]",2.994
294,0.01,6,"[[3.55, 2.94, 0.08, 3.13, 2.15, 9.59, 4.77], [4.35, 5.83, 1.82, 2.79, 3.6, 4.35, 6.66], [4.91, 4.62, 9.06, 2.02, 4.04, 2.21, 7.62], [0.78, 5.9, 1.77, 4.45, 7.63, 4.39, 2.86]]",5.0,4.35,15,"[0.34, 0.11, 0.27, 0.28]","[[0, 1, 2, 3, 4, 5, 6, 7], [0, 0, 0, 0, 0, 0, 0, 0], [0, 0, 0, 0, 0, 0, 0, 0], [0, 0, 0, 0, 0, 0, 0, 0]]",2.994
295,0.01,3,"[[3.25, 0.97, 8.64, 8.18, 2.13, 6.22, 0.77], [5.88, 7.57, 5.25, 3.43, 6.13, 3.52, 3.61], [5.54, 4.65, 8.68, 9.8, 7.31, 3.42, 4.37], [7.14, 2.83, 7.59, 3.91, 6.6, 1.41, 1.96]]",5.0,7.59,15,"[0.06, 0.03, 0.01, 0.9]","[[0, 0, 0, 0, 0, 0, 0, 0], [0, 0, 0, 0, 0, 0, 0, 0], [0, 0, 0, 0, 0, 0, 0, 0], [0, 1, 2, 3, 4, 5, 6, 7]]",2.994
296,0.01,3,"[[7.04, 7.27, 1.99, 4.87, 6.53, 6.34, 1.47], [5.29, 2.16, 9.06, 4.67, 7.92, 5.41, 7.56], [6.95, 5.35, 1.7, 4.81, 6.84, 1.21, 8.92], [6.63, 5.53, 4.35, 1.42, 5.69, 5.92, 4.12]]",5.0,9.06,15,"[0.07, 0.87, 0.03, 0.03]","[[0, 0, 0, 0, 0, 0, 0, 0], [0, 1, 2, 3, 4, 5, 6, 7], [0, 0, 0, 0, 0, 0, 0, 0], [0, 0, 0, 0, 0, 0, 0, 0]]",2.994
297,0.01,4,"[[6.2, 4.19, 3.44, 8.27, 6.51, 4.65, 4.01], [2.89, 4.13, 4.82, 8.89, 9.25, 0.96, 6.04], [8.8, 2.84, 4.5, 4.81, 3.19, 0.46, 7.31], [5.12, 1.87, 1.91, 7.0, 2.08, 5.06, 2.86]]",5.0,7.0,15,"[0.15, 0.21, 0.3, 0.34]","[[0, 0, 0, 0, 0, 0, 0, 0], [0, 0, 0, 0, 0, 0, 0, 0], [0, 0, 0, 0, 0, 0, 0, 0], [0, 1, 2, 3, 4, 5, 6, 7]]",2.994
298,0.01,7,"[[5.28, 9.9, 6.81, 1.61, 2.79, 8.92, 6.09], [3.46, 6.68, 6.44, 3.71, 3.55, 0.25, 8.07], [6.52, 2.17, 8.0, 8.5, 5.35, 1.81, 3.32], [5.89, 1.86, 6.44, 5.29, 3.29, 8.96, 7.12]]",5.0,6.09,15,"[0.23, 0.3, 0.24, 0.23]","[[0, 0, 0, 0, 0, 0, 0, 0], [0, 1, 2, 3, 4, 5, 6, 7], [0, 0, 0, 0, 0, 0, 0, 0], [0, 0, 0, 0, 0, 0, 0, 0]]",2.994
299,0.01,6,"[[7.11, 5.78, 4.85, 4.33, 7.33, 7.89, 5.26], [5.95, 7.87, 3.44, 7.0, 6.97, 5.22, 6.26], [3.72, 9.35, 7.04, 6.38, 7.42, 6.47, 5.89], [5.94, 4.84, 1.39, 4.52, 3.41, 2.82, 3.73]]",5.0,2.82,15,"[0.33, 0.2, 0.24, 0.23]","[[0, 1, 2, 3, 4, 5, 6, 7], [0, 0, 0, 0, 0, 0, 0, 0], [0, 0, 0, 0, 0, 0, 0, 0], [0, 0, 0, 0, 0, 0, 0, 0]]",2.994
300,0.01,1,"[[7.78, 7.83, 6.34, 3.49, 9.25, 4.1, 8.16], [4.02, 5.78, 4.37, 3.5, 3.65, 5.34, 1.1], [4.29, 1.52, 3.77, 7.63, 3.05, 0.82, 4.95], [8.46, 6.15, 6.73, 3.18, 8.15, 6.29, 5.32]]",5.0,4.02,16,"[0.2, 0.29, 0.22, 0.29]","[[0, 0, 0, 0, 0, 0, 2, 0], [0, 0, 0, 0, 0, 3, 0, 0], [0, 0, 0, 0, 4, 0, 0, 0], [0, 1, 0, 0, 0, 0, 0, 5]]",2.994
301,0.01,6,"[[3.54, 3.18, 6.26, 3.39, 3.52, 5.47, 1.42], [3.13, 1.91, 7.14, 3.81, 4.58, 6.9, 8.39], [7.48, 1.27, 5.41, 7.63, 6.12, 1.81, 6.34], [6.09, 3.7, 4.25, 4.91, 0.8, 7.46, 7.59]]",5.0,1.81,16,"[0.04, 0.07, 0.88, 0.01]","[[0, 0, 0, 0, 4, 0, 0, 0], [0, 0, 0, 3, 0, 5, 0, 0], [0, 0, 2, 0, 0, 0, 0, 0], [0, 1, 0, 0, 0, 0, 0, 0]]",2.994
302,0.01,1,"[[4.41, 7.98, 5.03, 0.94, 6.07, 7.96, 3.08], [7.18, 6.38, 1.11, 4.77, 7.21, 4.82, 4.9], [5.63, 7.2, 7.79, 1.19, 2.56, 6.05, 3.13], [2.67, 2.05, 5.91, 4.15, 9.55, 4.46, 9.22]]",5.0,2.67,16,"[0.04, 0.02, 0.05, 0.89]","[[0, 0, 0, 0, 0, 0, 0, 0], [0, 0, 0, 0, 0, 0, 0, 0], [0, 0, 0, 0, 0, 0, 0, 0], [0, 0, 0, 0, 0, 0, 0, 0]]",2.994
303,0.01,4,"[[0.94, 9.58, 9.58, 1.68, 3.99, 3.26, 9.98], [7.2, 6.69, 3.6, 6.35, 1.28, 0.52, 9.84], [4.59, 4.33, 3.41, 2.69, 0.89, 3.28, 2.91], [7.61, 5.48, 8.81, 6.78, 0.6, 7.91, 3.87]]",5.0,6.35,16,"[0.01, 0.89, 0.08, 0.02]","[[0, 0, 0, 0, 0, 0, 0, 0], [0, 0, 0, 0, 0, 0, 0, 0], [0, 0, 0, 0, 0, 0, 0, 0], [0, 0, 0, 0, 0, 0, 0, 0]]",2.994
304,0.01,1,"[[8.02, 3.92, 3.11, 4.49, 4.13, 7.86, 3.71], [5.5, 3.12, 4.78, 4.63, 5.83, 9.55, 5.01], [6.87, 6.07, 1.32, 5.58, 8.22, 5.74, 5.54], [4.62, 3.36, 5.75, 5.59, 2.34, 1.7, 6.64]]",5.0,4.62,16,"[0.25, 0.27, 0.24, 0.24]","[[0, 1, 0, 0, 0, 0, 0, 0], [0, 0, 0, 0, 0, 0, 0, 0], [0, 0, 0, 0, 0, 0, 0, 0], [0, 0, 0, 0, 0, 0, 0, 0]]",2.994
305,0.01,7,"[[7.04, 7.27, 1.99, 4.87, 6.53, 6.34, 1.47], [5.29, 2.16, 9.06, 4.67, 7.92, 5.41, 7.56], [6.95, 5.35, 1.7, 4.81, 6.84, 1.21, 8.92], [6.63, 5.53, 4.35, 1.42, 5.69, 5.92, 4.12]]",5.0,7.56,16,"[0.07, 0.87, 0.03, 0.03]","[[0, 0, 0, 0, 0, 0, 0, 0], [0, 0, 1, 0, 0, 0, 0, 0], [0, 0, 0, 0, 0, 0, 0, 0], [0, 0, 0, 0, 0, 0, 0, 0]]",2.994
306,0.01,6,"[[1.89, 1.68, 4.82, 0.64, 6.72, 5.82, 3.47], [2.81, 5.64, 4.93, 5.88, 1.19, 6.58, 2.91], [6.88, 4.96, 4.06, 5.77, 1.03, 4.24, 5.62], [0.22, 1.89, 4.63, 5.2, 4.1, 3.36, 6.44]]",5.0,5.82,16,"[0.25, 0.26, 0.31, 0.18]","[[0, 0, 0, 0, 0, 0, 0, 0], [0, 0, 0, 0, 0, 0, 0, 0], [0, 0, 0, 0, 0, 0, 0, 0], [0, 0, 0, 0, 0, 0, 0, 0]]",2.994
307,0.01,6,"[[5.77, 3.99, 6.61, 4.81, 8.16, 4.87, 2.84], [5.38, 5.12, 5.88, 4.67, 7.45, 7.64, 1.41], [2.86, 1.79, 4.9, 7.89, 6.3, 3.05, 5.2], [5.28, 6.58, 1.34, 2.2, 4.69, 6.92, 5.01]]",5.0,7.64,16,"[0.34, 0.23, 0.11, 0.32]","[[0, 0, 0, 0, 0, 0, 1, 0], [0, 0, 0, 0, 0, 0, 0, 0], [0, 0, 0, 0, 0, 0, 0, 0], [0, 0, 0, 0, 0, 0, 0, 0]]",2.994
308,0.01,4,"[[7.91, 1.03, 5.87, 7.52, 6.88, 7.18, 6.1], [5.88, 5.55, 1.78, 3.0, 4.69, 4.52, 8.75], [5.71, 1.25, 6.22, 6.17, 8.38, 7.26, 4.32], [6.4, 8.88, 5.28, 4.23, 1.08, 0.7, 3.39]]",5.0,7.52,16,"[0.3, 0.18, 0.2, 0.32]","[[0, 0, 0, 0, 0, 0, 0, 0], [0, 0, 0, 0, 0, 0, 0, 0], [0, 0, 0, 0, 0, 0, 0, 0], [0, 0, 0, 0, 0, 0, 0, 0]]",2.994
309,0.01,5,"[[2.44, 7.36, 6.46, 5.15, 7.43, 1.32, 0.71], [3.96, 8.36, 4.6, 6.91, 2.69, 5.0, 1.64], [8.24, 5.23, 2.67, 1.92, 6.03, 2.88, 7.54], [1.43, 5.93, 6.77, 1.1, 3.47, 5.78, 6.1]]",5.0,6.03,16,"[0.02, 0.06, 0.89, 0.03]","[[0, 0, 0, 0, 0, 0, 0, 0], [0, 0, 0, 0, 0, 0, 0, 0], [0, 0, 0, 1, 0, 0, 0, 0], [0, 0, 0, 0, 0, 0, 0, 0]]",2.994
310,0.01,7,"[[0.12, 0.13, 0.12, 0.14, 0.05, 0.1, 0.25], [0.16, 0.2, 0.2, 0.14, 0.09, 0.17, 0.09], [0.11, 0.12, 0.11, 0.11, 0.08, 0.05, 0.17], [0.19, 0.2, 0.07, 0.21, 0.07, 0.13, 0.2]]",0.13,0.17,16,"[0.17, 0.35, 0.31, 0.17]","[[0, 0, 0, 0, 0, 0, 0, 0], [0, 0, 0, 0, 0, 0, 0, 0], [0, 0, 0, 0, 0, 0, 0, 0], [0, 0, 0, 0, 0, 0, 0, 0]]",0.072
311,0.01,5,"[[0.19, 0.12, 0.08, 0.18, 0.08, 0.2, 0.22], [0.05, 0.04, 0.19, 0.18, 0.18, 0.05, 0.1], [0.21, 0.13, 0.15, 0.13, 0.16, 0.15, 0.08], [0.19, 0.06, 0.09, 0.07, 0.04, 0.2, 0.08]]",0.13,0.04,16,"[0.16, 0.28, 0.23, 0.33]","[[0, 0, 0, 0, 0, 0, 0, 0], [0, 0, 0, 0, 0, 0, 0, 0], [0, 0, 0, 0, 0, 0, 0, 0], [0, 0, 0, 0, 0, 0, 0, 0]]",0.072
312,0.01,3,"[[0.23, 0.06, 0.08, 0.13, 0.11, 0.05, 0.11], [0.17, 0.17, 0.17, 0.13, 0.09, 0.2, 0.07], [0.21, 0.11, 0.17, 0.05, 0.13, 0.11, 0.17], [0.16, 0.02, 0.2, 0.19, 0.23, 0.13, 0.13]]",0.13,0.2,16,"[0.24, 0.22, 0.21, 0.33]","[[0, 0, 0, 0, 0, 0, 0, 0], [0, 0, 0, 0, 0, 0, 0, 0], [0, 0, 0, 0, 0, 0, 0, 0], [0, 0, 0, 0, 0, 0, 0, 0]]",0.072
313,0.01,1,"[[0.08, 0.23, 0.11, 0.15, 0.14, 0.16, 0.07], [0.19, 0.17, 0.09, 0.16, 0.14, 0.09, 0.03], [0.13, 0.11, 0.24, 0.17, 0.14, 0.06, 0.15], [0.09, 0.17, 0.09, 0.17, 0.19, 0.1, 0.17]]",0.13,0.09,16,"[0.01, 0.02, 0.11, 0.86]","[[0, 0, 0, 0, 0, 0, 0, 0], [0, 0, 0, 0, 0, 0, 0, 0], [0, 0, 0, 0, 0, 0, 0, 0], [0, 0, 0, 0, 0, 0, 0, 0]]",0.072
314,0.01,3,"[[0.06, 0.22, 0.11, 0.12, 0.13, 0.09, 0.18], [0.2, 0.17, 0.05, 0.09, 0.17, 0.16, 0.24], [0.14, 0.03, 0.23, 0.14, 0.04, 0.13, 0.18], [0.16, 0.1, 0.17, 0.16, 0.14, 0.04, 0.05]]",0.13,0.11,16,"[0.87, 0.02, 0.1, 0.01]","[[0, 0, 0, 0, 0, 0, 0, 0], [0, 0, 0, 0, 0, 0, 0, 0], [0, 0, 0, 0, 0, 0, 0, 0], [0, 0, 0, 0, 0, 0, 0, 0]]",0.072
315,0.01,2,"[[0.01, 0.19, 0.1, 0.03, 0.13, 0.15, 0.13], [0.17, 0.18, 0.07, 0.17, 0.17, 0.12, 0.12], [0.11, 0.17, 0.18, 0.22, 0.08, 0.06, 0.07], [0.12, 0.02, 0.07, 0.16, 0.17, 0.14, 0.04]]",0.13,0.18,16,"[0.3, 0.29, 0.13, 0.28]","[[0, 0, 0, 0, 0, 0, 0, 0], [0, 0, 0, 0, 0, 0, 0, 0], [0, 0, 0, 0, 0, 0, 0, 0], [0, 0, 0, 0, 0, 0, 0, 0]]",0.072
316,0.01,2,"[[0.22, 0.12, 0.18, 0.2, 0.04, 0.04, 0.16], [0.19, 0.18, 0.17, 0.17, 0.18, 0.2, 0.15], [0.03, 0.13, 0.18, 0.12, 0.17, 0.16, 0.08], [0.21, 0.09, 0.16, 0.11, 0.25, 0.1, 0.16]]",0.13,0.12,16,"[0.34, 0.12, 0.22, 0.32]","[[0, 0, 0, 0, 0, 0, 0, 0], [0, 0, 0, 0, 0, 0, 0, 0], [0, 0, 0, 0, 0, 0, 0, 0], [0, 0, 0, 0, 0, 0, 0, 0]]",0.072
317,0.01,7,"[[0.12, 0.04, 0.15, 0.03, 0.12, 0.21, 0.16], [0.15, 0.15, 0.1, 0.11, 0.22, 0.11, 0.06], [0.06, 0.07, 0.19, 0.11, 0.05, 0.07, 0.16], [0.05, 0.12, 0.14, 0.09, 0.12, 0.13, 0.02]]",0.13,0.16,16,"[0.04, 0.05, 0.89, 0.02]","[[0, 0, 0, 0, 0, 0, 0, 0], [0, 0, 0, 0, 0, 0, 0, 0], [0, 0, 0, 0, 0, 0, 0, 0], [0, 0, 0, 0, 0, 0, 0, 0]]",0.072
318,0.01,6,"[[0.15, 0.08, 0.15, 0.12, 0.15, 0.08, 0.22], [0.12, 0.2, 0.22, 0.16, 0.25, 0.12, 0.11], [0.19, 0.22, 0.15, 0.08, 0.12, 0.14, 0.2], [0.21, 0.16, 0.09, 0.16, 0.22, 0.15, 0.19]]",0.13,0.14,16,"[0.05, 0.07, 0.86, 0.02]","[[0, 0, 0, 0, 0, 0, 0, 0], [0, 0, 0, 0, 0, 0, 0, 0], [0, 0, 0, 0, 0, 0, 0, 0], [0, 0, 0, 0, 0, 0, 0, 0]]",0.072
319,0.01,3,"[[0.19, 0.09, 0.13, 0.2, 0.03, 0.17, 0.2], [0.08, 0.14, 0.18, 0.15, 0.19, 0.11, 0.07], [0.15, 0.06, 0.07, 0.11, 0.19, 0.02, 0.14], [0.12, 0.04, 0.06, 0.04, 0.06, 0.19, 0.09]]",0.13,0.18,16,"[0.02, 0.85, 0.05, 0.08]","[[0, 0, 0, 0, 0, 0, 0, 0], [0, 0, 0, 0, 0, 0, 0, 0], [0, 0, 0, 0, 0, 0, 0, 0], [0, 0, 0, 0, 0, 0, 0, 0]]",0.072
320,0.01,2,"[[5.92, 9.68, 5.15, 2.59, 5.89, 7.38, 2.85], [1.22, 5.64, 6.3, 3.82, 9.13, 6.51, 3.36], [6.72, 1.0, 8.86, 8.25, 8.82, 6.13, 4.12], [7.5, 7.75, 5.39, 3.9, 7.48, 3.23, 1.98]]",5.0,7.75,17,"[0.3, 0.17, 0.24, 0.29]","[[0, 1, 2, 6, 0, 0, 0, 0], [0, 0, 0, 0, 0, 0, 0, 0], [0, 0, 0, 0, 0, 0, 0, 0], [0, 4, 3, 5, 0, 0, 0, 0]]",2.994
321,0.01,5,"[[4.41, 7.98, 5.03, 0.94, 6.07, 7.96, 3.08], [7.18, 6.38, 1.11, 4.77, 7.21, 4.82, 4.9], [5.63, 7.2, 7.79, 1.19, 2.56, 6.05, 3.13], [2.67, 2.05, 5.91, 4.15, 9.55, 4.46, 9.22]]",5.0,9.55,17,"[0.04, 0.02, 0.05, 0.89]","[[0, 0, 0, 0, 0, 0, 0, 0], [0, 0, 0, 0, 0, 0, 0, 0], [0, 0, 0, 0, 0, 0, 0, 0], [0, 1, 2, 3, 4, 5, 6, 7]]",2.994
322,0.01,2,"[[5.12, 1.51, 5.2, 6.71, 2.69, 8.45, 7.56], [1.26, 6.81, 6.02, 6.85, 3.83, 2.04, 5.15], [0.77, 1.29, 6.67, 1.6, 1.63, 0.54, 0.89], [4.2, 5.58, 3.29, 3.97, 3.54, 6.37, 4.95]]",5.0,5.58,17,"[0.21, 0.27, 0.19, 0.33]","[[0, 0, 9, 0, 0, 0, 0, 0], [0, 0, 4, 0, 0, 0, 8, 0], [0, 0, 10, 0, 0, 0, 0, 0], [0, 1, 2, 3, 5, 6, 7, 0]]",2.994
323,0.01,4,"[[6.2, 4.19, 3.44, 8.27, 6.51, 4.65, 4.01], [2.89, 4.13, 4.82, 8.89, 9.25, 0.96, 6.04], [8.8, 2.84, 4.5, 4.81, 3.19, 0.46, 7.31], [5.12, 1.87, 1.91, 7.0, 2.08, 5.06, 2.86]]",5.0,8.27,17,"[0.15, 0.21, 0.3, 0.34]","[[0, 0, 0, 0, 9, 0, 0, 0], [0, 0, 0, 0, 10, 0, 0, 0], [0, 0, 0, 0, 5, 0, 0, 0], [0, 1, 2, 3, 4, 6, 7, 8]]",2.994
324,0.01,7,"[[8.39, 1.9, 3.96, 5.78, 2.24, 5.8, 4.1], [0.94, 5.02, 2.49, 5.54, 6.54, 4.33, 9.65], [7.94, 7.8, 4.1, 9.82, 1.59, 4.84, 8.58], [8.96, 7.49, 1.94, 3.92, 0.76, 2.82, 6.17]]",5.0,9.65,17,"[0.11, 0.85, 0.02, 0.02]","[[0, 0, 0, 0, 0, 0, 0, 0], [0, 1, 2, 3, 4, 5, 6, 7], [0, 0, 0, 0, 0, 0, 0, 0], [0, 0, 0, 0, 0, 0, 0, 0]]",2.994
325,0.01,7,"[[6.26, 0.19, 5.42, 8.23, 3.15, 1.79, 3.82], [4.19, 3.39, 2.75, 9.2, 5.7, 3.44, 3.56], [5.45, 5.72, 8.61, 4.63, 8.16, 8.36, 7.19], [3.14, 2.27, 7.83, 9.11, 0.69, 3.38, 9.35]]",5.0,9.35,17,"[0.1, 0.01, 0.01, 0.88]","[[0, 0, 0, 0, 0, 0, 0, 0], [0, 0, 0, 0, 0, 0, 0, 0], [0, 0, 0, 0, 0, 0, 0, 0], [0, 1, 2, 3, 4, 5, 6, 7]]",2.994
326,0.01,2,"[[3.89, 7.03, 1.42, 3.85, 5.57, 3.85, 2.09], [1.42, 3.42, 3.49, 1.78, 8.76, 8.52, 6.88], [3.98, 7.53, 6.94, 2.68, 5.16, 4.6, 0.82], [7.43, 7.31, 6.36, 5.75, 9.0, 9.88, 3.78]]",5.0,7.31,17,"[0.86, 0.01, 0.02, 0.11]","[[0, 1, 2, 3, 4, 5, 6, 7], [0, 0, 0, 0, 0, 0, 0, 0], [0, 0, 0, 0, 0, 0, 0, 0], [0, 0, 8, 0, 0, 0, 0, 0]]",2.994
327,0.01,1,"[[7.91, 1.03, 5.87, 7.52, 6.88, 7.18, 6.1], [5.88, 5.55, 1.78, 3.0, 4.69, 4.52, 8.75], [5.71, 1.25, 6.22, 6.17, 8.38, 7.26, 4.32], [6.4, 8.88, 5.28, 4.23, 1.08, 0.7, 3.39]]",5.0,7.91,17,"[0.3, 0.18, 0.2, 0.32]","[[0, 9, 3, 0, 0, 0, 0, 0], [0, 0, 0, 0, 0, 0, 0, 0], [0, 10, 0, 0, 0, 0, 0, 0], [0, 1, 2, 4, 5, 6, 7, 8]]",2.994
328,0.01,3,"[[2.88, 2.6, 7.89, 4.77, 7.12, 4.23, 2.87], [3.29, 2.97, 3.82, 9.51, 9.45, 8.27, 5.42], [3.22, 3.81, 4.18, 2.52, 3.48, 3.16, 9.41], [1.89, 5.73, 6.1, 1.69, 4.58, 1.23, 3.5]]",5.0,7.89,17,"[0.2, 0.16, 0.26, 0.38]","[[0, 0, 11, 9, 0, 0, 0, 0], [0, 0, 0, 0, 0, 0, 0, 0], [0, 0, 10, 8, 0, 0, 0, 0], [0, 1, 2, 3, 4, 5, 6, 7]]",2.994
329,0.01,3,"[[3.74, 4.35, 1.03, 5.02, 2.48, 7.72, 3.91], [9.52, 3.82, 4.46, 2.55, 5.65, 6.25, 0.76], [2.96, 5.49, 2.32, 7.63, 0.35, 8.21, 6.51], [4.09, 2.1, 9.56, 8.08, 0.89, 1.16, 4.1]]",5.0,9.56,17,"[0.04, 0.08, 0.02, 0.86]","[[0, 0, 0, 0, 0, 0, 0, 0], [0, 0, 0, 0, 0, 0, 0, 0], [0, 0, 0, 0, 0, 0, 0, 0], [0, 1, 2, 3, 4, 5, 6, 7]]",2.994
330,0.01,1,"[[0.12, 0.13, 0.12, 0.14, 0.05, 0.1, 0.25], [0.16, 0.2, 0.2, 0.14, 0.09, 0.17, 0.09], [0.11, 0.12, 0.11, 0.11, 0.08, 0.05, 0.17], [0.19, 0.2, 0.07, 0.21, 0.07, 0.13, 0.2]]",0.13,0.16,17,"[0.17, 0.35, 0.31, 0.17]","[[0, 0, 0, 0, 0, 0, 0, 0], [0, 0, 0, 0, 0, 0, 0, 0], [0, 0, 0, 0, 0, 0, 0, 0], [0, 0, 0, 0, 0, 0, 0, 0]]",0.072
331,0.01,1,"[[0.16, 0.11, 0.08, 0.09, 0.11, 0.11, 0.06], [0.14, 0.14, 0.15, 0.18, 0.2, 0.23, 0.09], [0.09, 0.18, 0.2, 0.13, 0.05, 0.16, 0.07], [0.08, 0.02, 0.16, 0.15, 0.1, 0.09, 0.12]]",0.13,0.09,17,"[0.08, 0.02, 0.89, 0.01]","[[0, 0, 0, 0, 0, 0, 0, 0], [0, 0, 0, 0, 0, 0, 0, 0], [0, 0, 0, 0, 0, 0, 0, 0], [0, 0, 0, 0, 0, 0, 0, 0]]",0.072
332,0.01,6,"[[0.2, 0.14, 0.16, 0.12, 0.21, 0.18, 0.23], [0.06, 0.09, 0.16, 0.16, 0.14, 0.12, 0.15], [0.23, 0.08, 0.17, 0.11, 0.04, 0.14, 0.15], [0.06, 0.12, 0.16, 0.23, 0.08, 0.11, 0.15]]",0.13,0.11,17,"[0.33, 0.18, 0.11, 0.38]","[[0, 0, 0, 0, 0, 0, 0, 0], [0, 0, 0, 0, 0, 0, 0, 0], [0, 0, 0, 0, 0, 0, 0, 0], [0, 0, 0, 0, 0, 0, 0, 0]]",0.072
333,0.01,4,"[[0.15, 0.2, 0.21, 0.14, 0.15, 0.21, 0.2], [0.1, 0.12, 0.15, 0.05, 0.19, 0.19, 0.19], [0.2, 0.18, 0.22, 0.07, 0.23, 0.17, 0.15], [0.25, 0.17, 0.14, 0.07, 0.06, 0.14, 0.21]]",0.13,0.14,17,"[0.33, 0.32, 0.13, 0.22]","[[0, 0, 0, 0, 0, 0, 0, 0], [0, 0, 0, 0, 0, 0, 0, 0], [0, 0, 0, 0, 0, 0, 0, 0], [0, 0, 0, 0, 0, 0, 0, 0]]",0.072
334,0.01,3,"[[0.11, 0.18, 0.17, 0.05, 0.02, 0.11, 0.14], [0.16, 0.12, 0.11, 0.08, 0.11, 0.16, 0.08], [0.12, 0.16, 0.05, 0.23, 0.13, 0.08, 0.03], [0.17, 0.24, 0.1, 0.22, 0.06, 0.14, 0.05]]",0.13,0.11,17,"[0.01, 0.08, 0.86, 0.05]","[[0, 0, 0, 0, 0, 0, 0, 0], [0, 0, 0, 0, 0, 0, 0, 0], [0, 0, 0, 0, 0, 0, 0, 0], [0, 0, 0, 0, 0, 0, 0, 0]]",0.072
335,0.01,2,"[[0.2, 0.21, 0.23, 0.23, 0.18, 0.14, 0.22], [0.2, 0.22, 0.22, 0.25, 0.05, 0.12, 0.09], [0.02, 0.05, 0.07, 0.23, 0.14, 0.19, 0.02], [0.12, 0.1, 0.13, 0.23, 0.18, 0.06, 0.24]]",0.13,0.05,17,"[0.08, 0.03, 0.87, 0.02]","[[0, 0, 0, 0, 0, 0, 0, 0], [0, 0, 0, 0, 0, 0, 0, 0], [0, 0, 0, 0, 0, 0, 0, 0], [0, 0, 0, 0, 0, 0, 0, 0]]",0.072
336,0.01,6,"[[0.11, 0.22, 0.08, 0.2, 0.14, 0.03, 0.13], [0.17, 0.02, 0.02, 0.09, 0.21, 0.16, 0.15], [0.09, 0.18, 0.16, 0.17, 0.05, 0.09, 0.1], [0.18, 0.05, 0.09, 0.19, 0.24, 0.18, 0.12]]",0.13,0.03,17,"[0.33, 0.18, 0.11, 0.38]","[[0, 0, 0, 0, 0, 0, 0, 0], [0, 0, 0, 0, 0, 0, 0, 0], [0, 0, 0, 0, 0, 0, 0, 0], [0, 0, 0, 0, 0, 0, 0, 0]]",0.072
337,0.01,5,"[[0.15, 0.17, 0.12, 0.06, 0.06, 0.22, 0.15], [0.19, 0.17, 0.21, 0.18, 0.06, 0.19, 0.04], [0.07, 0.13, 0.08, 0.09, 0.18, 0.11, 0.12], [0.16, 0.1, 0.02, 0.11, 0.21, 0.13, 0.19]]",0.13,0.21,17,"[0.09, 0.05, 0.01, 0.85]","[[0, 0, 0, 0, 0, 0, 0, 0], [0, 0, 0, 0, 0, 0, 0, 0], [0, 0, 0, 0, 0, 0, 0, 0], [0, 0, 0, 0, 0, 0, 0, 0]]",0.072
338,0.01,7,"[[0.06, 0.1, 0.22, 0.17, 0.09, 0.03, 0.08], [0.24, 0.07, 0.1, 0.11, 0.11, 0.15, 0.16], [0.04, 0.05, 0.2, 0.13, 0.03, 0.1, 0.19], [0.2, 0.09, 0.17, 0.15, 0.2, 0.1, 0.15]]",0.13,0.15,17,"[0.01, 0.1, 0.04, 0.85]","[[0, 0, 0, 0, 0, 0, 0, 0], [0, 0, 0, 0, 0, 0, 0, 0], [0, 0, 0, 0, 0, 0, 0, 0], [0, 0, 0, 0, 0, 0, 0, 0]]",0.072
339,0.01,1,"[[0.17, 0.04, 0.18, 0.09, 0.04, 0.16, 0.22], [0.22, 0.14, 0.04, 0.11, 0.04, 0.23, 0.13], [0.09, 0.1, 0.01, 0.06, 0.15, 0.17, 0.05], [0.04, 0.06, 0.1, 0.03, 0.1, 0.03, 0.15]]",0.13,0.17,17,"[0.35, 0.15, 0.13, 0.37]","[[0, 0, 0, 0, 0, 0, 0, 0], [0, 0, 0, 0, 0, 0, 0, 0], [0, 0, 0, 0, 0, 0, 0, 0], [0, 0, 0, 0, 0, 0, 0, 0]]",0.072
340,0.01,4,"[[0.06, 0.22, 0.11, 0.12, 0.13, 0.09, 0.18], [0.2, 0.17, 0.05, 0.09, 0.17, 0.16, 0.24], [0.14, 0.03, 0.23, 0.14, 0.04, 0.13, 0.18], [0.16, 0.1, 0.17, 0.16, 0.14, 0.04, 0.05]]",0.13,0.12,18,"[0.87, 0.02, 0.1, 0.01]","[[0, 1, 0, 2, 3, 0, 4, 0], [0, 0, 0, 0, 0, 0, 0, 0], [0, 0, 0, 0, 0, 0, 0, 0], [0, 0, 0, 0, 0, 0, 0, 0]]",0.072
341,0.01,2,"[[0.07, 0.16, 0.11, 0.2, 0.2, 0.19, 0.16], [0.15, 0.22, 0.24, 0.17, 0.18, 0.12, 0.12], [0.11, 0.16, 0.11, 0.12, 0.21, 0.06, 0.16], [0.17, 0.22, 0.15, 0.11, 0.24, 0.11, 0.17]]",0.13,0.22,18,"[0.09, 0.03, 0.01, 0.87]","[[0, 0, 0, 0, 0, 0, 0, 0], [0, 0, 0, 0, 0, 0, 0, 0], [0, 0, 0, 0, 0, 0, 0, 0], [0, 0, 1, 0, 3, 0, 2, 0]]",0.072
342,0.01,3,"[[0.2, 0.14, 0.16, 0.12, 0.21, 0.18, 0.23], [0.06, 0.09, 0.16, 0.16, 0.14, 0.12, 0.15], [0.23, 0.08, 0.17, 0.11, 0.04, 0.14, 0.15], [0.06, 0.12, 0.16, 0.23, 0.08, 0.11, 0.15]]",0.13,0.16,18,"[0.33, 0.18, 0.11, 0.38]","[[0, 0, 0, 1, 0, 0, 0, 0], [0, 0, 0, 0, 0, 0, 0, 0], [0, 0, 0, 0, 0, 0, 0, 0], [0, 0, 0, 0, 0, 2, 0, 0]]",0.072
343,0.01,5,"[[0.08, 0.23, 0.16, 0.14, 0.22, 0.12, 0.2], [0.17, 0.2, 0.03, 0.17, 0.21, 0.17, 0.07], [0.08, 0.2, 0.14, 0.22, 0.1, 0.13, 0.17], [0.07, 0.12, 0.01, 0.11, 0.05, 0.12, 0.17]]",0.13,0.22,18,"[0.86, 0.03, 0.04, 0.07]","[[0, 0, 0, 0, 0, 1, 0, 0], [0, 0, 0, 0, 0, 0, 0, 0], [0, 0, 0, 0, 0, 0, 0, 0], [0, 0, 0, 0, 0, 0, 0, 0]]",0.072
344,0.01,3,"[[0.14, 0.16, 0.16, 0.21, 0.14, 0.04, 0.08], [0.06, 0.2, 0.17, 0.04, 0.15, 0.07, 0.15], [0.13, 0.19, 0.14, 0.02, 0.08, 0.23, 0.1], [0.15, 0.03, 0.13, 0.07, 0.13, 0.07, 0.19]]",0.13,0.17,18,"[0.26, 0.28, 0.24, 0.22]","[[0, 0, 4, 1, 0, 0, 0, 0], [0, 0, 0, 0, 0, 0, 0, 0], [0, 0, 0, 0, 0, 0, 0, 0], [0, 0, 3, 0, 0, 0, 2, 0]]",0.072
345,0.01,2,"[[0.21, 0.14, 0.05, 0.18, 0.12, 0.1, 0.15], [0.03, 0.07, 0.04, 0.14, 0.13, 0.15, 0.2], [0.05, 0.14, 0.08, 0.16, 0.04, 0.13, 0.08], [0.19, 0.12, 0.09, 0.06, 0.18, 0.05, 0.09]]",0.13,0.14,18,"[0.01, 0.02, 0.88, 0.09]","[[0, 0, 0, 0, 0, 0, 0, 0], [0, 0, 0, 0, 0, 0, 0, 0], [0, 0, 1, 0, 0, 2, 0, 0], [0, 0, 0, 0, 0, 0, 0, 0]]",0.072
346,0.01,5,"[[0.11, 0.13, 0.2, 0.15, 0.12, 0.07, 0.12], [0.17, 0.14, 0.08, 0.03, 0.14, 0.12, 0.21], [0.15, 0.05, 0.06, 0.08, 0.07, 0.16, 0.13], [0.11, 0.11, 0.13, 0.18, 0.08, 0.12, 0.15]]",0.13,0.14,18,"[0.11, 0.38, 0.34, 0.17]","[[0, 0, 0, 0, 0, 0, 0, 0], [0, 0, 0, 0, 0, 0, 0, 0], [0, 0, 0, 0, 0, 0, 0, 0], [0, 0, 0, 0, 0, 0, 0, 0]]",0.072
347,0.01,2,"[[0.18, 0.08, 0.14, 0.2, 0.12, 0.1, 0.1], [0.1, 0.05, 0.2, 0.13, 0.11, 0.09, 0.04], [0.15, 0.11, 0.22, 0.09, 0.14, 0.12, 0.12], [0.17, 0.01, 0.14, 0.05, 0.14, 0.07, 0.08]]",0.13,0.05,18,"[0.3, 0.22, 0.27, 0.21]","[[0, 0, 0, 0, 0, 0, 0, 0], [0, 0, 0, 0, 0, 0, 0, 0], [0, 0, 0, 0, 0, 0, 0, 0], [0, 0, 0, 0, 0, 0, 0, 0]]",0.072
348,0.01,2,"[[0.05, 0.08, 0.17, 0.15, 0.22, 0.07, 0.07], [0.06, 0.1, 0.12, 0.11, 0.19, 0.16, 0.05], [0.19, 0.16, 0.13, 0.06, 0.18, 0.04, 0.24], [0.15, 0.24, 0.11, 0.13, 0.14, 0.03, 0.01]]",0.13,0.08,18,"[0.86, 0.01, 0.05, 0.08]","[[0, 0, 0, 0, 0, 0, 0, 0], [0, 0, 0, 0, 0, 0, 0, 0], [0, 0, 0, 0, 0, 0, 0, 0], [0, 0, 0, 0, 0, 0, 0, 0]]",0.072
349,0.01,2,"[[0.09, 0.06, 0.16, 0.11, 0.12, 0.22, 0.04], [0.11, 0.19, 0.13, 0.18, 0.2, 0.12, 0.12], [0.11, 0.08, 0.15, 0.06, 0.15, 0.13, 0.16], [0.08, 0.15, 0.2, 0.17, 0.24, 0.04, 0.12]]",0.13,0.19,18,"[0.15, 0.32, 0.21, 0.32]","[[0, 0, 0, 0, 0, 0, 0, 0], [0, 0, 0, 0, 0, 0, 0, 0], [0, 0, 0, 0, 0, 0, 0, 0], [0, 0, 0, 0, 0, 0, 0, 0]]",0.072
350,0.01,6,"[[2.65, 1.66, 4.12, 6.28, 3.9, 4.24, 8.17], [4.84, 2.23, 5.57, 7.45, 3.35, 5.55, 3.39], [6.15, 3.53, 5.47, 2.82, 6.99, 9.09, 0.79], [2.47, 2.31, 1.36, 3.11, 4.52, 5.21, 3.31]]",5.0,5.21,18,"[0.01, 0.06, 0.02, 0.91]","[[0, 0, 0, 0, 0, 0, 0, 0], [0, 0, 0, 0, 0, 0, 0, 0], [0, 0, 0, 0, 0, 0, 0, 0], [0, 7, 1, 6, 2, 5, 3, 4]]",2.994
351,0.01,4,"[[7.91, 1.03, 5.87, 7.52, 6.88, 7.18, 6.1], [5.88, 5.55, 1.78, 3.0, 4.69, 4.52, 8.75], [5.71, 1.25, 6.22, 6.17, 8.38, 7.26, 4.32], [6.4, 8.88, 5.28, 4.23, 1.08, 0.7, 3.39]]",5.0,4.23,18,"[0.3, 0.18, 0.2, 0.32]","[[0, 0, 2, 3, 10, 0, 0, 0], [0, 0, 0, 4, 9, 0, 0, 0], [0, 0, 0, 5, 8, 0, 0, 0], [0, 0, 1, 6, 7, 0, 0, 0]]",2.994
352,0.01,1,"[[5.93, 4.61, 6.44, 6.58, 0.77, 6.66, 0.58], [1.24, 4.91, 5.63, 0.45, 3.38, 4.94, 3.12], [7.83, 1.4, 2.04, 7.87, 6.09, 6.31, 5.4], [6.34, 6.33, 4.75, 6.81, 8.3, 6.3, 9.27]]",5.0,1.24,18,"[0.01, 0.1, 0.87, 0.02]","[[0, 13, 0, 0, 8, 0, 0, 0], [0, 12, 0, 0, 9, 0, 0, 0], [0, 1, 2, 3, 4, 5, 6, 7], [0, 11, 0, 0, 10, 0, 0, 0]]",2.994
353,0.01,1,"[[7.17, 3.46, 5.58, 3.93, 3.7, 2.49, 5.53], [9.77, 5.93, 5.47, 2.25, 8.04, 7.17, 0.39], [7.48, 1.53, 5.91, 7.74, 1.59, 6.73, 3.86], [5.1, 6.8, 2.11, 7.09, 7.57, 6.62, 8.34]]",5.0,7.17,18,"[0.88, 0.05, 0.05, 0.02]","[[0, 1, 2, 3, 4, 5, 6, 7], [0, 8, 0, 0, 0, 0, 0, 0], [0, 9, 0, 0, 0, 0, 0, 0], [0, 10, 0, 0, 0, 0, 0, 0]]",2.994
354,0.01,1,"[[7.74, 3.22, 6.43, 3.71, 7.81, 4.87, 5.0], [6.79, 7.24, 2.38, 4.86, 3.87, 6.17, 4.92], [3.15, 9.58, 2.44, 5.2, 8.45, 2.58, 2.29], [4.2, 1.81, 5.9, 9.47, 8.69, 2.45, 6.94]]",5.0,6.79,18,"[0.15, 0.38, 0.14, 0.33]","[[0, 2, 5, 0, 0, 0, 14, 0], [0, 1, 6, 7, 8, 9, 10, 11], [0, 3, 0, 0, 0, 0, 12, 0], [0, 4, 0, 0, 0, 0, 13, 0]]",2.994
355,0.01,3,"[[1.89, 1.68, 4.82, 0.64, 6.72, 5.82, 3.47], [2.81, 5.64, 4.93, 5.88, 1.19, 6.58, 2.91], [6.88, 4.96, 4.06, 5.77, 1.03, 4.24, 5.62], [0.22, 1.89, 4.63, 5.2, 4.1, 3.36, 6.44]]",5.0,4.06,18,"[0.25, 0.26, 0.31, 0.18]","[[0, 3, 7, 18, 15, 19, 24, 28], [0, 2, 6, 17, 14, 20, 23, 27], [0, 1, 5, 9, 10, 12, 11, 26], [0, 4, 8, 16, 13, 21, 22, 25]]",2.994
356,0.01,6,"[[6.18, 4.93, 6.72, 3.3, 6.34, 6.06, 5.41], [7.2, 2.38, 3.93, 9.67, 4.79, 7.96, 3.99], [0.82, 2.25, 1.43, 2.43, 5.42, 7.07, 9.93], [9.97, 3.97, 5.79, 8.9, 4.27, 7.39, 5.81]]",5.0,6.06,18,"[0.28, 0.28, 0.19, 0.25]","[[0, 2, 5, 11, 13, 19, 20, 27], [0, 1, 4, 10, 12, 18, 21, 26], [0, 3, 7, 9, 14, 17, 22, 25], [0, 0, 6, 8, 15, 16, 23, 24]]",2.994
357,0.01,7,"[[5.71, 4.0, 7.87, 3.26, 8.95, 9.97, 6.35], [4.81, 5.73, 5.74, 5.66, 5.51, 4.81, 7.59], [6.14, 5.62, 3.6, 6.94, 3.42, 3.6, 6.26], [1.09, 4.7, 1.56, 4.05, 2.65, 4.29, 5.33]]",5.0,5.33,18,"[0.02, 0.08, 0.03, 0.87]","[[0, 0, 0, 0, 0, 0, 0, 9], [0, 0, 0, 0, 0, 0, 0, 10], [0, 0, 0, 0, 0, 0, 0, 8], [0, 1, 2, 3, 4, 5, 6, 7]]",2.994
358,0.01,4,"[[2.67, 1.86, 1.79, 5.75, 3.59, 3.3, 1.49], [1.18, 8.77, 6.89, 4.16, 3.25, 3.0, 9.34], [1.75, 2.03, 4.01, 8.67, 5.48, 1.04, 6.3], [4.37, 0.5, 5.19, 4.46, 0.43, 0.13, 6.06]]",5.0,4.46,18,"[0.24, 0.23, 0.24, 0.29]","[[0, 4, 5, 12, 13, 20, 21, 28], [0, 3, 6, 11, 14, 19, 22, 27], [0, 2, 7, 10, 16, 18, 23, 26], [0, 1, 8, 9, 15, 17, 24, 25]]",2.994
359,0.01,5,"[[7.04, 7.27, 1.99, 4.87, 6.53, 6.34, 1.47], [5.29, 2.16, 9.06, 4.67, 7.92, 5.41, 7.56], [6.95, 5.35, 1.7, 4.81, 6.84, 1.21, 8.92], [6.63, 5.53, 4.35, 1.42, 5.69, 5.92, 4.12]]",5.0,7.92,18,"[0.07, 0.87, 0.03, 0.03]","[[0, 11, 0, 6, 0, 14, 0, 19], [0, 1, 2, 3, 4, 5, 9, 10], [0, 12, 0, 7, 0, 15, 0, 18], [0, 13, 0, 8, 0, 16, 0, 17]]",2.994
360,0.01,1,"[[0.12, 0.04, 0.15, 0.03, 0.12, 0.21, 0.16], [0.15, 0.15, 0.1, 0.11, 0.22, 0.11, 0.06], [0.06, 0.07, 0.19, 0.11, 0.05, 0.07, 0.16], [0.05, 0.12, 0.14, 0.09, 0.12, 0.13, 0.02]]",0.13,0.06,19,"[0.04, 0.05, 0.89, 0.02]","[[0, 0, 0, 0, 0, 0, 0, 0], [0, 0, 0, 0, 0, 0, 0, 0], [0, 1, 2, 3, 4, 5, 6, 7], [0, 0, 0, 0, 0, 0, 0, 0]]",0.072
361,0.01,2,"[[0.02, 0.18, 0.09, 0.13, 0.07, 0.12, 0.08], [0.15, 0.12, 0.24, 0.14, 0.1, 0.01, 0.14], [0.2, 0.14, 0.24, 0.13, 0.22, 0.23, 0.18], [0.11, 0.21, 0.18, 0.07, 0.12, 0.14, 0.14]]",0.13,0.18,19,"[0.85, 0.02, 0.03, 0.1]","[[0, 7, 6, 1, 5, 2, 4, 3], [0, 0, 0, 0, 0, 0, 0, 0], [0, 0, 0, 0, 0, 0, 0, 0], [0, 0, 0, 0, 0, 0, 0, 0]]",0.072
362,0.01,1,"[[0.11, 0.13, 0.2, 0.15, 0.12, 0.07, 0.12], [0.17, 0.14, 0.08, 0.03, 0.14, 0.12, 0.21], [0.15, 0.05, 0.06, 0.08, 0.07, 0.16, 0.13], [0.11, 0.11, 0.13, 0.18, 0.08, 0.12, 0.15]]",0.13,0.17,19,"[0.11, 0.38, 0.34, 0.17]","[[0, 0, 0, 0, 0, 0, 0, 0], [0, 1, 0, 3, 0, 5, 0, 0], [0, 0, 2, 0, 4, 0, 6, 0], [0, 0, 0, 0, 0, 0, 0, 0]]",0.072
363,0.01,5,"[[0.11, 0.06, 0.11, 0.08, 0.17, 0.11, 0.11], [0.14, 0.12, 0.06, 0.14, 0.09, 0.14, 0.12], [0.04, 0.15, 0.09, 0.13, 0.15, 0.18, 0.21], [0.1, 0.08, 0.17, 0.08, 0.19, 0.13, 0.19]]",0.13,0.15,19,"[0.26, 0.2, 0.27, 0.27]","[[0, 0, 0, 1, 0, 5, 0, 0], [0, 0, 0, 2, 0, 6, 0, 0], [0, 0, 0, 3, 0, 7, 0, 0], [0, 0, 0, 4, 0, 8, 0, 0]]",0.072
364,0.01,3,"[[0.12, 0.17, 0.14, 0.13, 0.11, 0.07, 0.23], [0.21, 0.03, 0.18, 0.17, 0.22, 0.07, 0.12], [0.06, 0.15, 0.14, 0.1, 0.11, 0.15, 0.22], [0.13, 0.03, 0.18, 0.17, 0.07, 0.25, 0.1]]",0.13,0.14,19,"[0.39, 0.18, 0.15, 0.28]","[[0, 0, 0, 2, 0, 0, 1, 0], [0, 0, 0, 0, 0, 0, 0, 0], [0, 0, 0, 0, 0, 0, 0, 0], [0, 0, 0, 0, 0, 0, 0, 0]]",0.072
365,0.01,4,"[[0.21, 0.14, 0.05, 0.18, 0.12, 0.1, 0.15], [0.03, 0.07, 0.04, 0.14, 0.13, 0.15, 0.2], [0.05, 0.14, 0.08, 0.16, 0.04, 0.13, 0.08], [0.19, 0.12, 0.09, 0.06, 0.18, 0.05, 0.09]]",0.13,0.16,19,"[0.01, 0.02, 0.88, 0.09]","[[0, 0, 0, 0, 0, 0, 0, 0], [0, 0, 0, 0, 0, 0, 0, 0], [0, 1, 2, 3, 4, 5, 6, 7], [0, 0, 0, 0, 0, 0, 0, 0]]",0.072
366,0.01,5,"[[0.18, 0.08, 0.14, 0.2, 0.12, 0.1, 0.1], [0.1, 0.05, 0.2, 0.13, 0.11, 0.09, 0.04], [0.15, 0.11, 0.22, 0.09, 0.14, 0.12, 0.12], [0.17, 0.01, 0.14, 0.05, 0.14, 0.07, 0.08]]",0.13,0.14,19,"[0.3, 0.22, 0.27, 0.21]","[[0, 0, 0, 0, 0, 0, 0, 0], [0, 0, 0, 0, 0, 0, 0, 0], [0, 0, 0, 0, 0, 0, 0, 0], [0, 0, 0, 0, 0, 0, 0, 0]]",0.072
367,0.01,1,"[[0.15, 0.08, 0.15, 0.12, 0.15, 0.08, 0.22], [0.12, 0.2, 0.22, 0.16, 0.25, 0.12, 0.11], [0.19, 0.22, 0.15, 0.08, 0.12, 0.14, 0.2], [0.21, 0.16, 0.09, 0.16, 0.22, 0.15, 0.19]]",0.13,0.19,19,"[0.05, 0.07, 0.86, 0.02]","[[0, 0, 0, 0, 0, 0, 0, 0], [0, 0, 0, 0, 0, 0, 0, 0], [0, 1, 0, 0, 0, 0, 0, 0], [0, 0, 0, 0, 0, 0, 0, 0]]",0.072
368,0.01,7,"[[0.14, 0.16, 0.16, 0.21, 0.14, 0.04, 0.08], [0.06, 0.2, 0.17, 0.04, 0.15, 0.07, 0.15], [0.13, 0.19, 0.14, 0.02, 0.08, 0.23, 0.1], [0.15, 0.03, 0.13, 0.07, 0.13, 0.07, 0.19]]",0.13,0.15,19,"[0.26, 0.28, 0.24, 0.22]","[[0, 0, 0, 0, 0, 0, 0, 0], [0, 0, 0, 0, 0, 0, 0, 0], [0, 0, 0, 0, 0, 0, 0, 0], [0, 0, 0, 0, 0, 0, 0, 0]]",0.072
369,0.01,1,"[[0.02, 0.1, 0.05, 0.19, 0.09, 0.05, 0.06], [0.03, 0.12, 0.22, 0.08, 0.02, 0.07, 0.12], [0.18, 0.19, 0.1, 0.18, 0.18, 0.13, 0.15], [0.08, 0.17, 0.23, 0.11, 0.13, 0.16, 0.07]]",0.13,0.03,19,"[0.06, 0.06, 0.03, 0.85]","[[0, 0, 0, 0, 0, 0, 0, 0], [0, 0, 0, 0, 0, 0, 0, 0], [0, 0, 0, 0, 0, 0, 0, 0], [0, 0, 1, 0, 2, 3, 5, 4]]",0.072
370,0.01,7,"[[5.11, 2.17, 0.1, 9.47, 2.73, 6.4, 3.36], [4.31, 7.26, 6.36, 8.48, 2.98, 4.68, 5.77], [8.38, 2.0, 6.14, 7.53, 4.7, 1.99, 1.53], [7.09, 5.94, 3.03, 5.37, 2.51, 3.9, 2.79]]",5.0,5.77,19,"[0.31, 0.35, 0.15, 0.19]","[[0, 0, 0, 0, 0, 0, 0, 0], [0, 0, 0, 0, 0, 1, 0, 2], [0, 0, 0, 0, 0, 0, 0, 0], [0, 0, 0, 0, 0, 0, 0, 0]]",2.994
371,0.01,7,"[[0.94, 9.58, 9.58, 1.68, 3.99, 3.26, 9.98], [7.2, 6.69, 3.6, 6.35, 1.28, 0.52, 9.84], [4.59, 4.33, 3.41, 2.69, 0.89, 3.28, 2.91], [7.61, 5.48, 8.81, 6.78, 0.6, 7.91, 3.87]]",5.0,9.84,19,"[0.01, 0.89, 0.08, 0.02]","[[0, 0, 0, 0, 0, 0, 0, 0], [0, 1, 6, 2, 5, 4, 3, 7], [0, 0, 0, 0, 0, 0, 0, 0], [0, 0, 0, 0, 0, 0, 0, 0]]",2.994
372,0.01,5,"[[8.47, 2.82, 7.33, 4.03, 7.07, 2.75, 1.54], [4.68, 3.16, 0.97, 1.44, 5.2, 6.65, 9.25], [8.41, 7.04, 1.31, 3.23, 7.09, 7.67, 1.55], [6.28, 2.99, 4.33, 1.28, 9.25, 6.99, 2.35]]",5.0,9.25,19,"[0.01, 0.01, 0.01, 0.97]","[[0, 0, 0, 0, 0, 0, 0, 0], [0, 0, 0, 0, 0, 0, 0, 0], [0, 0, 0, 0, 0, 0, 0, 0], [0, 1, 0, 2, 0, 3, 0, 0]]",2.994
373,0.01,5,"[[2.67, 1.86, 1.79, 5.75, 3.59, 3.3, 1.49], [1.18, 8.77, 6.89, 4.16, 3.25, 3.0, 9.34], [1.75, 2.03, 4.01, 8.67, 5.48, 1.04, 6.3], [4.37, 0.5, 5.19, 4.46, 0.43, 0.13, 6.06]]",5.0,3.25,19,"[0.24, 0.23, 0.24, 0.29]","[[0, 0, 0, 0, 0, 0, 0, 0], [0, 0, 0, 0, 0, 0, 0, 0], [0, 0, 0, 0, 0, 0, 0, 0], [0, 0, 0, 0, 0, 0, 0, 0]]",2.994
374,0.01,1,"[[8.02, 3.92, 3.11, 4.49, 4.13, 7.86, 3.71], [5.5, 3.12, 4.78, 4.63, 5.83, 9.55, 5.01], [6.87, 6.07, 1.32, 5.58, 8.22, 5.74, 5.54], [4.62, 3.36, 5.75, 5.59, 2.34, 1.7, 6.64]]",5.0,8.02,19,"[0.25, 0.27, 0.24, 0.24]","[[0, 25, 1, 6, 9, 13, 17, 21], [0, 26, 2, 5, 10, 14, 18, 22], [0, 27, 3, 7, 11, 15, 19, 23], [0, 28, 4, 8, 12, 16, 20, 24]]",2.994
375,0.01,6,"[[5.12, 1.51, 5.2, 6.71, 2.69, 8.45, 7.56], [1.26, 6.81, 6.02, 6.85, 3.83, 2.04, 5.15], [0.77, 1.29, 6.67, 1.6, 1.63, 0.54, 0.89], [4.2, 5.58, 3.29, 3.97, 3.54, 6.37, 4.95]]",5.0,6.37,19,"[0.21, 0.27, 0.19, 0.33]","[[0, 0, 0, 0, 0, 0, 8, 0], [0, 0, 0, 0, 0, 0, 9, 0], [0, 0, 0, 0, 0, 0, 0, 0], [0, 1, 2, 3, 4, 5, 6, 7]]",2.994
376,0.01,1,"[[5.28, 9.9, 6.81, 1.61, 2.79, 8.92, 6.09], [3.46, 6.68, 6.44, 3.71, 3.55, 0.25, 8.07], [6.52, 2.17, 8.0, 8.5, 5.35, 1.81, 3.32], [5.89, 1.86, 6.44, 5.29, 3.29, 8.96, 7.12]]",5.0,3.46,19,"[0.23, 0.3, 0.24, 0.23]","[[0, 0, 0, 0, 0, 0, 0, 0], [0, 0, 0, 0, 0, 0, 0, 0], [0, 0, 0, 0, 0, 0, 0, 0], [0, 0, 0, 0, 0, 0, 0, 0]]",2.994
377,0.01,4,"[[6.26, 0.19, 5.42, 8.23, 3.15, 1.79, 3.82], [4.19, 3.39, 2.75, 9.2, 5.7, 3.44, 3.56], [5.45, 5.72, 8.61, 4.63, 8.16, 8.36, 7.19], [3.14, 2.27, 7.83, 9.11, 0.69, 3.38, 9.35]]",5.0,9.11,19,"[0.1, 0.01, 0.01, 0.88]","[[0, 0, 0, 0, 5, 0, 0, 0], [0, 0, 0, 0, 0, 0, 0, 0], [0, 0, 0, 0, 0, 0, 0, 0], [0, 1, 2, 3, 4, 0, 0, 0]]",2.994
378,0.01,3,"[[3.74, 4.35, 1.03, 5.02, 2.48, 7.72, 3.91], [9.52, 3.82, 4.46, 2.55, 5.65, 6.25, 0.76], [2.96, 5.49, 2.32, 7.63, 0.35, 8.21, 6.51], [4.09, 2.1, 9.56, 8.08, 0.89, 1.16, 4.1]]",5.0,9.56,19,"[0.04, 0.08, 0.02, 0.86]","[[0, 0, 0, 0, 0, 0, 0, 0], [0, 0, 0, 0, 0, 0, 0, 0], [0, 0, 0, 0, 0, 0, 0, 0], [0, 0, 1, 2, 0, 0, 0, 0]]",2.994
379,0.01,4,"[[5.97, 8.23, 1.24, 7.62, 4.62, 4.29, 5.98], [8.29, 4.65, 5.55, 1.01, 2.98, 8.74, 8.92], [1.93, 2.81, 4.79, 6.01, 7.29, 6.55, 4.48], [9.09, 1.98, 6.38, 4.5, 3.08, 5.26, 4.47]]",5.0,7.62,19,"[0.86, 0.01, 0.12, 0.01]","[[0, 6, 5, 7, 1, 4, 2, 3], [0, 0, 0, 0, 0, 0, 0, 0], [0, 0, 8, 0, 9, 0, 0, 0], [0, 0, 0, 0, 0, 0, 0, 0]]",2.994
380,0.0,1,"[[8.51, 2.86, 5.22, 3.29, 7.8, 7.12, 2.91], [7.85, 5.63, 4.76, 5.73, 4.36, 4.99, 0.21], [1.1, 2.64, 4.86, 7.57, 7.15, 0.31, 2.34], [6.38, 5.91, 3.08, 6.0, 7.58, 3.85, 6.26]]",5.0,7.85,20,"[0.19, 0.32, 0.23, 0.26]","[[0, 1, 2, 3, 4, 5, 6, 7], [0, 14, 13, 12, 11, 10, 9, 8], [0, 15, 16, 17, 18, 19, 20, 21], [0, 25, 26, 27, 24, 28, 23, 22]]",2.994
381,0.0,6,"[[1.89, 1.68, 4.82, 0.64, 6.72, 5.82, 3.47], [2.81, 5.64, 4.93, 5.88, 1.19, 6.58, 2.91], [6.88, 4.96, 4.06, 5.77, 1.03, 4.24, 5.62], [0.22, 1.89, 4.63, 5.2, 4.1, 3.36, 6.44]]",5.0,6.58,20,"[0.25, 0.26, 0.31, 0.18]","[[0, 1, 8, 9, 23, 22, 21, 20], [0, 2, 7, 10, 12, 14, 16, 18], [0, 3, 6, 11, 13, 15, 17, 19], [0, 4, 5, 24, 25, 26, 27, 28]]",2.994
382,0.0,5,"[[0.95, 2.78, 3.25, 5.38, 7.09, 3.77, 4.83], [7.13, 8.96, 5.39, 2.27, 8.34, 7.96, 4.55], [9.77, 5.61, 8.97, 8.09, 6.52, 2.37, 9.08], [8.52, 1.84, 1.06, 3.62, 0.7, 3.27, 0.14]]",5.0,7.09,20,"[0.85, 0.07, 0.07, 0.01]","[[0, 1, 8, 9, 16, 17, 24, 25], [0, 2, 7, 10, 15, 18, 23, 26], [0, 3, 6, 11, 14, 19, 22, 27], [0, 4, 5, 12, 13, 20, 21, 28]]",2.994
383,0.0,5,"[[5.16, 3.84, 2.97, 6.89, 7.92, 3.02, 6.81], [6.93, 3.64, 5.33, 8.47, 3.82, 8.88, 7.83], [4.51, 5.38, 9.21, 3.79, 4.77, 9.29, 4.59], [3.55, 8.48, 4.66, 2.28, 3.95, 2.95, 5.67]]",5.0,7.92,20,"[0.86, 0.08, 0.05, 0.01]","[[0, 1, 6, 8, 9, 10, 11, 12], [0, 2, 7, 0, 16, 13, 0, 0], [0, 3, 0, 0, 17, 15, 0, 0], [0, 4, 5, 0, 18, 14, 0, 0]]",2.994
384,0.0,1,"[[4.36, 8.7, 5.94, 4.41, 8.37, 5.83, 0.58], [9.58, 2.24, 8.49, 4.24, 4.63, 4.53, 5.29], [6.08, 4.31, 5.59, 3.3, 3.91, 4.21, 4.74], [9.25, 5.33, 1.67, 7.75, 5.64, 2.81, 3.02]]",5.0,4.36,20,"[0.31, 0.27, 0.14, 0.28]","[[0, 1, 8, 9, 16, 17, 24, 25], [0, 2, 7, 11, 15, 18, 23, 26], [0, 3, 6, 10, 14, 20, 22, 27], [0, 4, 5, 12, 13, 19, 21, 28]]",2.994
385,0.0,5,"[[5.63, 2.91, 6.84, 6.5, 2.65, 5.91, 4.09], [5.16, 0.83, 2.41, 5.99, 6.15, 3.67, 6.12], [5.67, 9.08, 3.93, 7.57, 5.62, 2.51, 2.61], [4.59, 1.2, 4.42, 1.16, 8.17, 8.27, 1.11]]",5.0,6.15,20,"[0.14, 0.34, 0.35, 0.17]","[[0, 1, 8, 9, 16, 17, 24, 25], [0, 2, 7, 10, 15, 18, 23, 26], [0, 3, 6, 11, 14, 19, 22, 27], [0, 4, 5, 12, 13, 20, 21, 28]]",2.994
386,0.0,5,"[[8.47, 2.82, 7.33, 4.03, 7.07, 2.75, 1.54], [4.68, 3.16, 0.97, 1.44, 5.2, 6.65, 9.25], [8.41, 7.04, 1.31, 3.23, 7.09, 7.67, 1.55], [6.28, 2.99, 4.33, 1.28, 9.25, 6.99, 2.35]]",5.0,9.25,20,"[0.01, 0.01, 0.01, 0.97]","[[0, 1, 0, 0, 0, 12, 0, 0], [0, 2, 0, 0, 0, 11, 0, 0], [0, 0, 0, 0, 0, 10, 0, 0], [0, 4, 3, 5, 6, 7, 8, 9]]",2.994
387,0.0,1,"[[5.93, 4.61, 6.44, 6.58, 0.77, 6.66, 0.58], [1.24, 4.91, 5.63, 0.45, 3.38, 4.94, 3.12], [7.83, 1.4, 2.04, 7.87, 6.09, 6.31, 5.4], [6.34, 6.33, 4.75, 6.81, 8.3, 6.3, 9.27]]",5.0,7.83,20,"[0.01, 0.1, 0.87, 0.02]","[[0, 12, 0, 0, 9, 0, 0, 0], [0, 11, 18, 17, 8, 14, 15, 16], [0, 1, 2, 3, 4, 5, 6, 7], [0, 10, 0, 0, 13, 0, 0, 0]]",2.994
388,0.0,2,"[[0.72, 5.25, 9.97, 4.85, 8.58, 2.57, 9.15], [5.48, 9.36, 2.36, 9.25, 3.72, 4.76, 6.74], [7.14, 7.36, 2.91, 4.13, 7.03, 8.48, 0.38], [5.84, 6.37, 7.56, 3.71, 4.02, 2.93, 0.09]]",5.0,9.36,20,"[0.03, 0.85, 0.06, 0.06]","[[0, 0, 8, 0, 11, 0, 0, 0], [0, 1, 2, 3, 4, 5, 6, 7], [0, 0, 9, 0, 12, 0, 0, 0], [0, 0, 10, 0, 13, 0, 0, 0]]",2.994
389,0.0,4,"[[6.38, 4.4, 2.78, 4.02, 3.28, 4.56, 6.79], [6.89, 5.4, 5.87, 9.63, 0.42, 4.93, 4.29], [2.96, 2.23, 8.29, 4.74, 3.72, 2.39, 0.86], [5.36, 5.18, 6.28, 1.08, 2.81, 5.95, 9.65]]",5.0,9.63,20,"[0.2, 0.38, 0.3, 0.12]","[[0, 1, 8, 9, 15, 18, 24, 28], [0, 2, 7, 10, 14, 17, 23, 25], [0, 3, 6, 11, 16, 19, 22, 26], [0, 4, 5, 12, 13, 20, 21, 27]]",2.994
390,0.0,7,"[[0.07, 0.07, 0.17, 0.05, 0.08, 0.18, 0.15], [0.19, 0.17, 0.06, 0.13, 0.2, 0.13, 0.2], [0.08, 0.18, 0.04, 0.21, 0.15, 0.15, 0.18], [0.06, 0.08, 0.09, 0.02, 0.12, 0.19, 0.09]]",0.13,0.2,20,"[0.31, 0.27, 0.19, 0.23]","[[0, 1, 3, 5, 8, 9, 11, 13], [0, 4, 2, 6, 7, 10, 12, 14], [0, 0, 0, 24, 18, 17, 19, 16], [0, 0, 0, 23, 22, 21, 20, 15]]",0.072
391,0.0,6,"[[0.1, 0.1, 0.17, 0.08, 0.04, 0.09, 0.12], [0.18, 0.07, 0.12, 0.15, 0.14, 0.22, 0.18], [0.17, 0.02, 0.06, 0.16, 0.1, 0.2, 0.19], [0.23, 0.18, 0.17, 0.22, 0.21, 0.09, 0.19]]",0.13,0.09,20,"[0.21, 0.32, 0.34, 0.13]","[[0, 28, 25, 24, 21, 20, 16, 15], [0, 1, 5, 4, 10, 8, 11, 14], [0, 2, 3, 6, 7, 9, 12, 13], [0, 27, 26, 23, 22, 19, 17, 18]]",0.072
392,0.0,7,"[[0.19, 0.11, 0.24, 0.23, 0.21, 0.14, 0.16], [0.12, 0.1, 0.02, 0.19, 0.1, 0.08, 0.14], [0.05, 0.21, 0.07, 0.2, 0.09, 0.02, 0.23], [0.09, 0.04, 0.09, 0.14, 0.18, 0.2, 0.23]]",0.13,0.23,20,"[0.03, 0.01, 0.92, 0.04]","[[0, 1, 14, 0, 10, 0, 0, 15], [0, 0, 13, 0, 9, 0, 0, 16], [0, 2, 3, 4, 5, 6, 7, 8], [0, 0, 12, 0, 11, 0, 0, 17]]",0.072
393,0.0,7,"[[0.21, 0.18, 0.18, 0.07, 0.17, 0.09, 0.08], [0.07, 0.09, 0.01, 0.16, 0.02, 0.06, 0.25], [0.21, 0.16, 0.24, 0.08, 0.24, 0.16, 0.09], [0.17, 0.08, 0.18, 0.24, 0.11, 0.09, 0.22]]",0.13,0.25,20,"[0.21, 0.27, 0.2, 0.32]","[[0, 16, 0, 0, 9, 0, 0, 13], [0, 15, 0, 0, 10, 0, 0, 12], [0, 14, 0, 0, 8, 0, 0, 11], [0, 1, 2, 3, 4, 5, 6, 7]]",0.072
394,0.0,7,"[[0.14, 0.12, 0.08, 0.02, 0.14, 0.19, 0.09], [0.2, 0.01, 0.13, 0.03, 0.11, 0.06, 0.23], [0.19, 0.12, 0.16, 0.15, 0.16, 0.07, 0.21], [0.09, 0.14, 0.24, 0.12, 0.1, 0.2, 0.16]]",0.13,0.16,20,"[0.36, 0.17, 0.12, 0.35]","[[0, 1, 5, 4, 8, 9, 12, 13], [0, 28, 25, 17, 21, 19, 15, 24], [0, 27, 26, 18, 20, 22, 16, 23], [0, 2, 3, 6, 7, 10, 11, 14]]",0.072
395,0.0,2,"[[0.02, 0.18, 0.09, 0.13, 0.07, 0.12, 0.08], [0.15, 0.12, 0.24, 0.14, 0.1, 0.01, 0.14], [0.2, 0.14, 0.24, 0.13, 0.22, 0.23, 0.18], [0.11, 0.21, 0.18, 0.07, 0.12, 0.14, 0.14]]",0.13,0.18,20,"[0.85, 0.02, 0.03, 0.1]","[[0, 1, 2, 3, 4, 5, 6, 7], [0, 0, 8, 0, 0, 0, 0, 0], [0, 0, 9, 0, 0, 0, 0, 0], [0, 0, 10, 0, 0, 0, 0, 0]]",0.072
396,0.0,6,"[[0.18, 0.08, 0.04, 0.19, 0.05, 0.05, 0.16], [0.09, 0.22, 0.23, 0.17, 0.13, 0.24, 0.18], [0.21, 0.2, 0.1, 0.14, 0.11, 0.11, 0.19], [0.23, 0.14, 0.16, 0.18, 0.12, 0.18, 0.03]]",0.13,0.24,20,"[0.02, 0.92, 0.02, 0.04]","[[0, 0, 11, 14, 0, 0, 8, 17], [0, 1, 2, 3, 4, 5, 6, 7], [0, 0, 12, 15, 0, 0, 9, 18], [0, 0, 13, 16, 0, 0, 10, 19]]",0.072
397,0.0,2,"[[0.16, 0.14, 0.08, 0.14, 0.11, 0.13, 0.09], [0.19, 0.11, 0.19, 0.08, 0.11, 0.19, 0.13], [0.21, 0.23, 0.11, 0.11, 0.1, 0.18, 0.03], [0.04, 0.14, 0.12, 0.13, 0.05, 0.04, 0.05]]",0.13,0.23,20,"[0.31, 0.22, 0.18, 0.29]","[[0, 1, 8, 9, 16, 17, 24, 25], [0, 2, 7, 10, 15, 18, 23, 26], [0, 3, 6, 11, 14, 19, 22, 27], [0, 4, 5, 12, 13, 20, 21, 28]]",0.072
398,0.0,3,"[[0.02, 0.1, 0.05, 0.19, 0.09, 0.05, 0.06], [0.03, 0.12, 0.22, 0.08, 0.02, 0.07, 0.12], [0.18, 0.19, 0.1, 0.18, 0.18, 0.13, 0.15], [0.08, 0.17, 0.23, 0.11, 0.13, 0.16, 0.07]]",0.13,0.23,20,"[0.06, 0.06, 0.03, 0.85]","[[0, 0, 13, 10, 0, 0, 0, 0], [0, 0, 12, 9, 0, 0, 0, 0], [0, 0, 11, 8, 0, 0, 0, 0], [0, 1, 2, 3, 4, 5, 6, 7]]",0.072
399,0.0,3,"[[0.15, 0.08, 0.16, 0.16, 0.12, 0.04, 0.13], [0.17, 0.17, 0.2, 0.1, 0.06, 0.16, 0.12], [0.04, 0.25, 0.2, 0.11, 0.04, 0.11, 0.24], [0.15, 0.14, 0.05, 0.11, 0.22, 0.22, 0.2]]",0.13,0.2,20,"[0.01, 0.89, 0.09, 0.01]","[[0, 14, 13, 8, 0, 0, 0, 0], [0, 1, 2, 3, 4, 5, 6, 7], [0, 15, 11, 9, 0, 0, 0, 0], [0, 16, 12, 10, 0, 0, 0, 0]]",0.072
400,0.0,3,"[[9.88, 3.37, 6.84, 6.02, 5.72, 2.47, 6.83], [4.66, 3.57, 1.89, 8.02, 4.52, 4.58, 0.56], [5.57, 8.71, 8.98, 7.3, 1.41, 5.09, 6.3], [2.79, 3.58, 9.87, 3.61, 3.51, 7.13, 2.78]]",5.0,9.87,21,"[0.02, 0.05, 0.05, 0.88]","[[0, 10, 9, 8, 11, 12, 13, 0], [0, 0, 0, 16, 15, 0, 0, 14], [0, 0, 0, 0, 0, 0, 0, 0], [0, 3, 2, 1, 4, 5, 6, 7]]",2.994
401,0.0,1,"[[3.25, 0.97, 8.64, 8.18, 2.13, 6.22, 0.77], [5.88, 7.57, 5.25, 3.43, 6.13, 3.52, 3.61], [5.54, 4.65, 8.68, 9.8, 7.31, 3.42, 4.37], [7.14, 2.83, 7.59, 3.91, 6.6, 1.41, 1.96]]",5.0,7.14,21,"[0.06, 0.03, 0.01, 0.9]","[[0, 0, 0, 0, 0, 0, 0, 0], [0, 0, 0, 0, 0, 0, 0, 0], [0, 0, 0, 0, 0, 0, 0, 0], [0, 1, 2, 3, 4, 5, 6, 7]]",2.994
402,0.0,4,"[[6.38, 4.4, 2.78, 4.02, 3.28, 4.56, 6.79], [6.89, 5.4, 5.87, 9.63, 0.42, 4.93, 4.29], [2.96, 2.23, 8.29, 4.74, 3.72, 2.39, 0.86], [5.36, 5.18, 6.28, 1.08, 2.81, 5.95, 9.65]]",5.0,4.74,21,"[0.2, 0.38, 0.3, 0.12]","[[0, 0, 0, 11, 10, 14, 17, 0], [0, 1, 2, 3, 4, 5, 6, 7], [0, 0, 0, 12, 8, 15, 18, 0], [0, 0, 0, 13, 9, 16, 19, 0]]",2.994
403,0.0,4,"[[7.32, 4.38, 4.99, 7.76, 5.0, 5.94, 2.36], [8.4, 3.61, 8.45, 4.23, 7.02, 4.36, 9.23], [1.69, 3.23, 3.54, 3.86, 3.72, 2.06, 0.61], [7.94, 7.02, 6.73, 4.28, 8.5, 0.13, 2.63]]",5.0,7.76,21,"[0.85, 0.03, 0.11, 0.01]","[[0, 1, 2, 3, 4, 5, 6, 7], [0, 0, 0, 0, 9, 0, 0, 0], [0, 0, 0, 0, 8, 0, 0, 0], [0, 0, 0, 0, 10, 0, 0, 0]]",2.994
404,0.0,4,"[[6.18, 4.93, 6.72, 3.3, 6.34, 6.06, 5.41], [7.2, 2.38, 3.93, 9.67, 4.79, 7.96, 3.99], [0.82, 2.25, 1.43, 2.43, 5.42, 7.07, 9.93], [9.97, 3.97, 5.79, 8.9, 4.27, 7.39, 5.81]]",5.0,8.9,21,"[0.28, 0.28, 0.19, 0.25]","[[0, 1, 7, 9, 13, 20, 21, 0], [0, 2, 6, 10, 14, 19, 22, 0], [0, 3, 5, 11, 15, 18, 0, 0], [0, 4, 8, 12, 16, 17, 0, 0]]",2.994
405,0.0,5,"[[7.11, 5.78, 4.85, 4.33, 7.33, 7.89, 5.26], [5.95, 7.87, 3.44, 7.0, 6.97, 5.22, 6.26], [3.72, 9.35, 7.04, 6.38, 7.42, 6.47, 5.89], [5.94, 4.84, 1.39, 4.52, 3.41, 2.82, 3.73]]",5.0,3.41,21,"[0.33, 0.2, 0.24, 0.23]","[[0, 1, 8, 9, 16, 17, 21, 28], [0, 2, 7, 10, 15, 19, 22, 27], [0, 3, 6, 11, 14, 18, 23, 26], [0, 4, 5, 12, 13, 20, 24, 25]]",2.994
406,0.0,5,"[[5.16, 3.84, 2.97, 6.89, 7.92, 3.02, 6.81], [6.93, 3.64, 5.33, 8.47, 3.82, 8.88, 7.83], [4.51, 5.38, 9.21, 3.79, 4.77, 9.29, 4.59], [3.55, 8.48, 4.66, 2.28, 3.95, 2.95, 5.67]]",5.0,7.92,21,"[0.86, 0.08, 0.05, 0.01]","[[0, 1, 2, 3, 4, 6, 7, 8], [0, 0, 0, 21, 17, 5, 12, 14], [0, 0, 0, 20, 18, 9, 11, 15], [0, 0, 0, 22, 19, 10, 13, 16]]",2.994
407,0.0,1,"[[7.91, 1.03, 5.87, 7.52, 6.88, 7.18, 6.1], [5.88, 5.55, 1.78, 3.0, 4.69, 4.52, 8.75], [5.71, 1.25, 6.22, 6.17, 8.38, 7.26, 4.32], [6.4, 8.88, 5.28, 4.23, 1.08, 0.7, 3.39]]",5.0,5.71,21,"[0.3, 0.18, 0.2, 0.32]","[[0, 11, 10, 14, 15, 16, 18, 17], [0, 12, 9, 0, 0, 0, 0, 0], [0, 13, 8, 0, 0, 0, 0, 0], [0, 1, 3, 2, 4, 5, 6, 7]]",2.994
408,0.0,2,"[[5.97, 8.23, 1.24, 7.62, 4.62, 4.29, 5.98], [8.29, 4.65, 5.55, 1.01, 2.98, 8.74, 8.92], [1.93, 2.81, 4.79, 6.01, 7.29, 6.55, 4.48], [9.09, 1.98, 6.38, 4.5, 3.08, 5.26, 4.47]]",5.0,8.23,21,"[0.86, 0.01, 0.12, 0.01]","[[0, 1, 2, 3, 4, 6, 5, 7], [0, 0, 8, 0, 0, 0, 0, 0], [0, 0, 9, 0, 0, 0, 0, 0], [0, 0, 10, 0, 0, 0, 0, 0]]",2.994
409,0.0,4,"[[5.11, 2.17, 0.1, 9.47, 2.73, 6.4, 3.36], [4.31, 7.26, 6.36, 8.48, 2.98, 4.68, 5.77], [8.38, 2.0, 6.14, 7.53, 4.7, 1.99, 1.53], [7.09, 5.94, 3.03, 5.37, 2.51, 3.9, 2.79]]",5.0,8.48,21,"[0.31, 0.35, 0.15, 0.19]","[[0, 17, 16, 11, 8, 0, 0, 0], [0, 1, 2, 3, 4, 5, 6, 7], [0, 18, 15, 13, 9, 0, 0, 0], [0, 19, 14, 12, 10, 20, 0, 0]]",2.994
410,0.0,2,"[[0.14, 0.16, 0.16, 0.21, 0.14, 0.04, 0.08], [0.06, 0.2, 0.17, 0.04, 0.15, 0.07, 0.15], [0.13, 0.19, 0.14, 0.02, 0.08, 0.23, 0.1], [0.15, 0.03, 0.13, 0.07, 0.13, 0.07, 0.19]]",0.13,0.16,21,"[0.26, 0.28, 0.24, 0.22]","[[0, 8, 9, 11, 10, 12, 13, 14], [0, 1, 2, 3, 4, 5, 6, 7], [0, 22, 23, 24, 25, 26, 27, 28], [0, 21, 20, 19, 18, 17, 16, 15]]",0.072
411,0.0,3,"[[0.02, 0.1, 0.05, 0.19, 0.09, 0.05, 0.06], [0.03, 0.12, 0.22, 0.08, 0.02, 0.07, 0.12], [0.18, 0.19, 0.1, 0.18, 0.18, 0.13, 0.15], [0.08, 0.17, 0.23, 0.11, 0.13, 0.16, 0.07]]",0.13,0.23,21,"[0.06, 0.06, 0.03, 0.85]","[[0, 0, 0, 0, 0, 0, 0, 0], [0, 0, 0, 0, 0, 0, 0, 0], [0, 0, 0, 0, 0, 0, 0, 0], [0, 1, 2, 3, 4, 5, 6, 7]]",0.072
412,0.0,3,"[[0.23, 0.06, 0.08, 0.13, 0.11, 0.05, 0.11], [0.17, 0.17, 0.17, 0.13, 0.09, 0.2, 0.07], [0.21, 0.11, 0.17, 0.05, 0.13, 0.11, 0.17], [0.16, 0.02, 0.2, 0.19, 0.23, 0.13, 0.13]]",0.13,0.17,21,"[0.24, 0.22, 0.21, 0.33]","[[0, 16, 11, 10, 19, 24, 25, 27], [0, 14, 12, 9, 18, 20, 23, 28], [0, 13, 15, 8, 17, 21, 22, 26], [0, 1, 2, 3, 4, 5, 6, 7]]",0.072
413,0.0,5,"[[0.09, 0.06, 0.16, 0.11, 0.12, 0.22, 0.04], [0.11, 0.19, 0.13, 0.18, 0.2, 0.12, 0.12], [0.11, 0.08, 0.15, 0.06, 0.15, 0.13, 0.16], [0.08, 0.15, 0.2, 0.17, 0.24, 0.04, 0.12]]",0.13,0.2,21,"[0.15, 0.32, 0.21, 0.32]","[[0, 0, 17, 0, 0, 15, 0, 0], [0, 1, 2, 6, 7, 10, 11, 14], [0, 0, 18, 0, 0, 16, 0, 0], [0, 3, 4, 5, 8, 9, 12, 13]]",0.072
414,0.0,6,"[[0.06, 0.11, 0.17, 0.23, 0.15, 0.14, 0.21], [0.16, 0.17, 0.08, 0.04, 0.07, 0.21, 0.12], [0.2, 0.19, 0.13, 0.12, 0.17, 0.2, 0.16], [0.1, 0.1, 0.12, 0.16, 0.01, 0.17, 0.09]]",0.13,0.2,21,"[0.23, 0.25, 0.3, 0.22]","[[0, 7, 8, 9, 15, 17, 24, 25], [0, 2, 5, 10, 14, 18, 23, 26], [0, 3, 4, 11, 16, 19, 22, 27], [0, 1, 6, 12, 13, 20, 21, 28]]",0.072
415,0.0,1,"[[0.22, 0.12, 0.18, 0.2, 0.04, 0.04, 0.16], [0.19, 0.18, 0.17, 0.17, 0.18, 0.2, 0.15], [0.03, 0.13, 0.18, 0.12, 0.17, 0.16, 0.08], [0.21, 0.09, 0.16, 0.11, 0.25, 0.1, 0.16]]",0.13,0.21,21,"[0.34, 0.12, 0.22, 0.32]","[[0, 1, 2, 3, 4, 5, 6, 7], [0, 28, 27, 26, 25, 24, 23, 22], [0, 14, 15, 17, 16, 18, 19, 21], [0, 8, 9, 10, 11, 12, 20, 13]]",0.072
416,0.0,2,"[[0.06, 0.22, 0.11, 0.12, 0.13, 0.09, 0.18], [0.2, 0.17, 0.05, 0.09, 0.17, 0.16, 0.24], [0.14, 0.03, 0.23, 0.14, 0.04, 0.13, 0.18], [0.16, 0.1, 0.17, 0.16, 0.14, 0.04, 0.05]]",0.13,0.22,21,"[0.87, 0.02, 0.1, 0.01]","[[0, 1, 2, 3, 4, 5, 6, 7], [0, 11, 8, 16, 17, 23, 22, 28], [0, 12, 9, 15, 18, 21, 24, 27], [0, 13, 10, 14, 19, 20, 25, 26]]",0.072
417,0.0,5,"[[0.14, 0.15, 0.11, 0.2, 0.03, 0.13, 0.04], [0.03, 0.07, 0.1, 0.21, 0.1, 0.13, 0.08], [0.14, 0.03, 0.06, 0.05, 0.15, 0.08, 0.09], [0.13, 0.08, 0.16, 0.01, 0.21, 0.09, 0.05]]",0.13,0.15,21,"[0.06, 0.03, 0.86, 0.05]","[[0, 8, 13, 14, 19, 20, 24, 25], [0, 9, 12, 15, 18, 21, 27, 26], [0, 1, 2, 3, 4, 5, 6, 7], [0, 10, 11, 16, 17, 22, 23, 28]]",0.072
418,0.0,6,"[[0.18, 0.08, 0.04, 0.19, 0.05, 0.05, 0.16], [0.09, 0.22, 0.23, 0.17, 0.13, 0.24, 0.18], [0.21, 0.2, 0.1, 0.14, 0.11, 0.11, 0.19], [0.23, 0.14, 0.16, 0.18, 0.12, 0.18, 0.03]]",0.13,0.24,21,"[0.02, 0.92, 0.02, 0.04]","[[0, 0, 0, 0, 0, 0, 0, 0], [0, 1, 2, 3, 4, 5, 6, 7], [0, 0, 0, 0, 0, 0, 0, 0], [0, 0, 0, 0, 0, 0, 0, 0]]",0.072
419,0.0,3,"[[0.16, 0.11, 0.08, 0.09, 0.11, 0.11, 0.06], [0.14, 0.14, 0.15, 0.18, 0.2, 0.23, 0.09], [0.09, 0.18, 0.2, 0.13, 0.05, 0.16, 0.07], [0.08, 0.02, 0.16, 0.15, 0.1, 0.09, 0.12]]",0.13,0.2,21,"[0.08, 0.02, 0.89, 0.01]","[[0, 0, 0, 0, 0, 0, 0, 0], [0, 0, 0, 0, 0, 0, 0, 0], [0, 1, 2, 3, 4, 5, 6, 7], [0, 0, 0, 0, 0, 0, 0, 0]]",0.072
420,0.01,4,"[[2.54, 7.44, 2.24, 4.32, 2.76, 9.01, 8.48], [1.82, 8.34, 6.23, 3.89, 6.94, 3.11, 6.18], [7.6, 3.71, 5.31, 9.83, 1.09, 3.87, 7.81], [7.76, 7.0, 2.77, 7.48, 3.83, 0.31, 3.13]]",5.0,7.48,22,"[0.04, 0.07, 0.03, 0.86]","[[0, 0, 0, 0, 14, 0, 0, 0], [0, 0, 0, 0, 13, 0, 0, 0], [0, 8, 9, 10, 11, 12, 0, 0], [0, 7, 6, 2, 4, 3, 5, 1]]",2.994
421,0.01,4,"[[1.89, 1.68, 4.82, 0.64, 6.72, 5.82, 3.47], [2.81, 5.64, 4.93, 5.88, 1.19, 6.58, 2.91], [6.88, 4.96, 4.06, 5.77, 1.03, 4.24, 5.62], [0.22, 1.89, 4.63, 5.2, 4.1, 3.36, 6.44]]",5.0,5.2,22,"[0.25, 0.26, 0.31, 0.18]","[[0, 1, 26, 25, 16, 18, 19, 4], [0, 12, 27, 24, 15, 3, 20, 22], [0, 10, 9, 2, 6, 7, 11, 8], [0, 13, 28, 23, 14, 17, 21, 5]]",2.994
422,0.01,6,"[[3.4, 2.14, 9.33, 2.59, 4.55, 1.09, 2.85], [2.69, 7.17, 4.91, 8.03, 6.07, 6.49, 2.28], [2.24, 5.15, 4.83, 2.39, 2.78, 7.43, 5.61], [3.01, 5.69, 6.66, 3.22, 3.6, 8.48, 3.28]]",5.0,7.43,22,"[0.07, 0.01, 0.9, 0.02]","[[0, 0, 0, 0, 4, 0, 13, 0], [0, 0, 0, 0, 3, 0, 12, 0], [0, 7, 6, 5, 2, 8, 10, 9], [0, 0, 0, 0, 1, 0, 11, 0]]",2.994
423,0.01,6,"[[5.12, 1.51, 5.2, 6.71, 2.69, 8.45, 7.56], [1.26, 6.81, 6.02, 6.85, 3.83, 2.04, 5.15], [0.77, 1.29, 6.67, 1.6, 1.63, 0.54, 0.89], [4.2, 5.58, 3.29, 3.97, 3.54, 6.37, 4.95]]",5.0,8.45,22,"[0.21, 0.27, 0.19, 0.33]","[[0, 16, 13, 22, 19, 25, 10, 28], [0, 15, 12, 21, 18, 24, 9, 27], [0, 14, 11, 20, 17, 23, 8, 26], [0, 1, 2, 3, 4, 5, 6, 7]]",2.994
424,0.01,2,"[[7.29, 4.26, 4.93, 3.96, 3.34, 8.54, 6.49], [0.79, 3.44, 2.71, 8.71, 2.86, 7.09, 3.94], [9.61, 8.74, 7.3, 3.82, 1.83, 1.17, 5.37], [2.04, 1.98, 8.39, 1.63, 1.8, 1.97, 7.71]]",5.0,3.44,22,"[0.21, 0.28, 0.29, 0.22]","[[0, 6, 15, 19, 0, 0, 0, 12], [0, 4, 14, 18, 0, 0, 0, 11], [0, 1, 2, 3, 7, 8, 9, 10], [0, 5, 16, 17, 0, 0, 0, 13]]",2.994
425,0.01,1,"[[1.63, 4.7, 3.32, 2.64, 8.47, 3.24, 4.54], [8.67, 5.47, 1.74, 1.77, 1.06, 7.43, 3.25], [4.05, 4.33, 1.96, 6.68, 6.28, 9.52, 7.64], [3.95, 5.24, 1.85, 2.91, 0.64, 2.21, 1.85]]",5.0,8.67,22,"[0.05, 0.89, 0.05, 0.01]","[[0, 10, 0, 0, 0, 0, 0, 0], [0, 1, 2, 3, 5, 4, 6, 7], [0, 8, 0, 0, 0, 0, 0, 0], [0, 9, 0, 0, 0, 0, 0, 0]]",2.994
426,0.01,1,"[[8.51, 2.86, 5.22, 3.29, 7.8, 7.12, 2.91], [7.85, 5.63, 4.76, 5.73, 4.36, 4.99, 0.21], [1.1, 2.64, 4.86, 7.57, 7.15, 0.31, 2.34], [6.38, 5.91, 3.08, 6.0, 7.58, 3.85, 6.26]]",5.0,1.1,22,"[0.19, 0.32, 0.23, 0.26]","[[0, 2, 0, 0, 0, 0, 0, 0], [0, 1, 0, 0, 0, 0, 0, 0], [0, 3, 0, 0, 0, 0, 0, 0], [0, 4, 0, 0, 0, 0, 0, 0]]",2.994
427,0.01,1,"[[8.39, 1.9, 3.96, 5.78, 2.24, 5.8, 4.1], [0.94, 5.02, 2.49, 5.54, 6.54, 4.33, 9.65], [7.94, 7.8, 4.1, 9.82, 1.59, 4.84, 8.58], [8.96, 7.49, 1.94, 3.92, 0.76, 2.82, 6.17]]",5.0,0.94,22,"[0.11, 0.85, 0.02, 0.02]","[[0, 2, 0, 0, 0, 0, 0, 0], [0, 1, 5, 6, 7, 0, 0, 0], [0, 3, 0, 0, 0, 0, 0, 0], [0, 4, 0, 0, 0, 0, 0, 0]]",2.994
428,0.01,3,"[[2.88, 2.6, 7.89, 4.77, 7.12, 4.23, 2.87], [3.29, 2.97, 3.82, 9.51, 9.45, 8.27, 5.42], [3.22, 3.81, 4.18, 2.52, 3.48, 3.16, 9.41], [1.89, 5.73, 6.1, 1.69, 4.58, 1.23, 3.5]]",5.0,4.18,22,"[0.2, 0.16, 0.26, 0.38]","[[0, 0, 0, 0, 0, 0, 0, 0], [0, 1, 0, 0, 0, 0, 0, 0], [0, 0, 0, 0, 0, 0, 0, 0], [0, 2, 3, 5, 4, 6, 7, 8]]",2.994
429,0.01,7,"[[0.94, 9.58, 9.58, 1.68, 3.99, 3.26, 9.98], [7.2, 6.69, 3.6, 6.35, 1.28, 0.52, 9.84], [4.59, 4.33, 3.41, 2.69, 0.89, 3.28, 2.91], [7.61, 5.48, 8.81, 6.78, 0.6, 7.91, 3.87]]",5.0,9.84,22,"[0.01, 0.89, 0.08, 0.02]","[[0, 0, 0, 0, 0, 0, 0, 0], [0, 1, 2, 3, 4, 5, 6, 7], [0, 0, 0, 0, 0, 0, 0, 0], [0, 0, 0, 0, 0, 0, 0, 0]]",2.994
430,0.01,4,"[[0.21, 0.14, 0.05, 0.18, 0.12, 0.1, 0.15], [0.03, 0.07, 0.04, 0.14, 0.13, 0.15, 0.2], [0.05, 0.14, 0.08, 0.16, 0.04, 0.13, 0.08], [0.19, 0.12, 0.09, 0.06, 0.18, 0.05, 0.09]]",0.13,0.16,22,"[0.01, 0.02, 0.88, 0.09]","[[0, 0, 0, 0, 0, 0, 0, 0], [0, 0, 0, 0, 0, 0, 0, 0], [0, 1, 2, 3, 4, 5, 6, 7], [0, 0, 0, 0, 0, 0, 0, 0]]",0.072
431,0.01,7,"[[0.12, 0.17, 0.14, 0.13, 0.11, 0.07, 0.23], [0.21, 0.03, 0.18, 0.17, 0.22, 0.07, 0.12], [0.06, 0.15, 0.14, 0.1, 0.11, 0.15, 0.22], [0.13, 0.03, 0.18, 0.17, 0.07, 0.25, 0.1]]",0.13,0.1,22,"[0.39, 0.18, 0.15, 0.28]","[[0, 1, 2, 3, 4, 5, 6, 7], [0, 0, 0, 0, 0, 0, 0, 0], [0, 0, 0, 0, 0, 0, 0, 0], [0, 0, 0, 0, 0, 0, 0, 0]]",0.072
432,0.01,7,"[[0.12, 0.04, 0.15, 0.03, 0.12, 0.21, 0.16], [0.15, 0.15, 0.1, 0.11, 0.22, 0.11, 0.06], [0.06, 0.07, 0.19, 0.11, 0.05, 0.07, 0.16], [0.05, 0.12, 0.14, 0.09, 0.12, 0.13, 0.02]]",0.13,0.16,22,"[0.04, 0.05, 0.89, 0.02]","[[0, 0, 0, 0, 0, 0, 0, 0], [0, 0, 0, 0, 0, 0, 0, 0], [0, 0, 0, 0, 0, 0, 0, 0], [0, 0, 0, 0, 0, 0, 0, 0]]",0.072
433,0.01,6,"[[0.04, 0.14, 0.09, 0.06, 0.18, 0.1, 0.07], [0.09, 0.13, 0.01, 0.23, 0.07, 0.19, 0.05], [0.08, 0.2, 0.08, 0.21, 0.07, 0.04, 0.22], [0.12, 0.1, 0.09, 0.18, 0.18, 0.04, 0.15]]",0.13,0.04,22,"[0.05, 0.03, 0.07, 0.85]","[[0, 0, 0, 0, 0, 0, 0, 0], [0, 0, 0, 0, 0, 0, 0, 0], [0, 0, 0, 0, 0, 0, 0, 0], [0, 0, 0, 0, 0, 0, 0, 0]]",0.072
434,0.01,4,"[[0.15, 0.2, 0.21, 0.14, 0.15, 0.21, 0.2], [0.1, 0.12, 0.15, 0.05, 0.19, 0.19, 0.19], [0.2, 0.18, 0.22, 0.07, 0.23, 0.17, 0.15], [0.25, 0.17, 0.14, 0.07, 0.06, 0.14, 0.21]]",0.13,0.07,22,"[0.33, 0.32, 0.13, 0.22]","[[0, 0, 0, 0, 0, 0, 0, 0], [0, 0, 0, 0, 0, 0, 0, 0], [0, 0, 0, 0, 0, 0, 0, 0], [0, 0, 0, 0, 0, 0, 0, 0]]",0.072
435,0.01,3,"[[0.1, 0.1, 0.03, 0.13, 0.2, 0.08, 0.11], [0.08, 0.05, 0.11, 0.15, 0.22, 0.2, 0.17], [0.16, 0.24, 0.08, 0.04, 0.05, 0.19, 0.14], [0.1, 0.18, 0.15, 0.14, 0.18, 0.07, 0.19]]",0.13,0.03,22,"[0.36, 0.26, 0.19, 0.19]","[[0, 0, 0, 0, 0, 0, 0, 0], [0, 0, 0, 0, 0, 0, 0, 0], [0, 0, 0, 0, 0, 0, 0, 0], [0, 0, 0, 0, 0, 0, 0, 0]]",0.072
436,0.01,4,"[[0.2, 0.21, 0.23, 0.23, 0.18, 0.14, 0.22], [0.2, 0.22, 0.22, 0.25, 0.05, 0.12, 0.09], [0.02, 0.05, 0.07, 0.23, 0.14, 0.19, 0.02], [0.12, 0.1, 0.13, 0.23, 0.18, 0.06, 0.24]]",0.13,0.23,22,"[0.08, 0.03, 0.87, 0.02]","[[0, 0, 0, 0, 0, 0, 0, 0], [0, 0, 0, 0, 0, 0, 0, 0], [0, 0, 0, 0, 0, 0, 0, 0], [0, 0, 0, 0, 0, 0, 0, 0]]",0.072
437,0.01,1,"[[0.11, 0.17, 0.16, 0.1, 0.16, 0.08, 0.16], [0.14, 0.11, 0.1, 0.17, 0.15, 0.09, 0.15], [0.18, 0.13, 0.06, 0.09, 0.04, 0.12, 0.18], [0.24, 0.17, 0.23, 0.17, 0.08, 0.13, 0.06]]",0.13,0.14,22,"[0.26, 0.27, 0.3, 0.17]","[[0, 0, 0, 0, 0, 0, 0, 0], [0, 0, 0, 0, 0, 0, 0, 0], [0, 0, 0, 0, 0, 0, 0, 0], [0, 0, 0, 0, 0, 0, 0, 0]]",0.072
438,0.01,6,"[[0.08, 0.08, 0.03, 0.08, 0.06, 0.11, 0.11], [0.21, 0.12, 0.16, 0.16, 0.17, 0.12, 0.08], [0.24, 0.22, 0.1, 0.12, 0.06, 0.2, 0.05], [0.13, 0.19, 0.1, 0.18, 0.14, 0.09, 0.16]]",0.13,0.11,22,"[0.12, 0.34, 0.21, 0.33]","[[0, 0, 0, 0, 0, 0, 0, 0], [0, 0, 0, 0, 0, 0, 0, 0], [0, 0, 0, 0, 0, 0, 0, 0], [0, 0, 0, 0, 0, 0, 0, 0]]",0.072
439,0.01,4,"[[0.15, 0.08, 0.16, 0.16, 0.12, 0.04, 0.13], [0.17, 0.17, 0.2, 0.1, 0.06, 0.16, 0.12], [0.04, 0.25, 0.2, 0.11, 0.04, 0.11, 0.24], [0.15, 0.14, 0.05, 0.11, 0.22, 0.22, 0.2]]",0.13,0.11,22,"[0.01, 0.89, 0.09, 0.01]","[[0, 0, 0, 0, 0, 0, 0, 0], [0, 0, 0, 0, 0, 0, 0, 0], [0, 0, 0, 0, 0, 0, 0, 0], [0, 0, 0, 0, 0, 0, 0, 0]]",0.072
440,0.01,6,"[[1.89, 1.68, 4.82, 0.64, 6.72, 5.82, 3.47], [2.81, 5.64, 4.93, 5.88, 1.19, 6.58, 2.91], [6.88, 4.96, 4.06, 5.77, 1.03, 4.24, 5.62], [0.22, 1.89, 4.63, 5.2, 4.1, 3.36, 6.44]]",5.0,5.82,23,"[0.25, 0.26, 0.31, 0.18]","[[0, 1, 8, 9, 16, 17, 24, 25], [0, 2, 7, 10, 15, 18, 23, 26], [0, 3, 6, 11, 14, 19, 22, 27], [0, 4, 5, 12, 13, 20, 21, 28]]",2.994
441,0.01,6,"[[3.4, 2.14, 9.33, 2.59, 4.55, 1.09, 2.85], [2.69, 7.17, 4.91, 8.03, 6.07, 6.49, 2.28], [2.24, 5.15, 4.83, 2.39, 2.78, 7.43, 5.61], [3.01, 5.69, 6.66, 3.22, 3.6, 8.48, 3.28]]",5.0,7.43,23,"[0.07, 0.01, 0.9, 0.02]","[[0, 1, 8, 9, 15, 17, 24, 25], [0, 2, 7, 10, 16, 18, 23, 26], [0, 3, 6, 11, 14, 19, 22, 27], [0, 4, 5, 12, 13, 20, 21, 28]]",2.994
442,0.01,7,"[[5.28, 9.9, 6.81, 1.61, 2.79, 8.92, 6.09], [3.46, 6.68, 6.44, 3.71, 3.55, 0.25, 8.07], [6.52, 2.17, 8.0, 8.5, 5.35, 1.81, 3.32], [5.89, 1.86, 6.44, 5.29, 3.29, 8.96, 7.12]]",5.0,8.07,23,"[0.23, 0.3, 0.24, 0.23]","[[0, 1, 8, 9, 16, 17, 24, 25], [0, 2, 7, 10, 15, 18, 23, 26], [0, 3, 6, 11, 14, 19, 22, 27], [0, 4, 5, 12, 13, 20, 21, 28]]",2.994
443,0.01,4,"[[6.26, 0.19, 5.42, 8.23, 3.15, 1.79, 3.82], [4.19, 3.39, 2.75, 9.2, 5.7, 3.44, 3.56], [5.45, 5.72, 8.61, 4.63, 8.16, 8.36, 7.19], [3.14, 2.27, 7.83, 9.11, 0.69, 3.38, 9.35]]",5.0,8.23,23,"[0.1, 0.01, 0.01, 0.88]","[[0, 1, 8, 9, 16, 17, 24, 25], [0, 2, 7, 10, 15, 18, 23, 26], [0, 3, 6, 11, 14, 19, 22, 27], [0, 4, 5, 12, 13, 20, 21, 28]]",2.994
444,0.01,7,"[[8.39, 1.9, 3.96, 5.78, 2.24, 5.8, 4.1], [0.94, 5.02, 2.49, 5.54, 6.54, 4.33, 9.65], [7.94, 7.8, 4.1, 9.82, 1.59, 4.84, 8.58], [8.96, 7.49, 1.94, 3.92, 0.76, 2.82, 6.17]]",5.0,9.65,23,"[0.11, 0.85, 0.02, 0.02]","[[0, 1, 8, 9, 16, 17, 24, 25], [0, 2, 7, 10, 15, 18, 23, 26], [0, 3, 6, 11, 14, 19, 22, 27], [0, 4, 5, 12, 13, 20, 21, 28]]",2.994
445,0.01,4,"[[7.32, 4.38, 4.99, 7.76, 5.0, 5.94, 2.36], [8.4, 3.61, 8.45, 4.23, 7.02, 4.36, 9.23], [1.69, 3.23, 3.54, 3.86, 3.72, 2.06, 0.61], [7.94, 7.02, 6.73, 4.28, 8.5, 0.13, 2.63]]",5.0,7.76,23,"[0.85, 0.03, 0.11, 0.01]","[[0, 1, 5, 9, 16, 17, 24, 25], [0, 2, 6, 10, 15, 18, 23, 26], [0, 3, 7, 11, 14, 19, 22, 27], [0, 4, 8, 12, 13, 20, 21, 28]]",2.994
446,0.01,5,"[[1.92, 6.77, 0.18, 0.58, 7.09, 4.34, 4.61], [2.63, 2.6, 4.89, 2.52, 8.42, 2.23, 4.37], [6.54, 7.27, 4.71, 3.86, 8.83, 4.81, 5.31], [5.47, 8.91, 3.37, 8.65, 6.85, 1.47, 5.12]]",5.0,6.85,23,"[0.31, 0.2, 0.17, 0.32]","[[0, 1, 4, 5, 8, 9, 12, 13], [0, 28, 15, 26, 23, 17, 21, 19], [0, 27, 16, 25, 24, 18, 22, 20], [0, 2, 3, 6, 7, 10, 11, 14]]",2.994
447,0.01,5,"[[5.77, 3.99, 6.61, 4.81, 8.16, 4.87, 2.84], [5.38, 5.12, 5.88, 4.67, 7.45, 7.64, 1.41], [2.86, 1.79, 4.9, 7.89, 6.3, 3.05, 5.2], [5.28, 6.58, 1.34, 2.2, 4.69, 6.92, 5.01]]",5.0,8.16,23,"[0.34, 0.23, 0.11, 0.32]","[[0, 1, 8, 9, 16, 17, 24, 25], [0, 2, 7, 10, 15, 18, 23, 26], [0, 4, 6, 11, 14, 19, 22, 27], [0, 3, 5, 12, 13, 20, 21, 28]]",2.994
448,0.01,5,"[[8.47, 2.82, 7.33, 4.03, 7.07, 2.75, 1.54], [4.68, 3.16, 0.97, 1.44, 5.2, 6.65, 9.25], [8.41, 7.04, 1.31, 3.23, 7.09, 7.67, 1.55], [6.28, 2.99, 4.33, 1.28, 9.25, 6.99, 2.35]]",5.0,9.25,23,"[0.01, 0.01, 0.01, 0.97]","[[0, 0, 0, 0, 0, 0, 0, 0], [0, 0, 0, 0, 0, 0, 0, 0], [0, 0, 0, 0, 0, 0, 0, 0], [0, 1, 2, 3, 4, 5, 6, 7]]",2.994
449,0.01,1,"[[7.91, 1.03, 5.87, 7.52, 6.88, 7.18, 6.1], [5.88, 5.55, 1.78, 3.0, 4.69, 4.52, 8.75], [5.71, 1.25, 6.22, 6.17, 8.38, 7.26, 4.32], [6.4, 8.88, 5.28, 4.23, 1.08, 0.7, 3.39]]",5.0,5.71,23,"[0.3, 0.18, 0.2, 0.32]","[[0, 1, 8, 9, 16, 17, 24, 25], [0, 2, 7, 10, 15, 18, 23, 26], [0, 3, 6, 11, 14, 19, 22, 27], [0, 4, 5, 12, 13, 20, 21, 28]]",2.994
450,0.01,5,"[[0.02, 0.1, 0.05, 0.19, 0.09, 0.05, 0.06], [0.03, 0.12, 0.22, 0.08, 0.02, 0.07, 0.12], [0.18, 0.19, 0.1, 0.18, 0.18, 0.13, 0.15], [0.08, 0.17, 0.23, 0.11, 0.13, 0.16, 0.07]]",0.13,0.13,23,"[0.06, 0.06, 0.03, 0.85]","[[0, 0, 0, 0, 0, 0, 0, 0], [0, 0, 0, 0, 0, 0, 0, 0], [0, 0, 0, 0, 0, 0, 0, 0], [0, 0, 0, 0, 0, 0, 0, 0]]",0.072
451,0.01,2,"[[0.21, 0.14, 0.05, 0.18, 0.12, 0.1, 0.15], [0.03, 0.07, 0.04, 0.14, 0.13, 0.15, 0.2], [0.05, 0.14, 0.08, 0.16, 0.04, 0.13, 0.08], [0.19, 0.12, 0.09, 0.06, 0.18, 0.05, 0.09]]",0.13,0.14,23,"[0.01, 0.02, 0.88, 0.09]","[[0, 0, 0, 0, 0, 0, 0, 0], [0, 0, 0, 0, 0, 0, 0, 0], [0, 0, 0, 0, 0, 0, 0, 0], [0, 0, 0, 0, 0, 0, 0, 0]]",0.072
452,0.01,6,"[[0.21, 0.18, 0.18, 0.07, 0.17, 0.09, 0.08], [0.07, 0.09, 0.01, 0.16, 0.02, 0.06, 0.25], [0.21, 0.16, 0.24, 0.08, 0.24, 0.16, 0.09], [0.17, 0.08, 0.18, 0.24, 0.11, 0.09, 0.22]]",0.13,0.09,23,"[0.21, 0.27, 0.2, 0.32]","[[0, 0, 0, 0, 0, 0, 0, 0], [0, 0, 0, 0, 0, 0, 0, 0], [0, 0, 0, 0, 0, 0, 0, 0], [0, 0, 0, 0, 0, 0, 0, 0]]",0.072
453,0.01,7,"[[0.07, 0.07, 0.17, 0.05, 0.08, 0.18, 0.15], [0.19, 0.17, 0.06, 0.13, 0.2, 0.13, 0.2], [0.08, 0.18, 0.04, 0.21, 0.15, 0.15, 0.18], [0.06, 0.08, 0.09, 0.02, 0.12, 0.19, 0.09]]",0.13,0.2,23,"[0.31, 0.27, 0.19, 0.23]","[[0, 0, 0, 0, 0, 0, 0, 0], [0, 0, 0, 0, 0, 0, 0, 0], [0, 0, 0, 0, 0, 0, 0, 0], [0, 0, 0, 0, 0, 0, 0, 0]]",0.072
454,0.01,3,"[[0.04, 0.14, 0.09, 0.06, 0.18, 0.1, 0.07], [0.09, 0.13, 0.01, 0.23, 0.07, 0.19, 0.05], [0.08, 0.2, 0.08, 0.21, 0.07, 0.04, 0.22], [0.12, 0.1, 0.09, 0.18, 0.18, 0.04, 0.15]]",0.13,0.09,23,"[0.05, 0.03, 0.07, 0.85]","[[0, 0, 0, 0, 0, 0, 0, 0], [0, 0, 0, 0, 0, 0, 0, 0], [0, 0, 0, 0, 0, 0, 0, 0], [0, 0, 0, 0, 0, 0, 0, 0]]",0.072
455,0.01,3,"[[0.19, 0.11, 0.24, 0.23, 0.21, 0.14, 0.16], [0.12, 0.1, 0.02, 0.19, 0.1, 0.08, 0.14], [0.05, 0.21, 0.07, 0.2, 0.09, 0.02, 0.23], [0.09, 0.04, 0.09, 0.14, 0.18, 0.2, 0.23]]",0.13,0.07,23,"[0.03, 0.01, 0.92, 0.04]","[[0, 0, 0, 0, 0, 0, 0, 0], [0, 0, 0, 0, 0, 0, 0, 0], [0, 0, 0, 0, 0, 0, 0, 0], [0, 0, 0, 0, 0, 0, 0, 0]]",0.072
456,0.01,1,"[[0.01, 0.19, 0.1, 0.03, 0.13, 0.15, 0.13], [0.17, 0.18, 0.07, 0.17, 0.17, 0.12, 0.12], [0.11, 0.17, 0.18, 0.22, 0.08, 0.06, 0.07], [0.12, 0.02, 0.07, 0.16, 0.17, 0.14, 0.04]]",0.13,0.12,23,"[0.3, 0.29, 0.13, 0.28]","[[0, 0, 0, 0, 0, 0, 0, 0], [0, 0, 0, 0, 0, 0, 0, 0], [0, 0, 0, 0, 0, 0, 0, 0], [0, 0, 0, 0, 0, 0, 0, 0]]",0.072
457,0.01,4,"[[0.16, 0.14, 0.08, 0.14, 0.11, 0.13, 0.09], [0.19, 0.11, 0.19, 0.08, 0.11, 0.19, 0.13], [0.21, 0.23, 0.11, 0.11, 0.1, 0.18, 0.03], [0.04, 0.14, 0.12, 0.13, 0.05, 0.04, 0.05]]",0.13,0.11,23,"[0.31, 0.22, 0.18, 0.29]","[[0, 0, 0, 0, 0, 0, 0, 0], [0, 0, 0, 0, 0, 0, 0, 0], [0, 0, 0, 0, 0, 0, 0, 0], [0, 0, 0, 0, 0, 0, 0, 0]]",0.072
458,0.01,5,"[[0.12, 0.17, 0.14, 0.13, 0.11, 0.07, 0.23], [0.21, 0.03, 0.18, 0.17, 0.22, 0.07, 0.12], [0.06, 0.15, 0.14, 0.1, 0.11, 0.15, 0.22], [0.13, 0.03, 0.18, 0.17, 0.07, 0.25, 0.1]]",0.13,0.11,23,"[0.39, 0.18, 0.15, 0.28]","[[0, 0, 0, 0, 0, 0, 0, 0], [0, 0, 0, 0, 0, 0, 0, 0], [0, 0, 0, 0, 0, 0, 0, 0], [0, 0, 0, 0, 0, 0, 0, 0]]",0.072
459,0.01,4,"[[0.11, 0.18, 0.17, 0.05, 0.02, 0.11, 0.14], [0.16, 0.12, 0.11, 0.08, 0.11, 0.16, 0.08], [0.12, 0.16, 0.05, 0.23, 0.13, 0.08, 0.03], [0.17, 0.24, 0.1, 0.22, 0.06, 0.14, 0.05]]",0.13,0.23,23,"[0.01, 0.08, 0.86, 0.05]","[[0, 0, 0, 0, 0, 0, 0, 0], [0, 0, 0, 0, 0, 0, 0, 0], [0, 1, 2, 3, 4, 5, 6, 7], [0, 0, 0, 0, 0, 0, 0, 0]]",0.072
460,0.01,1,"[[0.21, 0.18, 0.18, 0.07, 0.17, 0.09, 0.08], [0.07, 0.09, 0.01, 0.16, 0.02, 0.06, 0.25], [0.21, 0.16, 0.24, 0.08, 0.24, 0.16, 0.09], [0.17, 0.08, 0.18, 0.24, 0.11, 0.09, 0.22]]",0.13,0.07,24,"[0.21, 0.27, 0.2, 0.32]","[[0, 0, 0, 0, 0, 3, 0, 0], [0, 0, 0, 2, 4, 0, 0, 0], [0, 1, 0, 0, 0, 0, 0, 0], [0, 0, 0, 0, 5, 0, 0, 0]]",0.072
461,0.01,1,"[[0.21, 0.14, 0.05, 0.18, 0.12, 0.1, 0.15], [0.03, 0.07, 0.04, 0.14, 0.13, 0.15, 0.2], [0.05, 0.14, 0.08, 0.16, 0.04, 0.13, 0.08], [0.19, 0.12, 0.09, 0.06, 0.18, 0.05, 0.09]]",0.13,0.05,24,"[0.01, 0.02, 0.88, 0.09]","[[0, 0, 0, 0, 0, 0, 0, 0], [0, 0, 0, 0, 0, 0, 0, 0], [0, 1, 0, 0, 0, 0, 0, 0], [0, 0, 0, 2, 0, 0, 0, 0]]",0.072
462,0.01,3,"[[0.11, 0.18, 0.17, 0.05, 0.02, 0.11, 0.14], [0.16, 0.12, 0.11, 0.08, 0.11, 0.16, 0.08], [0.12, 0.16, 0.05, 0.23, 0.13, 0.08, 0.03], [0.17, 0.24, 0.1, 0.22, 0.06, 0.14, 0.05]]",0.13,0.05,24,"[0.01, 0.08, 0.86, 0.05]","[[0, 0, 0, 0, 0, 0, 0, 0], [0, 0, 0, 0, 0, 0, 0, 0], [0, 0, 0, 0, 0, 0, 0, 0], [0, 0, 0, 0, 0, 0, 0, 0]]",0.072
463,0.01,6,"[[0.1, 0.1, 0.17, 0.08, 0.04, 0.09, 0.12], [0.18, 0.07, 0.12, 0.15, 0.14, 0.22, 0.18], [0.17, 0.02, 0.06, 0.16, 0.1, 0.2, 0.19], [0.23, 0.18, 0.17, 0.22, 0.21, 0.09, 0.19]]",0.13,0.09,24,"[0.21, 0.32, 0.34, 0.13]","[[0, 0, 0, 0, 0, 0, 0, 0], [0, 0, 0, 0, 0, 0, 1, 0], [0, 0, 0, 0, 0, 0, 0, 0], [0, 0, 0, 0, 0, 0, 0, 0]]",0.072
464,0.01,5,"[[0.15, 0.08, 0.16, 0.16, 0.12, 0.04, 0.13], [0.17, 0.17, 0.2, 0.1, 0.06, 0.16, 0.12], [0.04, 0.25, 0.2, 0.11, 0.04, 0.11, 0.24], [0.15, 0.14, 0.05, 0.11, 0.22, 0.22, 0.2]]",0.13,0.06,24,"[0.01, 0.89, 0.09, 0.01]","[[0, 0, 0, 0, 0, 0, 0, 0], [0, 0, 0, 0, 0, 0, 0, 0], [0, 0, 0, 0, 0, 0, 0, 0], [0, 0, 0, 0, 0, 0, 0, 0]]",0.072
465,0.01,3,"[[0.1, 0.22, 0.11, 0.07, 0.15, 0.15, 0.08], [0.22, 0.14, 0.05, 0.13, 0.2, 0.14, 0.2], [0.02, 0.25, 0.2, 0.08, 0.15, 0.02, 0.07], [0.11, 0.1, 0.17, 0.14, 0.2, 0.08, 0.11]]",0.13,0.11,24,"[0.87, 0.08, 0.02, 0.03]","[[0, 0, 0, 0, 0, 0, 0, 0], [0, 0, 0, 0, 0, 0, 0, 0], [0, 0, 0, 0, 0, 0, 0, 0], [0, 0, 0, 0, 0, 0, 0, 0]]",0.072
466,0.01,7,"[[0.08, 0.23, 0.11, 0.15, 0.14, 0.16, 0.07], [0.19, 0.17, 0.09, 0.16, 0.14, 0.09, 0.03], [0.13, 0.11, 0.24, 0.17, 0.14, 0.06, 0.15], [0.09, 0.17, 0.09, 0.17, 0.19, 0.1, 0.17]]",0.13,0.17,24,"[0.01, 0.02, 0.11, 0.86]","[[0, 0, 0, 0, 0, 0, 0, 0], [0, 0, 0, 0, 0, 0, 0, 0], [0, 0, 0, 0, 0, 0, 0, 0], [0, 0, 0, 0, 0, 0, 0, 0]]",0.072
467,0.01,2,"[[0.2, 0.14, 0.16, 0.12, 0.21, 0.18, 0.23], [0.06, 0.09, 0.16, 0.16, 0.14, 0.12, 0.15], [0.23, 0.08, 0.17, 0.11, 0.04, 0.14, 0.15], [0.06, 0.12, 0.16, 0.23, 0.08, 0.11, 0.15]]",0.13,0.14,24,"[0.33, 0.18, 0.11, 0.38]","[[0, 0, 0, 0, 0, 0, 0, 0], [0, 0, 0, 0, 0, 0, 0, 0], [0, 0, 0, 0, 0, 0, 0, 0], [0, 0, 0, 0, 0, 0, 0, 0]]",0.072
468,0.01,6,"[[0.12, 0.17, 0.14, 0.13, 0.11, 0.07, 0.23], [0.21, 0.03, 0.18, 0.17, 0.22, 0.07, 0.12], [0.06, 0.15, 0.14, 0.1, 0.11, 0.15, 0.22], [0.13, 0.03, 0.18, 0.17, 0.07, 0.25, 0.1]]",0.13,0.25,24,"[0.39, 0.18, 0.15, 0.28]","[[0, 0, 0, 0, 0, 0, 0, 0], [0, 0, 0, 0, 0, 0, 0, 0], [0, 0, 0, 0, 0, 0, 0, 0], [0, 0, 0, 0, 0, 0, 0, 0]]",0.072
469,0.01,1,"[[0.08, 0.08, 0.03, 0.08, 0.06, 0.11, 0.11], [0.21, 0.12, 0.16, 0.16, 0.17, 0.12, 0.08], [0.24, 0.22, 0.1, 0.12, 0.06, 0.2, 0.05], [0.13, 0.19, 0.1, 0.18, 0.14, 0.09, 0.16]]",0.13,0.13,24,"[0.12, 0.34, 0.21, 0.33]","[[0, 0, 0, 0, 0, 0, 0, 0], [0, 0, 0, 0, 0, 0, 0, 0], [0, 0, 0, 0, 0, 0, 0, 0], [0, 0, 0, 0, 0, 0, 0, 0]]",0.072
470,0.01,5,"[[6.18, 4.93, 6.72, 3.3, 6.34, 6.06, 5.41], [7.2, 2.38, 3.93, 9.67, 4.79, 7.96, 3.99], [0.82, 2.25, 1.43, 2.43, 5.42, 7.07, 9.93], [9.97, 3.97, 5.79, 8.9, 4.27, 7.39, 5.81]]",5.0,4.79,24,"[0.28, 0.28, 0.19, 0.25]","[[0, 0, 0, 0, 0, 0, 0, 0], [0, 0, 0, 0, 0, 0, 0, 0], [0, 0, 0, 0, 0, 0, 0, 0], [0, 0, 0, 0, 0, 0, 0, 0]]",2.994
471,0.01,2,"[[7.11, 5.78, 4.85, 4.33, 7.33, 7.89, 5.26], [5.95, 7.87, 3.44, 7.0, 6.97, 5.22, 6.26], [3.72, 9.35, 7.04, 6.38, 7.42, 6.47, 5.89], [5.94, 4.84, 1.39, 4.52, 3.41, 2.82, 3.73]]",5.0,9.35,24,"[0.33, 0.2, 0.24, 0.23]","[[0, 0, 0, 0, 0, 0, 0, 0], [0, 0, 0, 0, 0, 0, 0, 0], [0, 0, 0, 0, 0, 0, 0, 0], [0, 0, 0, 0, 0, 0, 0, 0]]",2.994
472,0.01,7,"[[8.39, 1.9, 3.96, 5.78, 2.24, 5.8, 4.1], [0.94, 5.02, 2.49, 5.54, 6.54, 4.33, 9.65], [7.94, 7.8, 4.1, 9.82, 1.59, 4.84, 8.58], [8.96, 7.49, 1.94, 3.92, 0.76, 2.82, 6.17]]",5.0,9.65,24,"[0.11, 0.85, 0.02, 0.02]","[[0, 2, 0, 0, 0, 0, 0, 0], [0, 0, 0, 0, 1, 0, 0, 0], [0, 0, 0, 0, 0, 0, 0, 3], [0, 0, 0, 0, 0, 0, 4, 0]]",2.994
473,0.01,2,"[[5.16, 3.84, 2.97, 6.89, 7.92, 3.02, 6.81], [6.93, 3.64, 5.33, 8.47, 3.82, 8.88, 7.83], [4.51, 5.38, 9.21, 3.79, 4.77, 9.29, 4.59], [3.55, 8.48, 4.66, 2.28, 3.95, 2.95, 5.67]]",5.0,3.64,24,"[0.86, 0.08, 0.05, 0.01]","[[0, 0, 0, 0, 0, 0, 0, 0], [0, 0, 0, 0, 0, 0, 0, 0], [0, 0, 0, 0, 0, 0, 0, 0], [0, 0, 0, 0, 0, 0, 0, 0]]",2.994
474,0.01,4,"[[5.92, 9.68, 5.15, 2.59, 5.89, 7.38, 2.85], [1.22, 5.64, 6.3, 3.82, 9.13, 6.51, 3.36], [6.72, 1.0, 8.86, 8.25, 8.82, 6.13, 4.12], [7.5, 7.75, 5.39, 3.9, 7.48, 3.23, 1.98]]",5.0,8.25,24,"[0.3, 0.17, 0.24, 0.29]","[[0, 0, 0, 0, 0, 1, 0, 0], [0, 2, 0, 0, 0, 0, 0, 0], [0, 0, 0, 0, 3, 0, 0, 0], [0, 0, 0, 0, 0, 0, 0, 0]]",2.994
475,0.01,6,"[[7.74, 3.22, 6.43, 3.71, 7.81, 4.87, 5.0], [6.79, 7.24, 2.38, 4.86, 3.87, 6.17, 4.92], [3.15, 9.58, 2.44, 5.2, 8.45, 2.58, 2.29], [4.2, 1.81, 5.9, 9.47, 8.69, 2.45, 6.94]]",5.0,6.17,24,"[0.15, 0.38, 0.14, 0.33]","[[0, 0, 0, 0, 0, 0, 0, 0], [0, 0, 0, 0, 0, 0, 0, 0], [0, 0, 0, 0, 0, 0, 0, 0], [0, 0, 0, 0, 0, 0, 0, 0]]",2.994
476,0.01,2,"[[4.36, 8.7, 5.94, 4.41, 8.37, 5.83, 0.58], [9.58, 2.24, 8.49, 4.24, 4.63, 4.53, 5.29], [6.08, 4.31, 5.59, 3.3, 3.91, 4.21, 4.74], [9.25, 5.33, 1.67, 7.75, 5.64, 2.81, 3.02]]",5.0,5.33,24,"[0.31, 0.27, 0.14, 0.28]","[[0, 0, 0, 0, 0, 0, 0, 0], [0, 0, 0, 0, 0, 0, 0, 0], [0, 0, 0, 0, 0, 0, 0, 0], [0, 0, 0, 0, 0, 0, 0, 0]]",2.994
477,0.01,5,"[[0.95, 2.78, 3.25, 5.38, 7.09, 3.77, 4.83], [7.13, 8.96, 5.39, 2.27, 8.34, 7.96, 4.55], [9.77, 5.61, 8.97, 8.09, 6.52, 2.37, 9.08], [8.52, 1.84, 1.06, 3.62, 0.7, 3.27, 0.14]]",5.0,7.09,24,"[0.85, 0.07, 0.07, 0.01]","[[0, 0, 0, 0, 0, 0, 0, 0], [0, 0, 0, 0, 0, 0, 0, 0], [0, 0, 0, 0, 0, 0, 0, 0], [0, 0, 0, 0, 0, 0, 0, 0]]",2.994
478,0.01,6,"[[3.4, 2.14, 9.33, 2.59, 4.55, 1.09, 2.85], [2.69, 7.17, 4.91, 8.03, 6.07, 6.49, 2.28], [2.24, 5.15, 4.83, 2.39, 2.78, 7.43, 5.61], [3.01, 5.69, 6.66, 3.22, 3.6, 8.48, 3.28]]",5.0,7.43,24,"[0.07, 0.01, 0.9, 0.02]","[[0, 0, 0, 0, 0, 0, 0, 0], [0, 0, 0, 0, 0, 0, 0, 0], [0, 0, 0, 0, 0, 0, 0, 0], [0, 0, 0, 0, 0, 0, 0, 0]]",2.994
479,0.01,2,"[[6.26, 0.19, 5.42, 8.23, 3.15, 1.79, 3.82], [4.19, 3.39, 2.75, 9.2, 5.7, 3.44, 3.56], [5.45, 5.72, 8.61, 4.63, 8.16, 8.36, 7.19], [3.14, 2.27, 7.83, 9.11, 0.69, 3.38, 9.35]]",5.0,2.27,24,"[0.1, 0.01, 0.01, 0.88]","[[0, 0, 0, 0, 0, 0, 0, 0], [0, 0, 0, 0, 0, 0, 0, 0], [0, 0, 0, 0, 0, 0, 0, 0], [0, 0, 0, 0, 0, 0, 0, 0]]",2.994
480,0.0,2,"[[0.01, 0.19, 0.1, 0.03, 0.13, 0.15, 0.13], [0.17, 0.18, 0.07, 0.17, 0.17, 0.12, 0.12], [0.11, 0.17, 0.18, 0.22, 0.08, 0.06, 0.07], [0.12, 0.02, 0.07, 0.16, 0.17, 0.14, 0.04]]",0.13,0.02,25,"[0.3, 0.29, 0.13, 0.28]","[[0, 1, 8, 9, 16, 17, 23, 28], [0, 2, 7, 10, 15, 18, 22, 27], [0, 3, 6, 11, 14, 19, 21, 26], [0, 4, 5, 12, 13, 20, 24, 25]]",0.072
481,0.0,3,"[[0.22, 0.12, 0.18, 0.2, 0.04, 0.04, 0.16], [0.19, 0.18, 0.17, 0.17, 0.18, 0.2, 0.15], [0.03, 0.13, 0.18, 0.12, 0.17, 0.16, 0.08], [0.21, 0.09, 0.16, 0.11, 0.25, 0.1, 0.16]]",0.13,0.18,25,"[0.34, 0.12, 0.22, 0.32]","[[0, 1, 8, 9, 16, 17, 24, 25], [0, 2, 7, 10, 15, 18, 23, 26], [0, 3, 6, 11, 14, 19, 22, 27], [0, 4, 5, 12, 13, 20, 21, 28]]",0.072
482,0.0,2,"[[0.02, 0.18, 0.09, 0.13, 0.07, 0.12, 0.08], [0.15, 0.12, 0.24, 0.14, 0.1, 0.01, 0.14], [0.2, 0.14, 0.24, 0.13, 0.22, 0.23, 0.18], [0.11, 0.21, 0.18, 0.07, 0.12, 0.14, 0.14]]",0.13,0.18,25,"[0.85, 0.02, 0.03, 0.1]","[[0, 1, 8, 9, 16, 17, 24, 25], [0, 2, 7, 10, 15, 18, 23, 26], [0, 3, 6, 11, 14, 19, 22, 27], [0, 4, 5, 12, 13, 20, 21, 28]]",0.072
483,0.0,5,"[[0.14, 0.15, 0.11, 0.2, 0.03, 0.13, 0.04], [0.03, 0.07, 0.1, 0.21, 0.1, 0.13, 0.08], [0.14, 0.03, 0.06, 0.05, 0.15, 0.08, 0.09], [0.13, 0.08, 0.16, 0.01, 0.21, 0.09, 0.05]]",0.13,0.03,25,"[0.06, 0.03, 0.86, 0.05]","[[0, 1, 8, 9, 22, 19, 23, 28], [0, 2, 7, 10, 21, 18, 24, 27], [0, 3, 6, 11, 15, 14, 16, 17], [0, 4, 5, 12, 13, 20, 25, 26]]",0.072
484,0.0,3,"[[0.16, 0.11, 0.08, 0.09, 0.11, 0.11, 0.06], [0.14, 0.14, 0.15, 0.18, 0.2, 0.23, 0.09], [0.09, 0.18, 0.2, 0.13, 0.05, 0.16, 0.07], [0.08, 0.02, 0.16, 0.15, 0.1, 0.09, 0.12]]",0.13,0.08,25,"[0.08, 0.02, 0.89, 0.01]","[[0, 0, 13, 9, 16, 0, 19, 0], [0, 0, 12, 8, 15, 0, 18, 0], [0, 1, 2, 3, 4, 5, 6, 7], [0, 0, 11, 10, 14, 0, 17, 0]]",0.072
485,0.0,5,"[[0.09, 0.06, 0.16, 0.11, 0.12, 0.22, 0.04], [0.11, 0.19, 0.13, 0.18, 0.2, 0.12, 0.12], [0.11, 0.08, 0.15, 0.06, 0.15, 0.13, 0.16], [0.08, 0.15, 0.2, 0.17, 0.24, 0.04, 0.12]]",0.13,0.24,25,"[0.15, 0.32, 0.21, 0.32]","[[0, 1, 8, 9, 16, 17, 24, 25], [0, 2, 7, 10, 15, 18, 23, 26], [0, 3, 6, 11, 14, 19, 22, 27], [0, 4, 5, 12, 13, 20, 21, 28]]",0.072
486,0.0,5,"[[0.07, 0.16, 0.11, 0.2, 0.2, 0.19, 0.16], [0.15, 0.22, 0.24, 0.17, 0.18, 0.12, 0.12], [0.11, 0.16, 0.11, 0.12, 0.21, 0.06, 0.16], [0.17, 0.22, 0.15, 0.11, 0.24, 0.11, 0.17]]",0.13,0.24,25,"[0.09, 0.03, 0.01, 0.87]","[[0, 1, 2, 3, 4, 14, 0, 19], [0, 0, 16, 0, 0, 13, 0, 18], [0, 0, 15, 0, 0, 12, 0, 17], [0, 5, 6, 7, 8, 9, 10, 11]]",0.072
487,0.0,7,"[[0.19, 0.11, 0.24, 0.23, 0.21, 0.14, 0.16], [0.12, 0.1, 0.02, 0.19, 0.1, 0.08, 0.14], [0.05, 0.21, 0.07, 0.2, 0.09, 0.02, 0.23], [0.09, 0.04, 0.09, 0.14, 0.18, 0.2, 0.23]]",0.13,0.23,25,"[0.03, 0.01, 0.92, 0.04]","[[0, 0, 10, 0, 13, 0, 0, 16], [0, 0, 9, 0, 12, 0, 0, 15], [0, 1, 2, 3, 4, 6, 5, 7], [0, 0, 8, 0, 11, 0, 0, 14]]",0.072
488,0.0,6,"[[0.06, 0.11, 0.17, 0.23, 0.15, 0.14, 0.21], [0.16, 0.17, 0.08, 0.04, 0.07, 0.21, 0.12], [0.2, 0.19, 0.13, 0.12, 0.17, 0.2, 0.16], [0.1, 0.1, 0.12, 0.16, 0.01, 0.17, 0.09]]",0.13,0.21,25,"[0.23, 0.25, 0.3, 0.22]","[[0, 1, 8, 9, 16, 17, 24, 25], [0, 2, 7, 10, 15, 18, 23, 26], [0, 3, 6, 11, 14, 19, 22, 27], [0, 4, 5, 12, 13, 20, 21, 28]]",0.072
489,0.0,2,"[[0.12, 0.13, 0.12, 0.14, 0.05, 0.1, 0.25], [0.16, 0.2, 0.2, 0.14, 0.09, 0.17, 0.09], [0.11, 0.12, 0.11, 0.11, 0.08, 0.05, 0.17], [0.19, 0.2, 0.07, 0.21, 0.07, 0.13, 0.2]]",0.13,0.2,25,"[0.17, 0.35, 0.31, 0.17]","[[0, 24, 15, 18, 19, 28, 25, 22], [0, 1, 2, 6, 7, 10, 11, 14], [0, 3, 4, 5, 8, 9, 12, 13], [0, 23, 16, 17, 20, 27, 26, 21]]",0.072
490,0.0,1,"[[8.02, 3.92, 3.11, 4.49, 4.13, 7.86, 3.71], [5.5, 3.12, 4.78, 4.63, 5.83, 9.55, 5.01], [6.87, 6.07, 1.32, 5.58, 8.22, 5.74, 5.54], [4.62, 3.36, 5.75, 5.59, 2.34, 1.7, 6.64]]",5.0,6.87,25,"[0.25, 0.27, 0.24, 0.24]","[[0, 1, 8, 9, 16, 17, 24, 25], [0, 2, 7, 10, 15, 18, 23, 26], [0, 3, 6, 11, 14, 19, 22, 27], [0, 4, 5, 12, 13, 20, 21, 28]]",2.994
491,0.0,5,"[[3.95, 8.96, 8.28, 6.18, 7.02, 4.65, 4.21], [7.39, 4.82, 4.44, 1.73, 7.35, 9.66, 2.04], [6.67, 2.62, 2.43, 7.24, 6.32, 7.33, 5.82], [4.75, 4.96, 2.68, 1.71, 6.22, 1.58, 9.11]]",5.0,7.35,25,"[0.25, 0.24, 0.28, 0.23]","[[0, 1, 8, 9, 16, 17, 24, 25], [0, 2, 7, 10, 15, 18, 23, 26], [0, 3, 6, 11, 14, 19, 22, 27], [0, 4, 5, 12, 13, 20, 21, 28]]",2.994
492,0.0,5,"[[7.04, 7.27, 1.99, 4.87, 6.53, 6.34, 1.47], [5.29, 2.16, 9.06, 4.67, 7.92, 5.41, 7.56], [6.95, 5.35, 1.7, 4.81, 6.84, 1.21, 8.92], [6.63, 5.53, 4.35, 1.42, 5.69, 5.92, 4.12]]",5.0,7.92,25,"[0.07, 0.87, 0.03, 0.03]","[[0, 16, 0, 8, 0, 11, 0, 0], [0, 1, 2, 3, 4, 5, 6, 7], [0, 14, 0, 9, 0, 12, 0, 0], [0, 15, 0, 10, 0, 13, 0, 0]]",2.994
493,0.0,4,"[[8.51, 2.86, 5.22, 3.29, 7.8, 7.12, 2.91], [7.85, 5.63, 4.76, 5.73, 4.36, 4.99, 0.21], [1.1, 2.64, 4.86, 7.57, 7.15, 0.31, 2.34], [6.38, 5.91, 3.08, 6.0, 7.58, 3.85, 6.26]]",5.0,6.0,25,"[0.19, 0.32, 0.23, 0.26]","[[0, 1, 8, 9, 13, 20, 21, 28], [0, 2, 7, 10, 14, 19, 22, 27], [0, 3, 6, 12, 15, 18, 23, 26], [0, 4, 5, 11, 16, 17, 24, 25]]",2.994
494,0.0,4,"[[3.54, 3.18, 6.26, 3.39, 3.52, 5.47, 1.42], [3.13, 1.91, 7.14, 3.81, 4.58, 6.9, 8.39], [7.48, 1.27, 5.41, 7.63, 6.12, 1.81, 6.34], [6.09, 3.7, 4.25, 4.91, 0.8, 7.46, 7.59]]",5.0,7.63,25,"[0.04, 0.07, 0.88, 0.01]","[[0, 10, 0, 0, 12, 18, 0, 15], [0, 8, 0, 0, 11, 17, 0, 14], [0, 1, 2, 3, 4, 5, 6, 7], [0, 9, 0, 0, 13, 19, 0, 16]]",2.994
495,0.0,4,"[[2.67, 1.86, 1.79, 5.75, 3.59, 3.3, 1.49], [1.18, 8.77, 6.89, 4.16, 3.25, 3.0, 9.34], [1.75, 2.03, 4.01, 8.67, 5.48, 1.04, 6.3], [4.37, 0.5, 5.19, 4.46, 0.43, 0.13, 6.06]]",5.0,5.75,25,"[0.24, 0.23, 0.24, 0.29]","[[0, 1, 8, 9, 16, 17, 24, 25], [0, 2, 7, 10, 15, 18, 23, 26], [0, 3, 6, 11, 14, 19, 22, 27], [0, 4, 5, 12, 13, 20, 21, 28]]",2.994
496,0.0,5,"[[4.41, 7.98, 5.03, 0.94, 6.07, 7.96, 3.08], [7.18, 6.38, 1.11, 4.77, 7.21, 4.82, 4.9], [5.63, 7.2, 7.79, 1.19, 2.56, 6.05, 3.13], [2.67, 2.05, 5.91, 4.15, 9.55, 4.46, 9.22]]",5.0,9.55,25,"[0.04, 0.02, 0.05, 0.89]","[[0, 0, 0, 0, 0, 10, 0, 13], [0, 0, 0, 0, 0, 9, 0, 12], [0, 0, 0, 0, 0, 8, 0, 11], [0, 1, 2, 3, 4, 5, 6, 7]]",2.994
497,0.0,6,"[[2.65, 1.66, 4.12, 6.28, 3.9, 4.24, 8.17], [4.84, 2.23, 5.57, 7.45, 3.35, 5.55, 3.39], [6.15, 3.53, 5.47, 2.82, 6.99, 9.09, 0.79], [2.47, 2.31, 1.36, 3.11, 4.52, 5.21, 3.31]]",5.0,5.21,25,"[0.01, 0.06, 0.02, 0.91]","[[0, 0, 0, 0, 0, 13, 10, 16], [0, 0, 0, 0, 0, 12, 9, 15], [0, 0, 0, 0, 0, 11, 8, 14], [0, 1, 2, 3, 4, 5, 6, 7]]",2.994
498,0.0,1,"[[1.63, 4.7, 3.32, 2.64, 8.47, 3.24, 4.54], [8.67, 5.47, 1.74, 1.77, 1.06, 7.43, 3.25], [4.05, 4.33, 1.96, 6.68, 6.28, 9.52, 7.64], [3.95, 5.24, 1.85, 2.91, 0.64, 2.21, 1.85]]",5.0,8.67,25,"[0.05, 0.89, 0.05, 0.01]","[[0, 13, 0, 0, 0, 0, 8, 0], [0, 1, 2, 3, 4, 5, 6, 7], [0, 12, 0, 0, 0, 0, 9, 0], [0, 11, 0, 0, 0, 0, 10, 0]]",2.994
499,0.0,3,"[[5.28, 9.9, 6.81, 1.61, 2.79, 8.92, 6.09], [3.46, 6.68, 6.44, 3.71, 3.55, 0.25, 8.07], [6.52, 2.17, 8.0, 8.5, 5.35, 1.81, 3.32], [5.89, 1.86, 6.44, 5.29, 3.29, 8.96, 7.12]]",5.0,8.0,25,"[0.23, 0.3, 0.24, 0.23]","[[0, 1, 7, 9, 16, 17, 24, 25], [0, 2, 8, 10, 15, 18, 23, 26], [0, 3, 6, 11, 14, 19, 22, 27], [0, 4, 5, 12, 13, 20, 21, 28]]",2.994
500,0.0,1,"[[0.15, 0.08, 0.15, 0.12, 0.15, 0.08, 0.22], [0.12, 0.2, 0.22, 0.16, 0.25, 0.12, 0.11], [0.19, 0.22, 0.15, 0.08, 0.12, 0.14, 0.2], [0.21, 0.16, 0.09, 0.16, 0.22, 0.15, 0.19]]",0.13,0.19,26,"[0.05, 0.07, 0.86, 0.02]","[[0, 2, 0, 0, 0, 0, 0, 0], [0, 0, 0, 0, 0, 0, 0, 0], [0, 1, 0, 0, 0, 0, 0, 0], [0, 3, 0, 0, 0, 0, 0, 0]]",0.072
501,0.0,4,"[[0.11, 0.22, 0.08, 0.2, 0.14, 0.03, 0.13], [0.17, 0.02, 0.02, 0.09, 0.21, 0.16, 0.15], [0.09, 0.18, 0.16, 0.17, 0.05, 0.09, 0.1], [0.18, 0.05, 0.09, 0.19, 0.24, 0.18, 0.12]]",0.13,0.19,26,"[0.33, 0.18, 0.11, 0.38]","[[0, 0, 1, 0, 0, 0, 0, 0], [0, 0, 3, 0, 0, 0, 0, 0], [0, 0, 0, 0, 0, 0, 0, 0], [0, 0, 2, 0, 0, 0, 0, 0]]",0.072
502,0.0,6,"[[0.19, 0.09, 0.13, 0.2, 0.03, 0.17, 0.2], [0.08, 0.14, 0.18, 0.15, 0.19, 0.11, 0.07], [0.15, 0.06, 0.07, 0.11, 0.19, 0.02, 0.14], [0.12, 0.04, 0.06, 0.04, 0.06, 0.19, 0.09]]",0.13,0.11,26,"[0.02, 0.85, 0.05, 0.08]","[[0, 0, 0, 0, 0, 1, 0, 0], [0, 0, 0, 0, 0, 0, 4, 0], [0, 0, 0, 0, 3, 0, 0, 0], [0, 0, 0, 0, 0, 2, 0, 0]]",0.072
503,0.0,3,"[[0.16, 0.11, 0.08, 0.09, 0.11, 0.11, 0.06], [0.14, 0.14, 0.15, 0.18, 0.2, 0.23, 0.09], [0.09, 0.18, 0.2, 0.13, 0.05, 0.16, 0.07], [0.08, 0.02, 0.16, 0.15, 0.1, 0.09, 0.12]]",0.13,0.2,26,"[0.08, 0.02, 0.89, 0.01]","[[0, 0, 3, 0, 5, 0, 0, 0], [0, 0, 0, 0, 0, 0, 0, 0], [0, 0, 0, 4, 0, 0, 0, 1], [0, 2, 0, 0, 0, 0, 0, 0]]",0.072
504,0.0,5,"[[0.1, 0.1, 0.03, 0.13, 0.2, 0.08, 0.11], [0.08, 0.05, 0.11, 0.15, 0.22, 0.2, 0.17], [0.16, 0.24, 0.08, 0.04, 0.05, 0.19, 0.14], [0.1, 0.18, 0.15, 0.14, 0.18, 0.07, 0.19]]",0.13,0.05,26,"[0.36, 0.26, 0.19, 0.19]","[[0, 0, 0, 0, 2, 3, 4, 0], [0, 1, 0, 0, 0, 5, 0, 0], [0, 0, 0, 6, 0, 0, 0, 0], [0, 0, 0, 0, 0, 0, 0, 0]]",0.072
505,0.0,6,"[[0.08, 0.23, 0.11, 0.15, 0.14, 0.16, 0.07], [0.19, 0.17, 0.09, 0.16, 0.14, 0.09, 0.03], [0.13, 0.11, 0.24, 0.17, 0.14, 0.06, 0.15], [0.09, 0.17, 0.09, 0.17, 0.19, 0.1, 0.17]]",0.13,0.1,26,"[0.01, 0.02, 0.11, 0.86]","[[0, 0, 0, 0, 0, 0, 3, 5], [0, 0, 0, 0, 0, 4, 0, 0], [0, 6, 2, 0, 0, 0, 0, 0], [0, 0, 0, 0, 1, 0, 0, 0]]",0.072
506,0.0,5,"[[0.11, 0.06, 0.11, 0.08, 0.17, 0.11, 0.11], [0.14, 0.12, 0.06, 0.14, 0.09, 0.14, 0.12], [0.04, 0.15, 0.09, 0.13, 0.15, 0.18, 0.21], [0.1, 0.08, 0.17, 0.08, 0.19, 0.13, 0.19]]",0.13,0.09,26,"[0.26, 0.2, 0.27, 0.27]","[[0, 0, 2, 0, 5, 0, 6, 0], [0, 1, 0, 4, 0, 9, 0, 7], [0, 0, 0, 0, 0, 0, 8, 0], [0, 0, 0, 3, 0, 0, 0, 0]]",0.072
507,0.0,1,"[[0.2, 0.14, 0.16, 0.12, 0.21, 0.18, 0.23], [0.06, 0.09, 0.16, 0.16, 0.14, 0.12, 0.15], [0.23, 0.08, 0.17, 0.11, 0.04, 0.14, 0.15], [0.06, 0.12, 0.16, 0.23, 0.08, 0.11, 0.15]]",0.13,0.06,26,"[0.33, 0.18, 0.11, 0.38]","[[0, 1, 0, 0, 0, 0, 6, 0], [0, 0, 0, 8, 0, 0, 7, 0], [0, 0, 9, 2, 0, 3, 4, 5], [0, 0, 0, 0, 0, 0, 0, 0]]",0.072
508,0.0,7,"[[0.07, 0.07, 0.17, 0.05, 0.08, 0.18, 0.15], [0.19, 0.17, 0.06, 0.13, 0.2, 0.13, 0.2], [0.08, 0.18, 0.04, 0.21, 0.15, 0.15, 0.18], [0.06, 0.08, 0.09, 0.02, 0.12, 0.19, 0.09]]",0.13,0.15,26,"[0.31, 0.27, 0.19, 0.23]","[[0, 0, 0, 9, 4, 0, 6, 0], [0, 1, 2, 0, 0, 5, 0, 0], [0, 11, 0, 3, 0, 8, 0, 0], [0, 0, 0, 0, 10, 0, 7, 0]]",0.072
509,0.0,4,"[[0.02, 0.18, 0.09, 0.13, 0.07, 0.12, 0.08], [0.15, 0.12, 0.24, 0.14, 0.1, 0.01, 0.14], [0.2, 0.14, 0.24, 0.13, 0.22, 0.23, 0.18], [0.11, 0.21, 0.18, 0.07, 0.12, 0.14, 0.14]]",0.13,0.13,26,"[0.85, 0.02, 0.03, 0.1]","[[0, 7, 1, 0, 0, 0, 0, 0], [0, 0, 5, 0, 4, 0, 9, 0], [0, 0, 0, 2, 3, 10, 8, 0], [0, 6, 0, 0, 0, 0, 0, 0]]",0.072
510,0.0,6,"[[0.72, 5.25, 9.97, 4.85, 8.58, 2.57, 9.15], [5.48, 9.36, 2.36, 9.25, 3.72, 4.76, 6.74], [7.14, 7.36, 2.91, 4.13, 7.03, 8.48, 0.38], [5.84, 6.37, 7.56, 3.71, 4.02, 2.93, 0.09]]",5.0,4.76,26,"[0.03, 0.85, 0.06, 0.06]","[[0, 0, 1, 3, 0, 0, 0, 6], [0, 0, 0, 0, 2, 9, 8, 0], [0, 0, 0, 4, 11, 0, 5, 7], [0, 0, 0, 0, 0, 12, 10, 0]]",2.994
511,0.0,6,"[[6.38, 4.4, 2.78, 4.02, 3.28, 4.56, 6.79], [6.89, 5.4, 5.87, 9.63, 0.42, 4.93, 4.29], [2.96, 2.23, 8.29, 4.74, 3.72, 2.39, 0.86], [5.36, 5.18, 6.28, 1.08, 2.81, 5.95, 9.65]]",5.0,2.39,26,"[0.2, 0.38, 0.3, 0.12]","[[0, 0, 0, 2, 0, 1, 0, 0], [0, 0, 0, 8, 0, 0, 5, 0], [0, 0, 0, 0, 7, 0, 0, 6], [0, 3, 0, 0, 0, 4, 0, 0]]",2.994
512,0.0,2,"[[7.91, 1.03, 5.87, 7.52, 6.88, 7.18, 6.1], [5.88, 5.55, 1.78, 3.0, 4.69, 4.52, 8.75], [5.71, 1.25, 6.22, 6.17, 8.38, 7.26, 4.32], [6.4, 8.88, 5.28, 4.23, 1.08, 0.7, 3.39]]",5.0,1.03,26,"[0.3, 0.18, 0.2, 0.32]","[[0, 1, 8, 0, 15, 3, 10, 0], [0, 0, 7, 4, 0, 0, 12, 11], [0, 0, 0, 0, 0, 9, 14, 0], [0, 2, 6, 0, 5, 0, 0, 13]]",2.994
513,0.0,4,"[[3.89, 7.03, 1.42, 3.85, 5.57, 3.85, 2.09], [1.42, 3.42, 3.49, 1.78, 8.76, 8.52, 6.88], [3.98, 7.53, 6.94, 2.68, 5.16, 4.6, 0.82], [7.43, 7.31, 6.36, 5.75, 9.0, 9.88, 3.78]]",5.0,3.85,26,"[0.86, 0.01, 0.02, 0.11]","[[0, 3, 0, 2, 8, 0, 4, 0], [0, 0, 1, 0, 0, 0, 0, 0], [0, 0, 0, 0, 5, 6, 0, 0], [0, 0, 7, 0, 0, 0, 0, 0]]",2.994
514,0.0,5,"[[5.16, 3.84, 2.97, 6.89, 7.92, 3.02, 6.81], [6.93, 3.64, 5.33, 8.47, 3.82, 8.88, 7.83], [4.51, 5.38, 9.21, 3.79, 4.77, 9.29, 4.59], [3.55, 8.48, 4.66, 2.28, 3.95, 2.95, 5.67]]",5.0,7.92,26,"[0.86, 0.08, 0.05, 0.01]","[[0, 1, 2, 8, 9, 3, 4, 10], [0, 0, 5, 0, 0, 0, 0, 0], [0, 0, 0, 0, 0, 0, 0, 0], [0, 6, 0, 0, 7, 0, 0, 0]]",2.994
515,0.0,3,"[[7.32, 4.38, 4.99, 7.76, 5.0, 5.94, 2.36], [8.4, 3.61, 8.45, 4.23, 7.02, 4.36, 9.23], [1.69, 3.23, 3.54, 3.86, 3.72, 2.06, 0.61], [7.94, 7.02, 6.73, 4.28, 8.5, 0.13, 2.63]]",5.0,4.99,26,"[0.85, 0.03, 0.11, 0.01]","[[0, 0, 0, 0, 0, 0, 0, 0], [0, 0, 1, 0, 0, 0, 0, 0], [0, 0, 0, 0, 0, 0, 0, 0], [0, 0, 0, 0, 0, 0, 0, 0]]",2.994
516,0.0,3,"[[3.95, 8.96, 8.28, 6.18, 7.02, 4.65, 4.21], [7.39, 4.82, 4.44, 1.73, 7.35, 9.66, 2.04], [6.67, 2.62, 2.43, 7.24, 6.32, 7.33, 5.82], [4.75, 4.96, 2.68, 1.71, 6.22, 1.58, 9.11]]",5.0,8.28,26,"[0.25, 0.24, 0.28, 0.23]","[[0, 0, 6, 0, 3, 0, 0, 0], [0, 0, 5, 0, 0, 2, 0, 0], [0, 1, 0, 4, 0, 0, 0, 0], [0, 0, 0, 0, 0, 0, 0, 0]]",2.994
517,0.0,4,"[[5.11, 2.17, 0.1, 9.47, 2.73, 6.4, 3.36], [4.31, 7.26, 6.36, 8.48, 2.98, 4.68, 5.77], [8.38, 2.0, 6.14, 7.53, 4.7, 1.99, 1.53], [7.09, 5.94, 3.03, 5.37, 2.51, 3.9, 2.79]]",5.0,8.48,26,"[0.31, 0.35, 0.15, 0.19]","[[0, 1, 0, 0, 6, 0, 0, 0], [0, 0, 9, 2, 0, 4, 3, 0], [0, 11, 10, 0, 7, 0, 0, 0], [0, 12, 0, 8, 0, 0, 5, 0]]",2.994
518,0.0,5,"[[7.11, 5.78, 4.85, 4.33, 7.33, 7.89, 5.26], [5.95, 7.87, 3.44, 7.0, 6.97, 5.22, 6.26], [3.72, 9.35, 7.04, 6.38, 7.42, 6.47, 5.89], [5.94, 4.84, 1.39, 4.52, 3.41, 2.82, 3.73]]",5.0,6.97,26,"[0.33, 0.2, 0.24, 0.23]","[[0, 0, 1, 2, 11, 3, 0, 4], [0, 0, 0, 0, 0, 10, 0, 0], [0, 5, 0, 6, 9, 8, 0, 7], [0, 0, 12, 0, 0, 0, 0, 0]]",2.994
519,0.0,6,"[[3.4, 2.14, 9.33, 2.59, 4.55, 1.09, 2.85], [2.69, 7.17, 4.91, 8.03, 6.07, 6.49, 2.28], [2.24, 5.15, 4.83, 2.39, 2.78, 7.43, 5.61], [3.01, 5.69, 6.66, 3.22, 3.6, 8.48, 3.28]]",5.0,7.43,26,"[0.07, 0.01, 0.9, 0.02]","[[0, 0, 0, 0, 11, 0, 8, 0], [0, 2, 6, 0, 5, 0, 9, 0], [0, 1, 0, 3, 0, 4, 7, 10], [0, 0, 0, 0, 0, 0, 0, 0]]",2.994
520,0.0,4,"[[6.26, 0.19, 5.42, 8.23, 3.15, 1.79, 3.82], [4.19, 3.39, 2.75, 9.2, 5.7, 3.44, 3.56], [5.45, 5.72, 8.61, 4.63, 8.16, 8.36, 7.19], [3.14, 2.27, 7.83, 9.11, 0.69, 3.38, 9.35]]",5.0,9.11,27,"[0.1, 0.01, 0.01, 0.88]","[[0, 1, 0, 0, 11, 0, 0, 14], [0, 0, 0, 0, 10, 0, 0, 13], [0, 0, 0, 0, 9, 0, 0, 12], [0, 2, 3, 4, 5, 6, 7, 8]]",2.994
521,0.0,6,"[[3.55, 2.94, 0.08, 3.13, 2.15, 9.59, 4.77], [4.35, 5.83, 1.82, 2.79, 3.6, 4.35, 6.66], [4.91, 4.62, 9.06, 2.02, 4.04, 2.21, 7.62], [0.78, 5.9, 1.77, 4.45, 7.63, 4.39, 2.86]]",5.0,9.59,27,"[0.34, 0.11, 0.27, 0.28]","[[0, 1, 2, 3, 4, 5, 6, 7], [0, 14, 0, 0, 0, 0, 8, 11], [0, 15, 0, 22, 0, 21, 9, 12], [0, 16, 17, 18, 19, 20, 10, 13]]",2.994
522,0.0,5,"[[8.51, 2.86, 5.22, 3.29, 7.8, 7.12, 2.91], [7.85, 5.63, 4.76, 5.73, 4.36, 4.99, 0.21], [1.1, 2.64, 4.86, 7.57, 7.15, 0.31, 2.34], [6.38, 5.91, 3.08, 6.0, 7.58, 3.85, 6.26]]",5.0,7.15,27,"[0.19, 0.32, 0.23, 0.26]","[[0, 12, 26, 11, 10, 28, 9, 8], [0, 1, 3, 2, 4, 5, 6, 7], [0, 13, 27, 16, 19, 20, 23, 24], [0, 14, 15, 17, 18, 21, 22, 25]]",2.994
523,0.0,6,"[[5.93, 4.61, 6.44, 6.58, 0.77, 6.66, 0.58], [1.24, 4.91, 5.63, 0.45, 3.38, 4.94, 3.12], [7.83, 1.4, 2.04, 7.87, 6.09, 6.31, 5.4], [6.34, 6.33, 4.75, 6.81, 8.3, 6.3, 9.27]]",5.0,6.31,27,"[0.01, 0.1, 0.87, 0.02]","[[0, 1, 2, 3, 4, 5, 6, 7], [0, 14, 13, 12, 10, 9, 11, 8], [0, 15, 18, 19, 28, 27, 26, 25], [0, 16, 17, 20, 21, 22, 23, 24]]",2.994
524,0.0,1,"[[7.17, 3.46, 5.58, 3.93, 3.7, 2.49, 5.53], [9.77, 5.93, 5.47, 2.25, 8.04, 7.17, 0.39], [7.48, 1.53, 5.91, 7.74, 1.59, 6.73, 3.86], [5.1, 6.8, 2.11, 7.09, 7.57, 6.62, 8.34]]",5.0,7.17,27,"[0.88, 0.05, 0.05, 0.02]","[[0, 1, 2, 3, 4, 5, 6, 7], [0, 14, 13, 12, 11, 10, 9, 8], [0, 15, 17, 18, 19, 20, 21, 22], [0, 16, 28, 27, 25, 26, 24, 23]]",2.994
525,0.0,6,"[[1.63, 4.7, 3.32, 2.64, 8.47, 3.24, 4.54], [8.67, 5.47, 1.74, 1.77, 1.06, 7.43, 3.25], [4.05, 4.33, 1.96, 6.68, 6.28, 9.52, 7.64], [3.95, 5.24, 1.85, 2.91, 0.64, 2.21, 1.85]]",5.0,3.24,27,"[0.05, 0.89, 0.05, 0.01]","[[0, 1, 2, 3, 4, 5, 6, 7], [0, 14, 13, 12, 11, 10, 9, 8], [0, 15, 16, 17, 18, 19, 20, 21], [0, 28, 27, 26, 25, 24, 23, 22]]",2.994
526,0.0,4,"[[5.11, 2.17, 0.1, 9.47, 2.73, 6.4, 3.36], [4.31, 7.26, 6.36, 8.48, 2.98, 4.68, 5.77], [8.38, 2.0, 6.14, 7.53, 4.7, 1.99, 1.53], [7.09, 5.94, 3.03, 5.37, 2.51, 3.9, 2.79]]",5.0,7.53,27,"[0.31, 0.35, 0.15, 0.19]","[[0, 1, 3, 2, 4, 5, 6, 7], [0, 14, 13, 12, 11, 10, 9, 8], [0, 15, 17, 18, 19, 20, 21, 22], [0, 16, 28, 27, 25, 26, 24, 23]]",2.994
527,0.0,1,"[[7.91, 1.03, 5.87, 7.52, 6.88, 7.18, 6.1], [5.88, 5.55, 1.78, 3.0, 4.69, 4.52, 8.75], [5.71, 1.25, 6.22, 6.17, 8.38, 7.26, 4.32], [6.4, 8.88, 5.28, 4.23, 1.08, 0.7, 3.39]]",5.0,7.91,27,"[0.3, 0.18, 0.2, 0.32]","[[0, 1, 2, 3, 4, 5, 6, 7], [0, 13, 14, 12, 11, 10, 9, 8], [0, 15, 16, 17, 18, 19, 20, 21], [0, 28, 27, 26, 25, 24, 23, 22]]",2.994
528,0.0,4,"[[6.2, 4.19, 3.44, 8.27, 6.51, 4.65, 4.01], [2.89, 4.13, 4.82, 8.89, 9.25, 0.96, 6.04], [8.8, 2.84, 4.5, 4.81, 3.19, 0.46, 7.31], [5.12, 1.87, 1.91, 7.0, 2.08, 5.06, 2.86]]",5.0,4.81,27,"[0.15, 0.21, 0.3, 0.34]","[[0, 1, 2, 3, 4, 5, 6, 7], [0, 14, 13, 12, 11, 10, 9, 8], [0, 15, 16, 17, 18, 19, 20, 21], [0, 28, 27, 25, 24, 26, 23, 22]]",2.994
529,0.0,3,"[[3.25, 0.97, 8.64, 8.18, 2.13, 6.22, 0.77], [5.88, 7.57, 5.25, 3.43, 6.13, 3.52, 3.61], [5.54, 4.65, 8.68, 9.8, 7.31, 3.42, 4.37], [7.14, 2.83, 7.59, 3.91, 6.6, 1.41, 1.96]]",5.0,7.59,27,"[0.06, 0.03, 0.01, 0.9]","[[0, 1, 2, 3, 4, 5, 6, 7], [0, 14, 13, 12, 11, 10, 9, 8], [0, 15, 16, 17, 18, 19, 20, 21], [0, 28, 27, 26, 25, 24, 23, 22]]",2.994
530,0.0,7,"[[0.07, 0.07, 0.17, 0.05, 0.08, 0.18, 0.15], [0.19, 0.17, 0.06, 0.13, 0.2, 0.13, 0.2], [0.08, 0.18, 0.04, 0.21, 0.15, 0.15, 0.18], [0.06, 0.08, 0.09, 0.02, 0.12, 0.19, 0.09]]",0.13,0.18,27,"[0.31, 0.27, 0.19, 0.23]","[[0, 1, 2, 3, 4, 5, 6, 7], [0, 27, 28, 26, 25, 24, 23, 22], [0, 15, 16, 17, 18, 19, 20, 21], [0, 14, 13, 12, 11, 10, 9, 8]]",0.072
531,0.0,6,"[[0.14, 0.12, 0.08, 0.02, 0.14, 0.19, 0.09], [0.2, 0.01, 0.13, 0.03, 0.11, 0.06, 0.23], [0.19, 0.12, 0.16, 0.15, 0.16, 0.07, 0.21], [0.09, 0.14, 0.24, 0.12, 0.1, 0.2, 0.16]]",0.13,0.07,27,"[0.36, 0.17, 0.12, 0.35]","[[0, 1, 2, 3, 4, 5, 6, 7], [0, 27, 28, 26, 25, 24, 23, 22], [0, 15, 16, 18, 17, 19, 20, 21], [0, 14, 13, 12, 11, 10, 9, 8]]",0.072
532,0.0,2,"[[0.11, 0.22, 0.08, 0.2, 0.14, 0.03, 0.13], [0.17, 0.02, 0.02, 0.09, 0.21, 0.16, 0.15], [0.09, 0.18, 0.16, 0.17, 0.05, 0.09, 0.1], [0.18, 0.05, 0.09, 0.19, 0.24, 0.18, 0.12]]",0.13,0.22,27,"[0.33, 0.18, 0.11, 0.38]","[[0, 1, 2, 3, 4, 5, 6, 7], [0, 14, 13, 12, 10, 11, 9, 8], [0, 15, 18, 20, 19, 21, 22, 23], [0, 16, 17, 28, 27, 26, 25, 24]]",0.072
533,0.0,7,"[[0.19, 0.11, 0.24, 0.23, 0.21, 0.14, 0.16], [0.12, 0.1, 0.02, 0.19, 0.1, 0.08, 0.14], [0.05, 0.21, 0.07, 0.2, 0.09, 0.02, 0.23], [0.09, 0.04, 0.09, 0.14, 0.18, 0.2, 0.23]]",0.13,0.23,27,"[0.03, 0.01, 0.92, 0.04]","[[0, 1, 2, 3, 4, 5, 6, 7], [0, 14, 13, 12, 11, 10, 9, 8], [0, 15, 18, 19, 20, 21, 22, 23], [0, 16, 17, 28, 27, 25, 26, 24]]",0.072
534,0.0,7,"[[0.2, 0.14, 0.16, 0.12, 0.21, 0.18, 0.23], [0.06, 0.09, 0.16, 0.16, 0.14, 0.12, 0.15], [0.23, 0.08, 0.17, 0.11, 0.04, 0.14, 0.15], [0.06, 0.12, 0.16, 0.23, 0.08, 0.11, 0.15]]",0.13,0.23,27,"[0.33, 0.18, 0.11, 0.38]","[[0, 1, 2, 3, 4, 5, 6, 7], [0, 14, 13, 12, 11, 10, 9, 8], [0, 15, 16, 17, 18, 19, 20, 21], [0, 28, 27, 26, 25, 23, 24, 22]]",0.072
535,0.0,5,"[[0.07, 0.16, 0.11, 0.2, 0.2, 0.19, 0.16], [0.15, 0.22, 0.24, 0.17, 0.18, 0.12, 0.12], [0.11, 0.16, 0.11, 0.12, 0.21, 0.06, 0.16], [0.17, 0.22, 0.15, 0.11, 0.24, 0.11, 0.17]]",0.13,0.24,27,"[0.09, 0.03, 0.01, 0.87]","[[0, 1, 2, 3, 4, 5, 6, 7], [0, 14, 13, 12, 11, 9, 10, 8], [0, 15, 16, 17, 18, 19, 20, 21], [0, 28, 27, 25, 24, 26, 23, 22]]",0.072
536,0.0,6,"[[0.18, 0.08, 0.04, 0.19, 0.05, 0.05, 0.16], [0.09, 0.22, 0.23, 0.17, 0.13, 0.24, 0.18], [0.21, 0.2, 0.1, 0.14, 0.11, 0.11, 0.19], [0.23, 0.14, 0.16, 0.18, 0.12, 0.18, 0.03]]",0.13,0.24,27,"[0.02, 0.92, 0.02, 0.04]","[[0, 1, 2, 3, 4, 5, 6, 7], [0, 14, 13, 12, 11, 10, 9, 8], [0, 15, 16, 17, 18, 19, 20, 21], [0, 28, 27, 26, 25, 24, 23, 22]]",0.072
537,0.0,7,"[[0.15, 0.2, 0.21, 0.14, 0.15, 0.21, 0.2], [0.1, 0.12, 0.15, 0.05, 0.19, 0.19, 0.19], [0.2, 0.18, 0.22, 0.07, 0.23, 0.17, 0.15], [0.25, 0.17, 0.14, 0.07, 0.06, 0.14, 0.21]]",0.13,0.19,27,"[0.33, 0.32, 0.13, 0.22]","[[0, 1, 2, 3, 4, 5, 6, 7], [0, 14, 13, 12, 11, 9, 10, 8], [0, 15, 16, 17, 18, 19, 20, 21], [0, 28, 27, 26, 25, 24, 23, 22]]",0.072
538,0.0,7,"[[0.15, 0.08, 0.15, 0.12, 0.15, 0.08, 0.22], [0.12, 0.2, 0.22, 0.16, 0.25, 0.12, 0.11], [0.19, 0.22, 0.15, 0.08, 0.12, 0.14, 0.2], [0.21, 0.16, 0.09, 0.16, 0.22, 0.15, 0.19]]",0.13,0.2,27,"[0.05, 0.07, 0.86, 0.02]","[[0, 1, 2, 3, 7, 4, 5, 6], [0, 27, 24, 20, 19, 14, 13, 8], [0, 26, 25, 21, 18, 15, 12, 9], [0, 28, 23, 22, 17, 16, 11, 10]]",0.072
539,0.0,5,"[[0.14, 0.15, 0.11, 0.2, 0.03, 0.13, 0.04], [0.03, 0.07, 0.1, 0.21, 0.1, 0.13, 0.08], [0.14, 0.03, 0.06, 0.05, 0.15, 0.08, 0.09], [0.13, 0.08, 0.16, 0.01, 0.21, 0.09, 0.05]]",0.13,0.15,27,"[0.06, 0.03, 0.86, 0.05]","[[0, 1, 2, 3, 4, 5, 6, 7], [0, 14, 13, 12, 11, 10, 9, 8], [0, 15, 16, 17, 18, 19, 20, 21], [0, 27, 26, 28, 25, 24, 23, 22]]",0.072
540,0.0,5,"[[0.18, 0.08, 0.04, 0.19, 0.05, 0.05, 0.16], [0.09, 0.22, 0.23, 0.17, 0.13, 0.24, 0.18], [0.21, 0.2, 0.1, 0.14, 0.11, 0.11, 0.19], [0.23, 0.14, 0.16, 0.18, 0.12, 0.18, 0.03]]",0.13,0.13,28,"[0.02, 0.92, 0.02, 0.04]","[[0, 0, 0, 7, 0, 0, 0, 0], [0, 0, 2, 0, 0, 4, 0, 3], [0, 0, 0, 0, 1, 0, 0, 0], [0, 0, 6, 8, 0, 5, 0, 9]]",0.072
541,0.0,5,"[[0.07, 0.16, 0.11, 0.2, 0.2, 0.19, 0.16], [0.15, 0.22, 0.24, 0.17, 0.18, 0.12, 0.12], [0.11, 0.16, 0.11, 0.12, 0.21, 0.06, 0.16], [0.17, 0.22, 0.15, 0.11, 0.24, 0.11, 0.17]]",0.13,0.2,28,"[0.09, 0.03, 0.01, 0.87]","[[0, 8, 0, 4, 0, 0, 0, 5], [0, 0, 0, 3, 0, 0, 0, 0], [0, 0, 0, 0, 0, 0, 0, 0], [0, 7, 0, 2, 0, 6, 0, 1]]",0.072
542,0.0,7,"[[0.15, 0.08, 0.15, 0.12, 0.15, 0.08, 0.22], [0.12, 0.2, 0.22, 0.16, 0.25, 0.12, 0.11], [0.19, 0.22, 0.15, 0.08, 0.12, 0.14, 0.2], [0.21, 0.16, 0.09, 0.16, 0.22, 0.15, 0.19]]",0.13,0.2,28,"[0.05, 0.07, 0.86, 0.02]","[[0, 0, 0, 0, 0, 0, 0, 3], [0, 0, 0, 0, 0, 0, 0, 0], [0, 5, 0, 6, 0, 1, 0, 2], [0, 0, 0, 0, 0, 0, 0, 4]]",0.072
543,0.0,6,"[[0.14, 0.12, 0.08, 0.02, 0.14, 0.19, 0.09], [0.2, 0.01, 0.13, 0.03, 0.11, 0.06, 0.23], [0.19, 0.12, 0.16, 0.15, 0.16, 0.07, 0.21], [0.09, 0.14, 0.24, 0.12, 0.1, 0.2, 0.16]]",0.13,0.19,28,"[0.36, 0.17, 0.12, 0.35]","[[0, 1, 0, 0, 6, 8, 10, 4], [0, 0, 0, 0, 0, 0, 11, 0], [0, 0, 0, 0, 0, 0, 12, 0], [0, 2, 0, 0, 5, 7, 9, 3]]",0.072
544,0.0,5,"[[0.05, 0.08, 0.17, 0.15, 0.22, 0.07, 0.07], [0.06, 0.1, 0.12, 0.11, 0.19, 0.16, 0.05], [0.19, 0.16, 0.13, 0.06, 0.18, 0.04, 0.24], [0.15, 0.24, 0.11, 0.13, 0.14, 0.03, 0.01]]",0.13,0.22,28,"[0.86, 0.01, 0.05, 0.08]","[[0, 3, 0, 6, 2, 5, 0, 4], [0, 0, 0, 0, 0, 9, 0, 0], [0, 0, 0, 0, 0, 8, 0, 0], [0, 0, 0, 0, 1, 7, 0, 0]]",0.072
545,0.0,7,"[[0.11, 0.13, 0.2, 0.15, 0.12, 0.07, 0.12], [0.17, 0.14, 0.08, 0.03, 0.14, 0.12, 0.21], [0.15, 0.05, 0.06, 0.08, 0.07, 0.16, 0.13], [0.11, 0.11, 0.13, 0.18, 0.08, 0.12, 0.15]]",0.13,0.13,28,"[0.11, 0.38, 0.34, 0.17]","[[0, 0, 0, 0, 0, 0, 0, 14], [0, 1, 10, 8, 6, 0, 13, 3], [0, 2, 11, 9, 7, 0, 12, 4], [0, 0, 0, 0, 0, 0, 0, 5]]",0.072
546,0.0,7,"[[0.08, 0.23, 0.11, 0.15, 0.14, 0.16, 0.07], [0.19, 0.17, 0.09, 0.16, 0.14, 0.09, 0.03], [0.13, 0.11, 0.24, 0.17, 0.14, 0.06, 0.15], [0.09, 0.17, 0.09, 0.17, 0.19, 0.1, 0.17]]",0.13,0.17,28,"[0.01, 0.02, 0.11, 0.86]","[[0, 0, 0, 0, 0, 0, 0, 4], [0, 0, 0, 0, 0, 0, 0, 0], [0, 0, 0, 0, 0, 0, 0, 5], [0, 1, 0, 0, 3, 0, 0, 2]]",0.072
547,0.0,5,"[[0.01, 0.19, 0.1, 0.03, 0.13, 0.15, 0.13], [0.17, 0.18, 0.07, 0.17, 0.17, 0.12, 0.12], [0.11, 0.17, 0.18, 0.22, 0.08, 0.06, 0.07], [0.12, 0.02, 0.07, 0.16, 0.17, 0.14, 0.04]]",0.13,0.17,28,"[0.3, 0.29, 0.13, 0.28]","[[0, 6, 0, 3, 0, 12, 0, 4], [0, 7, 0, 2, 0, 11, 0, 5], [0, 0, 0, 0, 0, 0, 0, 0], [0, 8, 0, 1, 0, 10, 0, 9]]",0.072
548,0.0,3,"[[0.2, 0.14, 0.16, 0.12, 0.21, 0.18, 0.23], [0.06, 0.09, 0.16, 0.16, 0.14, 0.12, 0.15], [0.23, 0.08, 0.17, 0.11, 0.04, 0.14, 0.15], [0.06, 0.12, 0.16, 0.23, 0.08, 0.11, 0.15]]",0.13,0.16,28,"[0.33, 0.18, 0.11, 0.38]","[[0, 0, 0, 3, 0, 0, 0, 0], [0, 0, 0, 1, 0, 0, 0, 0], [0, 0, 0, 0, 0, 0, 0, 0], [0, 0, 0, 2, 0, 0, 0, 0]]",0.072
549,0.0,5,"[[0.09, 0.06, 0.16, 0.11, 0.12, 0.22, 0.04], [0.11, 0.19, 0.13, 0.18, 0.2, 0.12, 0.12], [0.11, 0.08, 0.15, 0.06, 0.15, 0.13, 0.16], [0.08, 0.15, 0.2, 0.17, 0.24, 0.04, 0.12]]",0.13,0.12,28,"[0.15, 0.32, 0.21, 0.32]","[[0, 4, 5, 12, 13, 20, 21, 28], [0, 3, 6, 11, 14, 19, 22, 27], [0, 2, 8, 10, 15, 18, 23, 26], [0, 1, 7, 9, 16, 17, 24, 25]]",0.072
550,0.0,4,"[[0.72, 5.25, 9.97, 4.85, 8.58, 2.57, 9.15], [5.48, 9.36, 2.36, 9.25, 3.72, 4.76, 6.74], [7.14, 7.36, 2.91, 4.13, 7.03, 8.48, 0.38], [5.84, 6.37, 7.56, 3.71, 4.02, 2.93, 0.09]]",5.0,9.25,28,"[0.03, 0.85, 0.06, 0.06]","[[0, 4, 0, 0, 0, 0, 0, 0], [0, 1, 0, 0, 6, 0, 0, 5], [0, 0, 0, 0, 0, 0, 0, 0], [0, 3, 2, 0, 0, 0, 0, 0]]",2.994
551,0.0,4,"[[5.16, 3.84, 2.97, 6.89, 7.92, 3.02, 6.81], [6.93, 3.64, 5.33, 8.47, 3.82, 8.88, 7.83], [4.51, 5.38, 9.21, 3.79, 4.77, 9.29, 4.59], [3.55, 8.48, 4.66, 2.28, 3.95, 2.95, 5.67]]",5.0,6.89,28,"[0.86, 0.08, 0.05, 0.01]","[[0, 1, 6, 5, 4, 2, 7, 3], [0, 0, 0, 0, 9, 10, 0, 0], [0, 0, 0, 0, 0, 0, 0, 0], [0, 0, 0, 0, 8, 0, 0, 0]]",2.994
552,0.0,3,"[[2.09, 7.52, 9.74, 6.72, 2.88, 5.9, 5.87], [6.25, 4.49, 6.66, 2.68, 2.62, 7.58, 4.86], [0.33, 4.49, 3.44, 6.0, 4.73, 0.87, 2.63], [7.63, 1.46, 3.24, 5.72, 7.53, 7.25, 3.01]]",5.0,3.44,28,"[0.34, 0.23, 0.2, 0.23]","[[0, 1, 0, 8, 2, 0, 0, 3], [0, 0, 0, 10, 5, 0, 0, 7], [0, 0, 0, 0, 0, 0, 0, 0], [0, 0, 0, 9, 4, 0, 0, 6]]",2.994
553,0.0,1,"[[7.91, 1.03, 5.87, 7.52, 6.88, 7.18, 6.1], [5.88, 5.55, 1.78, 3.0, 4.69, 4.52, 8.75], [5.71, 1.25, 6.22, 6.17, 8.38, 7.26, 4.32], [6.4, 8.88, 5.28, 4.23, 1.08, 0.7, 3.39]]",5.0,5.71,28,"[0.3, 0.18, 0.2, 0.32]","[[0, 1, 0, 0, 6, 0, 8, 3], [0, 9, 0, 0, 0, 0, 0, 0], [0, 10, 0, 0, 0, 0, 0, 0], [0, 2, 0, 0, 5, 0, 7, 4]]",2.994
554,0.0,1,"[[7.17, 3.46, 5.58, 3.93, 3.7, 2.49, 5.53], [9.77, 5.93, 5.47, 2.25, 8.04, 7.17, 0.39], [7.48, 1.53, 5.91, 7.74, 1.59, 6.73, 3.86], [5.1, 6.8, 2.11, 7.09, 7.57, 6.62, 8.34]]",5.0,7.17,28,"[0.88, 0.05, 0.05, 0.02]","[[0, 1, 5, 4, 3, 7, 6, 2], [0, 10, 0, 0, 0, 0, 0, 0], [0, 9, 0, 0, 0, 0, 0, 0], [0, 8, 0, 0, 0, 0, 0, 0]]",2.994
555,0.0,4,"[[5.11, 2.17, 0.1, 9.47, 2.73, 6.4, 3.36], [4.31, 7.26, 6.36, 8.48, 2.98, 4.68, 5.77], [8.38, 2.0, 6.14, 7.53, 4.7, 1.99, 1.53], [7.09, 5.94, 3.03, 5.37, 2.51, 3.9, 2.79]]",5.0,9.47,28,"[0.31, 0.35, 0.15, 0.19]","[[0, 0, 0, 0, 10, 12, 0, 0], [0, 4, 5, 8, 1, 6, 7, 3], [0, 0, 0, 0, 11, 0, 0, 0], [0, 0, 0, 0, 9, 0, 0, 2]]",2.994
556,0.0,1,"[[1.32, 1.79, 4.74, 6.52, 9.55, 1.49, 3.36], [2.67, 2.3, 3.39, 7.85, 3.89, 7.4, 8.55], [4.18, 0.46, 4.32, 2.27, 3.18, 8.62, 2.94], [6.02, 2.09, 4.16, 3.95, 2.34, 3.36, 2.27]]",5.0,6.02,28,"[0.16, 0.11, 0.34, 0.39]","[[0, 18, 0, 0, 0, 0, 9, 0], [0, 17, 0, 0, 0, 0, 10, 0], [0, 2, 12, 13, 3, 15, 5, 8], [0, 1, 11, 14, 4, 16, 6, 7]]",2.994
557,0.0,5,"[[6.19, 1.85, 1.16, 4.28, 2.66, 3.25, 7.93], [4.16, 3.03, 5.34, 3.93, 5.82, 4.05, 2.14], [6.53, 8.89, 6.73, 7.28, 2.75, 0.6, 4.09], [4.95, 6.55, 6.81, 6.9, 1.07, 2.2, 5.26]]",5.0,5.82,28,"[0.03, 0.86, 0.04, 0.07]","[[0, 0, 0, 0, 0, 0, 0, 0], [0, 1, 7, 2, 3, 4, 5, 6], [0, 0, 0, 0, 0, 0, 0, 0], [0, 0, 0, 0, 0, 0, 0, 0]]",2.994
558,0.0,2,"[[5.12, 1.51, 5.2, 6.71, 2.69, 8.45, 7.56], [1.26, 6.81, 6.02, 6.85, 3.83, 2.04, 5.15], [0.77, 1.29, 6.67, 1.6, 1.63, 0.54, 0.89], [4.2, 5.58, 3.29, 3.97, 3.54, 6.37, 4.95]]",5.0,1.51,28,"[0.21, 0.27, 0.19, 0.33]","[[0, 0, 0, 0, 0, 0, 0, 0], [0, 0, 2, 0, 0, 4, 0, 6], [0, 0, 0, 0, 0, 0, 0, 0], [0, 1, 7, 3, 0, 0, 5, 0]]",2.994
559,0.0,7,"[[5.71, 4.0, 7.87, 3.26, 8.95, 9.97, 6.35], [4.81, 5.73, 5.74, 5.66, 5.51, 4.81, 7.59], [6.14, 5.62, 3.6, 6.94, 3.42, 3.6, 6.26], [1.09, 4.7, 1.56, 4.05, 2.65, 4.29, 5.33]]",5.0,5.33,28,"[0.02, 0.08, 0.03, 0.87]","[[0, 0, 13, 0, 0, 0, 0, 8], [0, 0, 12, 0, 0, 0, 0, 9], [0, 0, 11, 0, 0, 0, 0, 10], [0, 1, 7, 2, 3, 4, 5, 6]]",2.994
560,0.0,3,"[[5.92, 9.68, 5.15, 2.59, 5.89, 7.38, 2.85], [1.22, 5.64, 6.3, 3.82, 9.13, 6.51, 3.36], [6.72, 1.0, 8.86, 8.25, 8.82, 6.13, 4.12], [7.5, 7.75, 5.39, 3.9, 7.48, 3.23, 1.98]]",5.0,5.39,29,"[0.3, 0.17, 0.24, 0.29]","[[0, 1, 2, 3, 22, 21, 20, 18], [0, 26, 12, 25, 4, 6, 14, 17], [0, 27, 13, 28, 5, 7, 15, 16], [0, 10, 11, 24, 23, 8, 9, 19]]",2.994
561,0.0,3,"[[9.88, 3.37, 6.84, 6.02, 5.72, 2.47, 6.83], [4.66, 3.57, 1.89, 8.02, 4.52, 4.58, 0.56], [5.57, 8.71, 8.98, 7.3, 1.41, 5.09, 6.3], [2.79, 3.58, 9.87, 3.61, 3.51, 7.13, 2.78]]",5.0,9.87,29,"[0.02, 0.05, 0.05, 0.88]","[[0, 1, 7, 16, 17, 21, 22, 27], [0, 2, 6, 15, 18, 28, 23, 26], [0, 3, 8, 14, 19, 20, 24, 25], [0, 4, 5, 9, 10, 11, 12, 13]]",2.994
562,0.0,6,"[[2.65, 1.66, 4.12, 6.28, 3.9, 4.24, 8.17], [4.84, 2.23, 5.57, 7.45, 3.35, 5.55, 3.39], [6.15, 3.53, 5.47, 2.82, 6.99, 9.09, 0.79], [2.47, 2.31, 1.36, 3.11, 4.52, 5.21, 3.31]]",5.0,5.21,29,"[0.01, 0.06, 0.02, 0.91]","[[0, 1, 28, 23, 22, 14, 13, 17], [0, 3, 27, 24, 21, 15, 12, 18], [0, 2, 26, 25, 20, 16, 11, 19], [0, 4, 6, 5, 7, 8, 9, 10]]",2.994
563,0.0,2,"[[3.89, 7.03, 1.42, 3.85, 5.57, 3.85, 2.09], [1.42, 3.42, 3.49, 1.78, 8.76, 8.52, 6.88], [3.98, 7.53, 6.94, 2.68, 5.16, 4.6, 0.82], [7.43, 7.31, 6.36, 5.75, 9.0, 9.88, 3.78]]",5.0,7.03,29,"[0.86, 0.01, 0.02, 0.11]","[[0, 1, 2, 3, 4, 5, 7, 6], [0, 11, 8, 15, 14, 20, 25, 26], [0, 12, 9, 16, 19, 21, 24, 27], [0, 13, 10, 17, 18, 22, 23, 28]]",2.994
564,0.0,6,"[[1.32, 1.79, 4.74, 6.52, 9.55, 1.49, 3.36], [2.67, 2.3, 3.39, 7.85, 3.89, 7.4, 8.55], [4.18, 0.46, 4.32, 2.27, 3.18, 8.62, 2.94], [6.02, 2.09, 4.16, 3.95, 2.34, 3.36, 2.27]]",5.0,3.36,29,"[0.16, 0.11, 0.34, 0.39]","[[0, 1, 13, 14, 19, 20, 25, 26], [0, 10, 12, 15, 18, 21, 24, 27], [0, 9, 11, 16, 17, 22, 23, 28], [0, 2, 3, 4, 5, 7, 6, 8]]",2.994
565,0.0,6,"[[3.4, 2.14, 9.33, 2.59, 4.55, 1.09, 2.85], [2.69, 7.17, 4.91, 8.03, 6.07, 6.49, 2.28], [2.24, 5.15, 4.83, 2.39, 2.78, 7.43, 5.61], [3.01, 5.69, 6.66, 3.22, 3.6, 8.48, 3.28]]",5.0,7.43,29,"[0.07, 0.01, 0.9, 0.02]","[[0, 1, 0, 0, 0, 0, 11, 0], [0, 12, 0, 0, 0, 0, 10, 0], [0, 2, 3, 4, 5, 6, 7, 8], [0, 0, 0, 0, 0, 0, 9, 0]]",2.994
566,0.0,1,"[[6.18, 4.93, 6.72, 3.3, 6.34, 6.06, 5.41], [7.2, 2.38, 3.93, 9.67, 4.79, 7.96, 3.99], [0.82, 2.25, 1.43, 2.43, 5.42, 7.07, 9.93], [9.97, 3.97, 5.79, 8.9, 4.27, 7.39, 5.81]]",5.0,9.97,29,"[0.28, 0.28, 0.19, 0.25]","[[0, 1, 4, 5, 8, 9, 12, 13], [0, 2, 3, 6, 7, 10, 11, 14], [0, 18, 0, 0, 0, 0, 15, 0], [0, 17, 0, 0, 0, 0, 16, 0]]",2.994
567,0.0,7,"[[5.28, 9.9, 6.81, 1.61, 2.79, 8.92, 6.09], [3.46, 6.68, 6.44, 3.71, 3.55, 0.25, 8.07], [6.52, 2.17, 8.0, 8.5, 5.35, 1.81, 3.32], [5.89, 1.86, 6.44, 5.29, 3.29, 8.96, 7.12]]",5.0,7.12,29,"[0.23, 0.3, 0.24, 0.23]","[[0, 27, 28, 20, 19, 13, 12, 8], [0, 1, 3, 2, 4, 5, 6, 7], [0, 25, 24, 21, 18, 15, 14, 9], [0, 26, 23, 22, 17, 16, 11, 10]]",2.994
568,0.0,6,"[[3.95, 8.96, 8.28, 6.18, 7.02, 4.65, 4.21], [7.39, 4.82, 4.44, 1.73, 7.35, 9.66, 2.04], [6.67, 2.62, 2.43, 7.24, 6.32, 7.33, 5.82], [4.75, 4.96, 2.68, 1.71, 6.22, 1.58, 9.11]]",5.0,9.66,29,"[0.25, 0.24, 0.28, 0.23]","[[0, 1, 8, 9, 16, 17, 24, 25], [0, 2, 7, 10, 15, 18, 23, 26], [0, 3, 6, 11, 13, 19, 22, 27], [0, 4, 5, 12, 14, 20, 21, 28]]",2.994
569,0.0,2,"[[5.97, 8.23, 1.24, 7.62, 4.62, 4.29, 5.98], [8.29, 4.65, 5.55, 1.01, 2.98, 8.74, 8.92], [1.93, 2.81, 4.79, 6.01, 7.29, 6.55, 4.48], [9.09, 1.98, 6.38, 4.5, 3.08, 5.26, 4.47]]",5.0,8.23,29,"[0.86, 0.01, 0.12, 0.01]","[[0, 1, 2, 3, 4, 5, 6, 7], [0, 13, 8, 0, 14, 0, 0, 17], [0, 12, 9, 0, 15, 0, 0, 18], [0, 11, 10, 0, 16, 0, 0, 19]]",2.994
570,0.0,5,"[[0.08, 0.23, 0.11, 0.15, 0.14, 0.16, 0.07], [0.19, 0.17, 0.09, 0.16, 0.14, 0.09, 0.03], [0.13, 0.11, 0.24, 0.17, 0.14, 0.06, 0.15], [0.09, 0.17, 0.09, 0.17, 0.19, 0.1, 0.17]]",0.13,0.19,29,"[0.01, 0.02, 0.11, 0.86]","[[0, 0, 0, 0, 0, 11, 0, 0], [0, 0, 0, 0, 0, 10, 0, 0], [0, 0, 0, 0, 0, 9, 8, 0], [0, 1, 2, 3, 4, 5, 7, 6]]",0.072
571,0.0,1,"[[0.15, 0.06, 0.09, 0.11, 0.16, 0.04, 0.14], [0.13, 0.19, 0.06, 0.21, 0.14, 0.09, 0.14], [0.16, 0.13, 0.11, 0.14, 0.1, 0.12, 0.12], [0.2, 0.09, 0.2, 0.06, 0.12, 0.09, 0.16]]",0.13,0.16,29,"[0.08, 0.04, 0.87, 0.01]","[[0, 9, 0, 0, 0, 0, 0, 0], [0, 8, 0, 0, 0, 0, 0, 0], [0, 1, 2, 3, 4, 5, 7, 6], [0, 10, 0, 0, 0, 0, 0, 0]]",0.072
572,0.0,1,"[[0.11, 0.17, 0.16, 0.1, 0.16, 0.08, 0.16], [0.14, 0.11, 0.1, 0.17, 0.15, 0.09, 0.15], [0.18, 0.13, 0.06, 0.09, 0.04, 0.12, 0.18], [0.24, 0.17, 0.23, 0.17, 0.08, 0.13, 0.06]]",0.13,0.24,29,"[0.26, 0.27, 0.3, 0.17]","[[0, 9, 0, 0, 0, 0, 0, 12], [0, 8, 0, 0, 0, 0, 0, 11], [0, 1, 2, 3, 4, 5, 6, 7], [0, 10, 0, 0, 0, 0, 0, 13]]",0.072
573,0.0,1,"[[0.15, 0.17, 0.12, 0.06, 0.06, 0.22, 0.15], [0.19, 0.17, 0.21, 0.18, 0.06, 0.19, 0.04], [0.07, 0.13, 0.08, 0.09, 0.18, 0.11, 0.12], [0.16, 0.1, 0.02, 0.11, 0.21, 0.13, 0.19]]",0.13,0.16,29,"[0.09, 0.05, 0.01, 0.85]","[[0, 16, 0, 0, 0, 10, 0, 13], [0, 15, 0, 0, 0, 9, 0, 12], [0, 14, 0, 0, 0, 8, 0, 11], [0, 1, 2, 4, 3, 5, 6, 7]]",0.072
574,0.0,5,"[[0.09, 0.06, 0.16, 0.11, 0.12, 0.22, 0.04], [0.11, 0.19, 0.13, 0.18, 0.2, 0.12, 0.12], [0.11, 0.08, 0.15, 0.06, 0.15, 0.13, 0.16], [0.08, 0.15, 0.2, 0.17, 0.24, 0.04, 0.12]]",0.13,0.24,29,"[0.15, 0.32, 0.21, 0.32]","[[0, 0, 13, 0, 16, 10, 0, 0], [0, 1, 2, 3, 4, 5, 7, 6], [0, 0, 12, 0, 15, 8, 0, 0], [0, 0, 11, 0, 14, 9, 0, 0]]",0.072
575,0.0,5,"[[0.05, 0.17, 0.08, 0.07, 0.16, 0.13, 0.05], [0.1, 0.16, 0.24, 0.2, 0.19, 0.19, 0.23], [0.18, 0.13, 0.06, 0.19, 0.17, 0.21, 0.13], [0.16, 0.18, 0.2, 0.12, 0.19, 0.08, 0.19]]",0.13,0.16,29,"[0.85, 0.1, 0.02, 0.03]","[[0, 1, 2, 3, 4, 5, 6, 7], [0, 0, 8, 0, 0, 11, 0, 0], [0, 0, 9, 0, 0, 12, 0, 0], [0, 0, 10, 0, 0, 13, 0, 0]]",0.072
576,0.0,7,"[[0.11, 0.13, 0.2, 0.15, 0.12, 0.07, 0.12], [0.17, 0.14, 0.08, 0.03, 0.14, 0.12, 0.21], [0.15, 0.05, 0.06, 0.08, 0.07, 0.16, 0.13], [0.11, 0.11, 0.13, 0.18, 0.08, 0.12, 0.15]]",0.13,0.13,29,"[0.11, 0.38, 0.34, 0.17]","[[0, 15, 0, 0, 0, 0, 20, 18], [0, 1, 6, 4, 9, 10, 11, 14], [0, 2, 3, 5, 8, 7, 12, 13], [0, 16, 0, 0, 0, 0, 19, 17]]",0.072
577,0.0,7,"[[0.19, 0.11, 0.24, 0.23, 0.21, 0.14, 0.16], [0.12, 0.1, 0.02, 0.19, 0.1, 0.08, 0.14], [0.05, 0.21, 0.07, 0.2, 0.09, 0.02, 0.23], [0.09, 0.04, 0.09, 0.14, 0.18, 0.2, 0.23]]",0.13,0.14,29,"[0.03, 0.01, 0.92, 0.04]","[[0, 0, 13, 0, 0, 0, 0, 10], [0, 0, 12, 0, 0, 0, 0, 9], [0, 1, 2, 3, 4, 5, 6, 7], [0, 0, 11, 0, 0, 0, 0, 8]]",0.072
578,0.0,7,"[[0.15, 0.2, 0.21, 0.14, 0.15, 0.21, 0.2], [0.1, 0.12, 0.15, 0.05, 0.19, 0.19, 0.19], [0.2, 0.18, 0.22, 0.07, 0.23, 0.17, 0.15], [0.25, 0.17, 0.14, 0.07, 0.06, 0.14, 0.21]]",0.13,0.19,29,"[0.33, 0.32, 0.13, 0.22]","[[0, 1, 4, 5, 8, 9, 12, 13], [0, 2, 3, 6, 7, 10, 11, 14], [0, 0, 19, 21, 0, 0, 15, 17], [0, 0, 20, 22, 0, 0, 16, 18]]",0.072
579,0.0,3,"[[0.18, 0.08, 0.14, 0.2, 0.12, 0.1, 0.1], [0.1, 0.05, 0.2, 0.13, 0.11, 0.09, 0.04], [0.15, 0.11, 0.22, 0.09, 0.14, 0.12, 0.12], [0.17, 0.01, 0.14, 0.05, 0.14, 0.07, 0.08]]",0.13,0.14,29,"[0.3, 0.22, 0.27, 0.21]","[[0, 1, 8, 9, 13, 20, 21, 28], [0, 2, 7, 10, 14, 19, 22, 27], [0, 3, 6, 11, 15, 18, 23, 26], [0, 4, 5, 12, 16, 17, 24, 25]]",0.072
580,0.01,1,"[[5.63, 2.91, 6.84, 6.5, 2.65, 5.91, 4.09], [5.16, 0.83, 2.41, 5.99, 6.15, 3.67, 6.12], [5.67, 9.08, 3.93, 7.57, 5.62, 2.51, 2.61], [4.59, 1.2, 4.42, 1.16, 8.17, 8.27, 1.11]]",5.0,5.63,30,"[0.14, 0.34, 0.35, 0.17]","[[0, 1, 0, 3, 0, 4, 0, 5], [0, 6, 2, 0, 0, 0, 0, 0], [0, 8, 0, 0, 0, 0, 0, 0], [0, 7, 0, 0, 0, 0, 0, 0]]",2.994
581,0.01,6,"[[6.18, 4.93, 6.72, 3.3, 6.34, 6.06, 5.41], [7.2, 2.38, 3.93, 9.67, 4.79, 7.96, 3.99], [0.82, 2.25, 1.43, 2.43, 5.42, 7.07, 9.93], [9.97, 3.97, 5.79, 8.9, 4.27, 7.39, 5.81]]",5.0,7.39,30,"[0.28, 0.28, 0.19, 0.25]","[[0, 28, 26, 23, 13, 12, 5, 1], [0, 27, 25, 22, 21, 11, 6, 2], [0, 19, 20, 24, 14, 10, 7, 3], [0, 18, 17, 16, 15, 9, 8, 4]]",2.994
582,0.01,1,"[[2.54, 7.44, 2.24, 4.32, 2.76, 9.01, 8.48], [1.82, 8.34, 6.23, 3.89, 6.94, 3.11, 6.18], [7.6, 3.71, 5.31, 9.83, 1.09, 3.87, 7.81], [7.76, 7.0, 2.77, 7.48, 3.83, 0.31, 3.13]]",5.0,7.6,30,"[0.04, 0.07, 0.03, 0.86]","[[0, 1, 0, 0, 0, 0, 0, 0], [0, 0, 0, 0, 0, 0, 0, 0], [0, 0, 0, 0, 0, 0, 0, 0], [0, 2, 4, 3, 5, 6, 7, 8]]",2.994
583,0.01,5,"[[6.19, 1.85, 1.16, 4.28, 2.66, 3.25, 7.93], [4.16, 3.03, 5.34, 3.93, 5.82, 4.05, 2.14], [6.53, 8.89, 6.73, 7.28, 2.75, 0.6, 4.09], [4.95, 6.55, 6.81, 6.9, 1.07, 2.2, 5.26]]",5.0,5.82,30,"[0.03, 0.86, 0.04, 0.07]","[[0, 0, 0, 0, 0, 0, 0, 0], [0, 1, 2, 3, 4, 5, 6, 7], [0, 0, 0, 0, 0, 0, 0, 0], [0, 0, 0, 0, 0, 0, 0, 0]]",2.994
584,0.01,1,"[[3.95, 8.96, 8.28, 6.18, 7.02, 4.65, 4.21], [7.39, 4.82, 4.44, 1.73, 7.35, 9.66, 2.04], [6.67, 2.62, 2.43, 7.24, 6.32, 7.33, 5.82], [4.75, 4.96, 2.68, 1.71, 6.22, 1.58, 9.11]]",5.0,4.75,30,"[0.25, 0.24, 0.28, 0.23]","[[0, 3, 0, 0, 0, 0, 0, 0], [0, 4, 0, 0, 0, 0, 0, 0], [0, 2, 1, 0, 0, 0, 0, 0], [0, 5, 0, 0, 0, 0, 0, 0]]",2.994
585,0.01,2,"[[5.92, 9.68, 5.15, 2.59, 5.89, 7.38, 2.85], [1.22, 5.64, 6.3, 3.82, 9.13, 6.51, 3.36], [6.72, 1.0, 8.86, 8.25, 8.82, 6.13, 4.12], [7.5, 7.75, 5.39, 3.9, 7.48, 3.23, 1.98]]",5.0,1.0,30,"[0.3, 0.17, 0.24, 0.29]","[[0, 0, 1, 2, 0, 0, 0, 0], [0, 0, 0, 0, 0, 0, 0, 0], [0, 0, 0, 0, 0, 0, 0, 0], [0, 0, 0, 0, 0, 0, 0, 0]]",2.994
586,0.01,2,"[[0.72, 5.25, 9.97, 4.85, 8.58, 2.57, 9.15], [5.48, 9.36, 2.36, 9.25, 3.72, 4.76, 6.74], [7.14, 7.36, 2.91, 4.13, 7.03, 8.48, 0.38], [5.84, 6.37, 7.56, 3.71, 4.02, 2.93, 0.09]]",5.0,9.36,30,"[0.03, 0.85, 0.06, 0.06]","[[0, 0, 5, 0, 0, 0, 0, 0], [0, 3, 2, 1, 4, 0, 0, 0], [0, 0, 6, 0, 0, 0, 0, 0], [0, 0, 7, 0, 0, 0, 0, 0]]",2.994
587,0.01,5,"[[7.04, 7.27, 1.99, 4.87, 6.53, 6.34, 1.47], [5.29, 2.16, 9.06, 4.67, 7.92, 5.41, 7.56], [6.95, 5.35, 1.7, 4.81, 6.84, 1.21, 8.92], [6.63, 5.53, 4.35, 1.42, 5.69, 5.92, 4.12]]",5.0,7.92,30,"[0.07, 0.87, 0.03, 0.03]","[[0, 0, 0, 8, 0, 13, 0, 0], [0, 1, 2, 3, 4, 5, 6, 7], [0, 0, 0, 9, 0, 12, 0, 0], [0, 0, 0, 10, 0, 11, 0, 0]]",2.994
588,0.01,1,"[[3.54, 3.18, 6.26, 3.39, 3.52, 5.47, 1.42], [3.13, 1.91, 7.14, 3.81, 4.58, 6.9, 8.39], [7.48, 1.27, 5.41, 7.63, 6.12, 1.81, 6.34], [6.09, 3.7, 4.25, 4.91, 0.8, 7.46, 7.59]]",5.0,7.48,30,"[0.04, 0.07, 0.88, 0.01]","[[0, 9, 0, 0, 13, 0, 0, 0], [0, 8, 0, 0, 12, 0, 0, 0], [0, 1, 2, 3, 4, 5, 6, 7], [0, 10, 0, 0, 11, 0, 0, 0]]",2.994
589,0.01,4,"[[6.2, 4.19, 3.44, 8.27, 6.51, 4.65, 4.01], [2.89, 4.13, 4.82, 8.89, 9.25, 0.96, 6.04], [8.8, 2.84, 4.5, 4.81, 3.19, 0.46, 7.31], [5.12, 1.87, 1.91, 7.0, 2.08, 5.06, 2.86]]",5.0,8.89,30,"[0.15, 0.21, 0.3, 0.34]","[[0, 0, 0, 0, 10, 0, 0, 0], [0, 0, 0, 0, 9, 0, 0, 0], [0, 0, 0, 0, 8, 0, 0, 0], [0, 1, 2, 3, 7, 4, 5, 6]]",2.994
590,0.01,4,"[[0.2, 0.21, 0.23, 0.23, 0.18, 0.14, 0.22], [0.2, 0.22, 0.22, 0.25, 0.05, 0.12, 0.09], [0.02, 0.05, 0.07, 0.23, 0.14, 0.19, 0.02], [0.12, 0.1, 0.13, 0.23, 0.18, 0.06, 0.24]]",0.13,0.23,30,"[0.08, 0.03, 0.87, 0.02]","[[0, 0, 0, 0, 9, 0, 0, 0], [0, 0, 0, 0, 8, 0, 0, 0], [0, 1, 2, 3, 4, 5, 6, 7], [0, 0, 0, 0, 10, 0, 0, 0]]",0.072
591,0.01,6,"[[0.06, 0.11, 0.17, 0.23, 0.15, 0.14, 0.21], [0.16, 0.17, 0.08, 0.04, 0.07, 0.21, 0.12], [0.2, 0.19, 0.13, 0.12, 0.17, 0.2, 0.16], [0.1, 0.1, 0.12, 0.16, 0.01, 0.17, 0.09]]",0.13,0.2,30,"[0.23, 0.25, 0.3, 0.22]","[[0, 0, 0, 0, 0, 0, 0, 0], [0, 1, 2, 3, 4, 5, 6, 7], [0, 0, 0, 0, 0, 0, 0, 0], [0, 0, 0, 0, 0, 0, 0, 0]]",0.072
592,0.01,5,"[[0.14, 0.15, 0.11, 0.2, 0.03, 0.13, 0.04], [0.03, 0.07, 0.1, 0.21, 0.1, 0.13, 0.08], [0.14, 0.03, 0.06, 0.05, 0.15, 0.08, 0.09], [0.13, 0.08, 0.16, 0.01, 0.21, 0.09, 0.05]]",0.13,0.15,30,"[0.06, 0.03, 0.86, 0.05]","[[0, 0, 0, 0, 0, 0, 0, 0], [0, 0, 0, 0, 0, 0, 0, 0], [0, 1, 2, 3, 4, 5, 6, 7], [0, 0, 0, 0, 0, 0, 0, 0]]",0.072
593,0.01,5,"[[0.14, 0.12, 0.08, 0.02, 0.14, 0.19, 0.09], [0.2, 0.01, 0.13, 0.03, 0.11, 0.06, 0.23], [0.19, 0.12, 0.16, 0.15, 0.16, 0.07, 0.21], [0.09, 0.14, 0.24, 0.12, 0.1, 0.2, 0.16]]",0.13,0.16,30,"[0.36, 0.17, 0.12, 0.35]","[[0, 0, 0, 0, 0, 0, 0, 0], [0, 0, 0, 0, 0, 0, 0, 0], [0, 0, 0, 0, 0, 0, 0, 0], [0, 0, 0, 0, 0, 0, 0, 0]]",0.072
594,0.01,2,"[[0.06, 0.22, 0.11, 0.12, 0.13, 0.09, 0.18], [0.2, 0.17, 0.05, 0.09, 0.17, 0.16, 0.24], [0.14, 0.03, 0.23, 0.14, 0.04, 0.13, 0.18], [0.16, 0.1, 0.17, 0.16, 0.14, 0.04, 0.05]]",0.13,0.22,30,"[0.87, 0.02, 0.1, 0.01]","[[0, 5, 4, 3, 1, 6, 7, 8], [0, 0, 0, 0, 2, 0, 0, 0], [0, 0, 0, 0, 0, 0, 0, 0], [0, 0, 0, 0, 0, 0, 0, 0]]",0.072
595,0.01,5,"[[0.05, 0.08, 0.17, 0.15, 0.22, 0.07, 0.07], [0.06, 0.1, 0.12, 0.11, 0.19, 0.16, 0.05], [0.19, 0.16, 0.13, 0.06, 0.18, 0.04, 0.24], [0.15, 0.24, 0.11, 0.13, 0.14, 0.03, 0.01]]",0.13,0.22,30,"[0.86, 0.01, 0.05, 0.08]","[[0, 1, 2, 3, 4, 5, 0, 0], [0, 0, 0, 0, 0, 0, 0, 0], [0, 0, 0, 0, 0, 0, 0, 0], [0, 0, 0, 0, 0, 0, 0, 0]]",0.072
596,0.01,7,"[[0.11, 0.06, 0.11, 0.08, 0.17, 0.11, 0.11], [0.14, 0.12, 0.06, 0.14, 0.09, 0.14, 0.12], [0.04, 0.15, 0.09, 0.13, 0.15, 0.18, 0.21], [0.1, 0.08, 0.17, 0.08, 0.19, 0.13, 0.19]]",0.13,0.12,30,"[0.26, 0.2, 0.27, 0.27]","[[0, 0, 0, 0, 0, 0, 0, 0], [0, 0, 0, 0, 0, 0, 0, 0], [0, 1, 2, 3, 4, 5, 6, 7], [0, 0, 0, 0, 0, 0, 0, 0]]",0.072
597,0.01,6,"[[0.11, 0.22, 0.08, 0.2, 0.14, 0.03, 0.13], [0.17, 0.02, 0.02, 0.09, 0.21, 0.16, 0.15], [0.09, 0.18, 0.16, 0.17, 0.05, 0.09, 0.1], [0.18, 0.05, 0.09, 0.19, 0.24, 0.18, 0.12]]",0.13,0.03,30,"[0.33, 0.18, 0.11, 0.38]","[[0, 0, 0, 0, 0, 0, 0, 0], [0, 0, 0, 0, 0, 0, 0, 0], [0, 0, 0, 0, 0, 0, 0, 0], [0, 0, 0, 0, 0, 0, 0, 1]]",0.072
598,0.01,7,"[[0.11, 0.18, 0.17, 0.05, 0.02, 0.11, 0.14], [0.16, 0.12, 0.11, 0.08, 0.11, 0.16, 0.08], [0.12, 0.16, 0.05, 0.23, 0.13, 0.08, 0.03], [0.17, 0.24, 0.1, 0.22, 0.06, 0.14, 0.05]]",0.13,0.03,30,"[0.01, 0.08, 0.86, 0.05]","[[0, 0, 0, 0, 0, 0, 0, 0], [0, 0, 0, 0, 0, 0, 0, 0], [0, 0, 0, 0, 0, 0, 0, 0], [0, 0, 0, 0, 0, 0, 0, 0]]",0.072
599,0.01,7,"[[0.07, 0.07, 0.17, 0.05, 0.08, 0.18, 0.15], [0.19, 0.17, 0.06, 0.13, 0.2, 0.13, 0.2], [0.08, 0.18, 0.04, 0.21, 0.15, 0.15, 0.18], [0.06, 0.08, 0.09, 0.02, 0.12, 0.19, 0.09]]",0.13,0.18,30,"[0.31, 0.27, 0.19, 0.23]","[[0, 0, 0, 0, 0, 0, 0, 0], [0, 0, 0, 0, 0, 0, 0, 0], [0, 0, 0, 0, 0, 0, 0, 0], [0, 0, 0, 0, 0, 0, 0, 0]]",0.072
600,0.01,2,"[[0.14, 0.15, 0.11, 0.2, 0.03, 0.13, 0.04], [0.03, 0.07, 0.1, 0.21, 0.1, 0.13, 0.08], [0.14, 0.03, 0.06, 0.05, 0.15, 0.08, 0.09], [0.13, 0.08, 0.16, 0.01, 0.21, 0.09, 0.05]]",0.13,0.03,31,"[0.06, 0.03, 0.86, 0.05]","[[0, 0, 0, 0, 0, 0, 0, 0], [0, 0, 0, 0, 0, 0, 0, 0], [0, 0, 0, 0, 0, 0, 0, 0], [0, 0, 0, 0, 0, 0, 0, 0]]",0.072
601,0.01,6,"[[0.1, 0.22, 0.11, 0.07, 0.15, 0.15, 0.08], [0.22, 0.14, 0.05, 0.13, 0.2, 0.14, 0.2], [0.02, 0.25, 0.2, 0.08, 0.15, 0.02, 0.07], [0.11, 0.1, 0.17, 0.14, 0.2, 0.08, 0.11]]",0.13,0.15,31,"[0.87, 0.08, 0.02, 0.03]","[[0, 0, 0, 0, 0, 0, 0, 0], [0, 0, 0, 0, 0, 0, 0, 0], [0, 0, 0, 0, 0, 0, 0, 0], [0, 0, 0, 0, 0, 0, 0, 0]]",0.072
602,0.01,4,"[[0.16, 0.14, 0.08, 0.14, 0.11, 0.13, 0.09], [0.19, 0.11, 0.19, 0.08, 0.11, 0.19, 0.13], [0.21, 0.23, 0.11, 0.11, 0.1, 0.18, 0.03], [0.04, 0.14, 0.12, 0.13, 0.05, 0.04, 0.05]]",0.13,0.13,31,"[0.31, 0.22, 0.18, 0.29]","[[0, 0, 0, 0, 0, 0, 0, 0], [0, 0, 0, 0, 0, 0, 0, 0], [0, 0, 0, 0, 0, 0, 0, 0], [0, 0, 0, 0, 0, 0, 0, 0]]",0.072
603,0.01,1,"[[0.07, 0.16, 0.11, 0.2, 0.2, 0.19, 0.16], [0.15, 0.22, 0.24, 0.17, 0.18, 0.12, 0.12], [0.11, 0.16, 0.11, 0.12, 0.21, 0.06, 0.16], [0.17, 0.22, 0.15, 0.11, 0.24, 0.11, 0.17]]",0.13,0.17,31,"[0.09, 0.03, 0.01, 0.87]","[[0, 0, 0, 0, 0, 0, 0, 0], [0, 0, 0, 0, 0, 0, 0, 0], [0, 0, 0, 0, 0, 0, 0, 0], [0, 0, 0, 0, 0, 0, 0, 0]]",0.072
604,0.01,7,"[[0.06, 0.1, 0.22, 0.17, 0.09, 0.03, 0.08], [0.24, 0.07, 0.1, 0.11, 0.11, 0.15, 0.16], [0.04, 0.05, 0.2, 0.13, 0.03, 0.1, 0.19], [0.2, 0.09, 0.17, 0.15, 0.2, 0.1, 0.15]]",0.13,0.15,31,"[0.01, 0.1, 0.04, 0.85]","[[0, 0, 0, 0, 0, 0, 0, 0], [0, 0, 0, 0, 0, 0, 0, 0], [0, 0, 0, 0, 0, 0, 0, 0], [0, 0, 0, 0, 0, 0, 0, 0]]",0.072
605,0.01,3,"[[0.23, 0.06, 0.08, 0.13, 0.11, 0.05, 0.11], [0.17, 0.17, 0.17, 0.13, 0.09, 0.2, 0.07], [0.21, 0.11, 0.17, 0.05, 0.13, 0.11, 0.17], [0.16, 0.02, 0.2, 0.19, 0.23, 0.13, 0.13]]",0.13,0.2,31,"[0.24, 0.22, 0.21, 0.33]","[[0, 0, 0, 0, 0, 0, 0, 0], [0, 0, 0, 0, 0, 0, 0, 0], [0, 0, 0, 0, 0, 0, 0, 0], [0, 0, 0, 0, 0, 0, 0, 0]]",0.072
606,0.01,5,"[[0.11, 0.22, 0.08, 0.2, 0.14, 0.03, 0.13], [0.17, 0.02, 0.02, 0.09, 0.21, 0.16, 0.15], [0.09, 0.18, 0.16, 0.17, 0.05, 0.09, 0.1], [0.18, 0.05, 0.09, 0.19, 0.24, 0.18, 0.12]]",0.13,0.14,31,"[0.33, 0.18, 0.11, 0.38]","[[0, 0, 0, 0, 0, 0, 0, 0], [0, 0, 0, 0, 0, 0, 0, 0], [0, 0, 0, 0, 0, 0, 0, 0], [0, 0, 0, 0, 0, 0, 0, 0]]",0.072
607,0.01,2,"[[0.12, 0.13, 0.12, 0.14, 0.05, 0.1, 0.25], [0.16, 0.2, 0.2, 0.14, 0.09, 0.17, 0.09], [0.11, 0.12, 0.11, 0.11, 0.08, 0.05, 0.17], [0.19, 0.2, 0.07, 0.21, 0.07, 0.13, 0.2]]",0.13,0.2,31,"[0.17, 0.35, 0.31, 0.17]","[[0, 0, 0, 0, 0, 0, 0, 0], [0, 0, 0, 0, 0, 0, 0, 0], [0, 0, 0, 0, 0, 0, 0, 0], [0, 0, 0, 0, 0, 0, 0, 0]]",0.072
608,0.01,5,"[[0.22, 0.12, 0.18, 0.2, 0.04, 0.04, 0.16], [0.19, 0.18, 0.17, 0.17, 0.18, 0.2, 0.15], [0.03, 0.13, 0.18, 0.12, 0.17, 0.16, 0.08], [0.21, 0.09, 0.16, 0.11, 0.25, 0.1, 0.16]]",0.13,0.25,31,"[0.34, 0.12, 0.22, 0.32]","[[0, 0, 0, 0, 0, 0, 0, 0], [0, 0, 0, 0, 0, 0, 0, 0], [0, 0, 0, 0, 0, 0, 0, 0], [0, 0, 0, 0, 0, 0, 0, 0]]",0.072
609,0.01,7,"[[0.19, 0.11, 0.24, 0.23, 0.21, 0.14, 0.16], [0.12, 0.1, 0.02, 0.19, 0.1, 0.08, 0.14], [0.05, 0.21, 0.07, 0.2, 0.09, 0.02, 0.23], [0.09, 0.04, 0.09, 0.14, 0.18, 0.2, 0.23]]",0.13,0.23,31,"[0.03, 0.01, 0.92, 0.04]","[[0, 0, 0, 0, 0, 0, 0, 0], [0, 0, 0, 0, 0, 0, 0, 0], [0, 1, 2, 3, 4, 5, 6, 7], [0, 0, 0, 0, 0, 0, 0, 0]]",0.072
610,0.01,2,"[[5.97, 8.23, 1.24, 7.62, 4.62, 4.29, 5.98], [8.29, 4.65, 5.55, 1.01, 2.98, 8.74, 8.92], [1.93, 2.81, 4.79, 6.01, 7.29, 6.55, 4.48], [9.09, 1.98, 6.38, 4.5, 3.08, 5.26, 4.47]]",5.0,8.23,31,"[0.86, 0.01, 0.12, 0.01]","[[0, 1, 2, 3, 4, 5, 6, 7], [0, 0, 8, 0, 0, 0, 0, 0], [0, 0, 9, 0, 0, 0, 0, 0], [0, 0, 10, 0, 0, 0, 0, 0]]",2.994
611,0.01,2,"[[0.72, 5.25, 9.97, 4.85, 8.58, 2.57, 9.15], [5.48, 9.36, 2.36, 9.25, 3.72, 4.76, 6.74], [7.14, 7.36, 2.91, 4.13, 7.03, 8.48, 0.38], [5.84, 6.37, 7.56, 3.71, 4.02, 2.93, 0.09]]",5.0,9.36,31,"[0.03, 0.85, 0.06, 0.06]","[[0, 0, 0, 0, 0, 0, 0, 0], [0, 1, 2, 3, 4, 5, 6, 7], [0, 0, 0, 0, 0, 0, 0, 0], [0, 0, 0, 0, 0, 0, 0, 0]]",2.994
612,0.01,5,"[[1.92, 6.77, 0.18, 0.58, 7.09, 4.34, 4.61], [2.63, 2.6, 4.89, 2.52, 8.42, 2.23, 4.37], [6.54, 7.27, 4.71, 3.86, 8.83, 4.81, 5.31], [5.47, 8.91, 3.37, 8.65, 6.85, 1.47, 5.12]]",5.0,7.09,31,"[0.31, 0.2, 0.17, 0.32]","[[0, 1, 2, 3, 4, 5, 6, 7], [0, 14, 13, 12, 11, 10, 9, 8], [0, 15, 16, 17, 18, 19, 20, 21], [0, 28, 27, 26, 25, 24, 23, 22]]",2.994
613,0.01,5,"[[3.95, 8.96, 8.28, 6.18, 7.02, 4.65, 4.21], [7.39, 4.82, 4.44, 1.73, 7.35, 9.66, 2.04], [6.67, 2.62, 2.43, 7.24, 6.32, 7.33, 5.82], [4.75, 4.96, 2.68, 1.71, 6.22, 1.58, 9.11]]",5.0,6.22,31,"[0.25, 0.24, 0.28, 0.23]","[[0, 1, 2, 4, 3, 5, 7, 6], [0, 14, 13, 12, 11, 10, 9, 8], [0, 15, 17, 16, 18, 19, 20, 21], [0, 28, 27, 26, 25, 24, 23, 22]]",2.994
614,0.01,5,"[[6.19, 1.85, 1.16, 4.28, 2.66, 3.25, 7.93], [4.16, 3.03, 5.34, 3.93, 5.82, 4.05, 2.14], [6.53, 8.89, 6.73, 7.28, 2.75, 0.6, 4.09], [4.95, 6.55, 6.81, 6.9, 1.07, 2.2, 5.26]]",5.0,1.07,31,"[0.03, 0.86, 0.04, 0.07]","[[0, 0, 0, 0, 0, 0, 0, 0], [0, 1, 2, 3, 4, 5, 6, 7], [0, 0, 0, 0, 0, 0, 0, 0], [0, 0, 0, 0, 0, 0, 0, 0]]",2.994
615,0.01,1,"[[7.91, 1.03, 5.87, 7.52, 6.88, 7.18, 6.1], [5.88, 5.55, 1.78, 3.0, 4.69, 4.52, 8.75], [5.71, 1.25, 6.22, 6.17, 8.38, 7.26, 4.32], [6.4, 8.88, 5.28, 4.23, 1.08, 0.7, 3.39]]",5.0,6.4,31,"[0.3, 0.18, 0.2, 0.32]","[[0, 1, 2, 3, 4, 5, 6, 7], [0, 28, 27, 26, 25, 24, 23, 22], [0, 15, 16, 17, 18, 19, 20, 21], [0, 14, 13, 12, 11, 10, 9, 8]]",2.994
616,0.01,5,"[[7.78, 7.83, 6.34, 3.49, 9.25, 4.1, 8.16], [4.02, 5.78, 4.37, 3.5, 3.65, 5.34, 1.1], [4.29, 1.52, 3.77, 7.63, 3.05, 0.82, 4.95], [8.46, 6.15, 6.73, 3.18, 8.15, 6.29, 5.32]]",5.0,8.15,31,"[0.2, 0.29, 0.22, 0.29]","[[0, 28, 27, 26, 25, 24, 23, 22], [0, 16, 15, 17, 18, 19, 20, 21], [0, 14, 13, 12, 11, 10, 9, 8], [0, 1, 2, 3, 4, 5, 6, 7]]",2.994
617,0.01,4,"[[7.32, 4.38, 4.99, 7.76, 5.0, 5.94, 2.36], [8.4, 3.61, 8.45, 4.23, 7.02, 4.36, 9.23], [1.69, 3.23, 3.54, 3.86, 3.72, 2.06, 0.61], [7.94, 7.02, 6.73, 4.28, 8.5, 0.13, 2.63]]",5.0,7.76,31,"[0.85, 0.03, 0.11, 0.01]","[[0, 1, 2, 3, 4, 5, 6, 7], [0, 0, 0, 0, 0, 0, 0, 0], [0, 0, 0, 0, 0, 0, 0, 0], [0, 0, 0, 0, 0, 0, 0, 0]]",2.994
618,0.01,5,"[[5.77, 3.99, 6.61, 4.81, 8.16, 4.87, 2.84], [5.38, 5.12, 5.88, 4.67, 7.45, 7.64, 1.41], [2.86, 1.79, 4.9, 7.89, 6.3, 3.05, 5.2], [5.28, 6.58, 1.34, 2.2, 4.69, 6.92, 5.01]]",5.0,4.69,31,"[0.34, 0.23, 0.11, 0.32]","[[0, 1, 2, 3, 4, 5, 6, 7], [0, 14, 13, 12, 11, 10, 9, 8], [0, 24, 0, 0, 0, 23, 22, 0], [0, 15, 16, 17, 18, 19, 20, 21]]",2.994
619,0.01,7,"[[0.94, 9.58, 9.58, 1.68, 3.99, 3.26, 9.98], [7.2, 6.69, 3.6, 6.35, 1.28, 0.52, 9.84], [4.59, 4.33, 3.41, 2.69, 0.89, 3.28, 2.91], [7.61, 5.48, 8.81, 6.78, 0.6, 7.91, 3.87]]",5.0,2.91,31,"[0.01, 0.89, 0.08, 0.02]","[[0, 0, 0, 0, 0, 0, 0, 0], [0, 1, 2, 3, 4, 5, 6, 7], [0, 0, 0, 0, 0, 0, 0, 0], [0, 0, 0, 0, 0, 0, 0, 0]]",2.994
620,0.01,5,"[[2.88, 2.6, 7.89, 4.77, 7.12, 4.23, 2.87], [3.29, 2.97, 3.82, 9.51, 9.45, 8.27, 5.42], [3.22, 3.81, 4.18, 2.52, 3.48, 3.16, 9.41], [1.89, 5.73, 6.1, 1.69, 4.58, 1.23, 3.5]]",5.0,3.48,32,"[0.2, 0.16, 0.26, 0.38]","[[0, 0, 0, 0, 0, 2, 0, 0], [0, 0, 0, 0, 0, 3, 0, 0], [0, 0, 0, 0, 0, 4, 0, 0], [0, 0, 1, 0, 0, 0, 0, 0]]",2.994
621,0.01,2,"[[5.92, 9.68, 5.15, 2.59, 5.89, 7.38, 2.85], [1.22, 5.64, 6.3, 3.82, 9.13, 6.51, 3.36], [6.72, 1.0, 8.86, 8.25, 8.82, 6.13, 4.12], [7.5, 7.75, 5.39, 3.9, 7.48, 3.23, 1.98]]",5.0,7.75,32,"[0.3, 0.17, 0.24, 0.29]","[[0, 0, 1, 0, 0, 0, 0, 0], [0, 0, 0, 2, 0, 0, 0, 0], [0, 0, 0, 0, 3, 0, 0, 0], [0, 0, 0, 0, 0, 4, 0, 0]]",2.994
622,0.01,5,"[[3.89, 7.03, 1.42, 3.85, 5.57, 3.85, 2.09], [1.42, 3.42, 3.49, 1.78, 8.76, 8.52, 6.88], [3.98, 7.53, 6.94, 2.68, 5.16, 4.6, 0.82], [7.43, 7.31, 6.36, 5.75, 9.0, 9.88, 3.78]]",5.0,5.57,32,"[0.86, 0.01, 0.02, 0.11]","[[0, 1, 0, 2, 3, 0, 0, 4], [0, 0, 0, 0, 5, 0, 0, 0], [0, 0, 0, 0, 6, 0, 0, 0], [0, 0, 0, 0, 0, 7, 0, 0]]",2.994
623,0.01,5,"[[2.65, 1.66, 4.12, 6.28, 3.9, 4.24, 8.17], [4.84, 2.23, 5.57, 7.45, 3.35, 5.55, 3.39], [6.15, 3.53, 5.47, 2.82, 6.99, 9.09, 0.79], [2.47, 2.31, 1.36, 3.11, 4.52, 5.21, 3.31]]",5.0,4.52,32,"[0.01, 0.06, 0.02, 0.91]","[[0, 0, 1, 0, 0, 0, 0, 0], [0, 0, 2, 0, 0, 7, 0, 0], [0, 0, 0, 0, 3, 0, 0, 0], [0, 6, 0, 0, 0, 4, 0, 5]]",2.994
624,0.01,1,"[[7.32, 4.38, 4.99, 7.76, 5.0, 5.94, 2.36], [8.4, 3.61, 8.45, 4.23, 7.02, 4.36, 9.23], [1.69, 3.23, 3.54, 3.86, 3.72, 2.06, 0.61], [7.94, 7.02, 6.73, 4.28, 8.5, 0.13, 2.63]]",5.0,7.32,32,"[0.85, 0.03, 0.11, 0.01]","[[0, 5, 1, 0, 0, 0, 0, 0], [0, 0, 0, 0, 0, 2, 0, 0], [0, 0, 0, 0, 3, 0, 0, 0], [0, 0, 0, 0, 0, 4, 0, 0]]",2.994
625,0.01,1,"[[2.44, 7.36, 6.46, 5.15, 7.43, 1.32, 0.71], [3.96, 8.36, 4.6, 6.91, 2.69, 5.0, 1.64], [8.24, 5.23, 2.67, 1.92, 6.03, 2.88, 7.54], [1.43, 5.93, 6.77, 1.1, 3.47, 5.78, 6.1]]",5.0,8.24,32,"[0.02, 0.06, 0.89, 0.03]","[[0, 0, 1, 0, 0, 0, 0, 0], [0, 0, 0, 0, 2, 0, 0, 0], [0, 9, 5, 6, 8, 0, 4, 7], [0, 0, 0, 0, 0, 3, 0, 0]]",2.994
626,0.01,4,"[[3.54, 3.18, 6.26, 3.39, 3.52, 5.47, 1.42], [3.13, 1.91, 7.14, 3.81, 4.58, 6.9, 8.39], [7.48, 1.27, 5.41, 7.63, 6.12, 1.81, 6.34], [6.09, 3.7, 4.25, 4.91, 0.8, 7.46, 7.59]]",5.0,7.63,32,"[0.04, 0.07, 0.88, 0.01]","[[0, 0, 1, 0, 0, 0, 0, 0], [0, 0, 2, 0, 0, 0, 0, 0], [0, 6, 5, 0, 7, 4, 3, 0], [0, 0, 0, 0, 0, 0, 0, 0]]",2.994
627,0.01,5,"[[7.11, 5.78, 4.85, 4.33, 7.33, 7.89, 5.26], [5.95, 7.87, 3.44, 7.0, 6.97, 5.22, 6.26], [3.72, 9.35, 7.04, 6.38, 7.42, 6.47, 5.89], [5.94, 4.84, 1.39, 4.52, 3.41, 2.82, 3.73]]",5.0,7.33,32,"[0.33, 0.2, 0.24, 0.23]","[[0, 0, 1, 0, 0, 6, 0, 0], [0, 0, 0, 0, 2, 5, 0, 0], [0, 0, 0, 0, 0, 3, 0, 0], [0, 0, 0, 0, 0, 7, 4, 0]]",2.994
628,0.01,5,"[[1.92, 6.77, 0.18, 0.58, 7.09, 4.34, 4.61], [2.63, 2.6, 4.89, 2.52, 8.42, 2.23, 4.37], [6.54, 7.27, 4.71, 3.86, 8.83, 4.81, 5.31], [5.47, 8.91, 3.37, 8.65, 6.85, 1.47, 5.12]]",5.0,8.83,32,"[0.31, 0.2, 0.17, 0.32]","[[0, 0, 0, 1, 0, 6, 0, 0], [0, 0, 0, 0, 0, 2, 0, 0], [0, 0, 0, 0, 0, 0, 3, 0], [0, 0, 0, 0, 0, 5, 4, 0]]",2.994
629,0.01,4,"[[1.89, 1.68, 4.82, 0.64, 6.72, 5.82, 3.47], [2.81, 5.64, 4.93, 5.88, 1.19, 6.58, 2.91], [6.88, 4.96, 4.06, 5.77, 1.03, 4.24, 5.62], [0.22, 1.89, 4.63, 5.2, 4.1, 3.36, 6.44]]",5.0,5.88,32,"[0.25, 0.26, 0.31, 0.18]","[[0, 0, 1, 9, 0, 0, 0, 8], [0, 0, 0, 2, 0, 0, 0, 6], [0, 0, 0, 10, 3, 0, 0, 7], [0, 0, 0, 0, 0, 4, 0, 5]]",2.994
630,0.01,5,"[[0.07, 0.16, 0.11, 0.2, 0.2, 0.19, 0.16], [0.15, 0.22, 0.24, 0.17, 0.18, 0.12, 0.12], [0.11, 0.16, 0.11, 0.12, 0.21, 0.06, 0.16], [0.17, 0.22, 0.15, 0.11, 0.24, 0.11, 0.17]]",0.13,0.24,32,"[0.09, 0.03, 0.01, 0.87]","[[0, 0, 0, 1, 0, 0, 0, 0], [0, 0, 0, 0, 2, 0, 0, 0], [0, 0, 0, 0, 0, 3, 0, 0], [0, 0, 0, 0, 0, 0, 4, 0]]",0.072
631,0.01,6,"[[0.14, 0.12, 0.08, 0.02, 0.14, 0.19, 0.09], [0.2, 0.01, 0.13, 0.03, 0.11, 0.06, 0.23], [0.19, 0.12, 0.16, 0.15, 0.16, 0.07, 0.21], [0.09, 0.14, 0.24, 0.12, 0.1, 0.2, 0.16]]",0.13,0.19,32,"[0.36, 0.17, 0.12, 0.35]","[[0, 0, 0, 1, 0, 0, 3, 0], [0, 0, 0, 0, 2, 0, 0, 0], [0, 0, 0, 0, 0, 0, 0, 0], [0, 0, 0, 0, 0, 0, 0, 0]]",0.072
632,0.01,6,"[[0.07, 0.07, 0.17, 0.05, 0.08, 0.18, 0.15], [0.19, 0.17, 0.06, 0.13, 0.2, 0.13, 0.2], [0.08, 0.18, 0.04, 0.21, 0.15, 0.15, 0.18], [0.06, 0.08, 0.09, 0.02, 0.12, 0.19, 0.09]]",0.13,0.19,32,"[0.31, 0.27, 0.19, 0.23]","[[0, 0, 1, 0, 0, 3, 2, 5], [0, 0, 0, 0, 0, 0, 0, 0], [0, 0, 0, 0, 0, 0, 0, 0], [0, 0, 0, 0, 0, 0, 4, 0]]",0.072
633,0.01,1,"[[0.15, 0.06, 0.09, 0.11, 0.16, 0.04, 0.14], [0.13, 0.19, 0.06, 0.21, 0.14, 0.09, 0.14], [0.16, 0.13, 0.11, 0.14, 0.1, 0.12, 0.12], [0.2, 0.09, 0.2, 0.06, 0.12, 0.09, 0.16]]",0.13,0.16,32,"[0.08, 0.04, 0.87, 0.01]","[[0, 3, 0, 1, 0, 0, 2, 0], [0, 0, 0, 0, 0, 0, 0, 0], [0, 4, 0, 0, 0, 0, 0, 0], [0, 0, 0, 0, 0, 0, 0, 0]]",0.072
634,0.01,3,"[[0.16, 0.11, 0.08, 0.09, 0.11, 0.11, 0.06], [0.14, 0.14, 0.15, 0.18, 0.2, 0.23, 0.09], [0.09, 0.18, 0.2, 0.13, 0.05, 0.16, 0.07], [0.08, 0.02, 0.16, 0.15, 0.1, 0.09, 0.12]]",0.13,0.2,32,"[0.08, 0.02, 0.89, 0.01]","[[0, 0, 0, 0, 0, 0, 0, 0], [0, 0, 0, 0, 0, 0, 0, 0], [0, 0, 1, 4, 5, 2, 0, 3], [0, 0, 0, 0, 0, 0, 0, 0]]",0.072
635,0.01,2,"[[0.05, 0.17, 0.08, 0.07, 0.16, 0.13, 0.05], [0.1, 0.16, 0.24, 0.2, 0.19, 0.19, 0.23], [0.18, 0.13, 0.06, 0.19, 0.17, 0.21, 0.13], [0.16, 0.18, 0.2, 0.12, 0.19, 0.08, 0.19]]",0.13,0.17,32,"[0.85, 0.1, 0.02, 0.03]","[[0, 0, 1, 0, 0, 0, 0, 0], [0, 0, 0, 0, 0, 0, 0, 0], [0, 0, 0, 0, 0, 0, 0, 0], [0, 0, 0, 0, 0, 0, 0, 0]]",0.072
636,0.01,6,"[[0.19, 0.12, 0.08, 0.18, 0.08, 0.2, 0.22], [0.05, 0.04, 0.19, 0.18, 0.18, 0.05, 0.1], [0.21, 0.13, 0.15, 0.13, 0.16, 0.15, 0.08], [0.19, 0.06, 0.09, 0.07, 0.04, 0.2, 0.08]]",0.13,0.2,32,"[0.16, 0.28, 0.23, 0.33]","[[0, 0, 0, 0, 0, 0, 0, 0], [0, 0, 0, 0, 0, 0, 0, 0], [0, 0, 0, 0, 0, 0, 0, 0], [0, 0, 0, 0, 0, 0, 1, 0]]",0.072
637,0.01,2,"[[0.1, 0.22, 0.11, 0.07, 0.15, 0.15, 0.08], [0.22, 0.14, 0.05, 0.13, 0.2, 0.14, 0.2], [0.02, 0.25, 0.2, 0.08, 0.15, 0.02, 0.07], [0.11, 0.1, 0.17, 0.14, 0.2, 0.08, 0.11]]",0.13,0.22,32,"[0.87, 0.08, 0.02, 0.03]","[[0, 0, 1, 0, 0, 0, 0, 0], [0, 0, 0, 0, 0, 0, 0, 0], [0, 0, 0, 0, 0, 0, 0, 0], [0, 0, 0, 0, 0, 0, 0, 0]]",0.072
638,0.01,5,"[[0.01, 0.19, 0.1, 0.03, 0.13, 0.15, 0.13], [0.17, 0.18, 0.07, 0.17, 0.17, 0.12, 0.12], [0.11, 0.17, 0.18, 0.22, 0.08, 0.06, 0.07], [0.12, 0.02, 0.07, 0.16, 0.17, 0.14, 0.04]]",0.13,0.13,32,"[0.3, 0.29, 0.13, 0.28]","[[0, 2, 0, 0, 0, 0, 0, 1], [0, 0, 0, 0, 0, 0, 0, 0], [0, 0, 0, 0, 0, 0, 0, 0], [0, 0, 7, 3, 6, 4, 5, 0]]",0.072
639,0.01,2,"[[0.14, 0.07, 0.05, 0.18, 0.03, 0.01, 0.18], [0.19, 0.23, 0.07, 0.1, 0.08, 0.19, 0.2], [0.17, 0.24, 0.03, 0.21, 0.19, 0.07, 0.21], [0.14, 0.09, 0.21, 0.08, 0.19, 0.05, 0.09]]",0.13,0.24,32,"[0.15, 0.26, 0.26, 0.33]","[[0, 0, 0, 0, 0, 0, 0, 0], [0, 0, 1, 0, 0, 0, 0, 0], [0, 0, 0, 0, 0, 0, 0, 0], [0, 0, 0, 0, 0, 0, 0, 0]]",0.072
640,0.01,7,"[[4.36, 8.7, 5.94, 4.41, 8.37, 5.83, 0.58], [9.58, 2.24, 8.49, 4.24, 4.63, 4.53, 5.29], [6.08, 4.31, 5.59, 3.3, 3.91, 4.21, 4.74], [9.25, 5.33, 1.67, 7.75, 5.64, 2.81, 3.02]]",5.0,3.02,33,"[0.31, 0.27, 0.14, 0.28]","[[0, 0, 0, 0, 0, 0, 0, 0], [0, 0, 1, 0, 0, 3, 0, 4], [0, 0, 0, 2, 0, 0, 0, 0], [0, 0, 0, 0, 0, 0, 0, 5]]",2.994
641,0.01,2,"[[1.92, 6.77, 0.18, 0.58, 7.09, 4.34, 4.61], [2.63, 2.6, 4.89, 2.52, 8.42, 2.23, 4.37], [6.54, 7.27, 4.71, 3.86, 8.83, 4.81, 5.31], [5.47, 8.91, 3.37, 8.65, 6.85, 1.47, 5.12]]",5.0,2.6,33,"[0.31, 0.2, 0.17, 0.32]","[[0, 2, 0, 1, 0, 0, 0, 0], [0, 0, 0, 0, 0, 0, 0, 0], [0, 0, 4, 0, 0, 0, 0, 0], [0, 0, 3, 0, 0, 0, 0, 0]]",2.994
642,0.01,1,"[[1.63, 4.7, 3.32, 2.64, 8.47, 3.24, 4.54], [8.67, 5.47, 1.74, 1.77, 1.06, 7.43, 3.25], [4.05, 4.33, 1.96, 6.68, 6.28, 9.52, 7.64], [3.95, 5.24, 1.85, 2.91, 0.64, 2.21, 1.85]]",5.0,8.67,33,"[0.05, 0.89, 0.05, 0.01]","[[0, 0, 0, 0, 0, 0, 0, 1], [0, 3, 0, 2, 0, 4, 0, 0], [0, 0, 0, 0, 0, 0, 0, 0], [0, 5, 0, 0, 0, 0, 0, 0]]",2.994
643,0.01,1,"[[7.04, 7.27, 1.99, 4.87, 6.53, 6.34, 1.47], [5.29, 2.16, 9.06, 4.67, 7.92, 5.41, 7.56], [6.95, 5.35, 1.7, 4.81, 6.84, 1.21, 8.92], [6.63, 5.53, 4.35, 1.42, 5.69, 5.92, 4.12]]",5.0,5.29,33,"[0.07, 0.87, 0.03, 0.03]","[[0, 3, 0, 0, 5, 0, 0, 0], [0, 2, 1, 0, 4, 0, 0, 0], [0, 7, 0, 0, 0, 0, 0, 0], [0, 6, 0, 0, 0, 0, 0, 0]]",2.994
644,0.01,1,"[[7.78, 7.83, 6.34, 3.49, 9.25, 4.1, 8.16], [4.02, 5.78, 4.37, 3.5, 3.65, 5.34, 1.1], [4.29, 1.52, 3.77, 7.63, 3.05, 0.82, 4.95], [8.46, 6.15, 6.73, 3.18, 8.15, 6.29, 5.32]]",5.0,4.02,33,"[0.2, 0.29, 0.22, 0.29]","[[0, 6, 1, 0, 0, 0, 0, 0], [0, 8, 2, 0, 0, 0, 0, 0], [0, 5, 3, 0, 0, 0, 0, 0], [0, 7, 4, 0, 0, 0, 0, 0]]",2.994
645,0.01,7,"[[4.41, 7.98, 5.03, 0.94, 6.07, 7.96, 3.08], [7.18, 6.38, 1.11, 4.77, 7.21, 4.82, 4.9], [5.63, 7.2, 7.79, 1.19, 2.56, 6.05, 3.13], [2.67, 2.05, 5.91, 4.15, 9.55, 4.46, 9.22]]",5.0,9.22,33,"[0.04, 0.02, 0.05, 0.89]","[[0, 0, 0, 0, 0, 0, 0, 0], [0, 0, 0, 0, 0, 0, 3, 5], [0, 0, 0, 0, 0, 0, 0, 0], [0, 0, 0, 0, 2, 0, 1, 4]]",2.994
646,0.01,3,"[[6.19, 1.85, 1.16, 4.28, 2.66, 3.25, 7.93], [4.16, 3.03, 5.34, 3.93, 5.82, 4.05, 2.14], [6.53, 8.89, 6.73, 7.28, 2.75, 0.6, 4.09], [4.95, 6.55, 6.81, 6.9, 1.07, 2.2, 5.26]]",5.0,5.34,33,"[0.03, 0.86, 0.04, 0.07]","[[0, 0, 0, 0, 0, 0, 0, 0], [0, 3, 5, 6, 8, 1, 0, 2], [0, 0, 0, 0, 0, 0, 0, 0], [0, 0, 4, 7, 0, 0, 0, 0]]",2.994
647,0.01,7,"[[5.28, 9.9, 6.81, 1.61, 2.79, 8.92, 6.09], [3.46, 6.68, 6.44, 3.71, 3.55, 0.25, 8.07], [6.52, 2.17, 8.0, 8.5, 5.35, 1.81, 3.32], [5.89, 1.86, 6.44, 5.29, 3.29, 8.96, 7.12]]",5.0,8.07,33,"[0.23, 0.3, 0.24, 0.23]","[[0, 0, 0, 0, 0, 0, 0, 0], [0, 0, 0, 0, 2, 1, 0, 3], [0, 0, 0, 0, 0, 0, 0, 0], [0, 0, 0, 0, 0, 0, 0, 4]]",2.994
648,0.01,7,"[[5.71, 4.0, 7.87, 3.26, 8.95, 9.97, 6.35], [4.81, 5.73, 5.74, 5.66, 5.51, 4.81, 7.59], [6.14, 5.62, 3.6, 6.94, 3.42, 3.6, 6.26], [1.09, 4.7, 1.56, 4.05, 2.65, 4.29, 5.33]]",5.0,5.33,33,"[0.02, 0.08, 0.03, 0.87]","[[0, 0, 0, 0, 0, 0, 0, 0], [0, 0, 0, 0, 0, 0, 0, 0], [0, 0, 0, 0, 0, 0, 0, 8], [0, 3, 4, 5, 7, 6, 1, 2]]",2.994
649,0.01,4,"[[8.51, 2.86, 5.22, 3.29, 7.8, 7.12, 2.91], [7.85, 5.63, 4.76, 5.73, 4.36, 4.99, 0.21], [1.1, 2.64, 4.86, 7.57, 7.15, 0.31, 2.34], [6.38, 5.91, 3.08, 6.0, 7.58, 3.85, 6.26]]",5.0,3.29,33,"[0.19, 0.32, 0.23, 0.26]","[[0, 0, 0, 0, 0, 0, 4, 0], [0, 0, 0, 2, 0, 0, 5, 0], [0, 0, 0, 0, 0, 0, 6, 7], [0, 0, 0, 0, 1, 0, 3, 0]]",2.994
650,0.01,6,"[[0.07, 0.07, 0.17, 0.05, 0.08, 0.18, 0.15], [0.19, 0.17, 0.06, 0.13, 0.2, 0.13, 0.2], [0.08, 0.18, 0.04, 0.21, 0.15, 0.15, 0.18], [0.06, 0.08, 0.09, 0.02, 0.12, 0.19, 0.09]]",0.13,0.18,33,"[0.31, 0.27, 0.19, 0.23]","[[0, 0, 0, 0, 0, 0, 0, 0], [0, 0, 0, 0, 0, 0, 1, 0], [0, 0, 0, 0, 0, 0, 0, 0], [0, 0, 0, 0, 0, 0, 0, 0]]",0.072
651,0.01,2,"[[0.06, 0.11, 0.17, 0.23, 0.15, 0.14, 0.21], [0.16, 0.17, 0.08, 0.04, 0.07, 0.21, 0.12], [0.2, 0.19, 0.13, 0.12, 0.17, 0.2, 0.16], [0.1, 0.1, 0.12, 0.16, 0.01, 0.17, 0.09]]",0.13,0.1,33,"[0.23, 0.25, 0.3, 0.22]","[[0, 0, 0, 0, 0, 0, 0, 0], [0, 0, 0, 0, 0, 0, 0, 0], [0, 0, 1, 2, 0, 0, 0, 0], [0, 0, 0, 0, 0, 0, 0, 0]]",0.072
652,0.01,2,"[[0.15, 0.17, 0.12, 0.06, 0.06, 0.22, 0.15], [0.19, 0.17, 0.21, 0.18, 0.06, 0.19, 0.04], [0.07, 0.13, 0.08, 0.09, 0.18, 0.11, 0.12], [0.16, 0.1, 0.02, 0.11, 0.21, 0.13, 0.19]]",0.13,0.1,33,"[0.09, 0.05, 0.01, 0.85]","[[0, 0, 0, 0, 0, 0, 0, 0], [0, 0, 0, 0, 0, 0, 0, 0], [0, 0, 0, 0, 0, 0, 0, 0], [0, 0, 0, 0, 0, 0, 2, 1]]",0.072
653,0.01,5,"[[0.05, 0.08, 0.17, 0.15, 0.22, 0.07, 0.07], [0.06, 0.1, 0.12, 0.11, 0.19, 0.16, 0.05], [0.19, 0.16, 0.13, 0.06, 0.18, 0.04, 0.24], [0.15, 0.24, 0.11, 0.13, 0.14, 0.03, 0.01]]",0.13,0.22,33,"[0.86, 0.01, 0.05, 0.08]","[[0, 1, 0, 2, 0, 5, 4, 3], [0, 0, 0, 0, 0, 0, 0, 0], [0, 0, 0, 0, 0, 0, 0, 0], [0, 0, 0, 0, 0, 0, 0, 0]]",0.072
654,0.01,3,"[[0.16, 0.14, 0.08, 0.14, 0.11, 0.13, 0.09], [0.19, 0.11, 0.19, 0.08, 0.11, 0.19, 0.13], [0.21, 0.23, 0.11, 0.11, 0.1, 0.18, 0.03], [0.04, 0.14, 0.12, 0.13, 0.05, 0.04, 0.05]]",0.13,0.12,33,"[0.31, 0.22, 0.18, 0.29]","[[0, 0, 0, 0, 0, 0, 0, 0], [0, 0, 0, 0, 0, 0, 0, 0], [0, 0, 0, 0, 0, 0, 0, 0], [0, 0, 0, 0, 0, 0, 0, 0]]",0.072
655,0.01,7,"[[0.11, 0.13, 0.2, 0.15, 0.12, 0.07, 0.12], [0.17, 0.14, 0.08, 0.03, 0.14, 0.12, 0.21], [0.15, 0.05, 0.06, 0.08, 0.07, 0.16, 0.13], [0.11, 0.11, 0.13, 0.18, 0.08, 0.12, 0.15]]",0.13,0.15,33,"[0.11, 0.38, 0.34, 0.17]","[[0, 0, 0, 0, 0, 0, 0, 0], [0, 1, 0, 0, 0, 0, 0, 2], [0, 0, 0, 0, 0, 0, 0, 0], [0, 0, 0, 0, 0, 0, 0, 0]]",0.072
656,0.01,2,"[[0.05, 0.17, 0.08, 0.07, 0.16, 0.13, 0.05], [0.1, 0.16, 0.24, 0.2, 0.19, 0.19, 0.23], [0.18, 0.13, 0.06, 0.19, 0.17, 0.21, 0.13], [0.16, 0.18, 0.2, 0.12, 0.19, 0.08, 0.19]]",0.13,0.17,33,"[0.85, 0.1, 0.02, 0.03]","[[0, 1, 7, 3, 6, 2, 5, 4], [0, 0, 0, 0, 0, 0, 0, 0], [0, 0, 0, 0, 0, 0, 0, 0], [0, 0, 0, 0, 0, 0, 0, 0]]",0.072
657,0.01,7,"[[0.02, 0.18, 0.09, 0.13, 0.07, 0.12, 0.08], [0.15, 0.12, 0.24, 0.14, 0.1, 0.01, 0.14], [0.2, 0.14, 0.24, 0.13, 0.22, 0.23, 0.18], [0.11, 0.21, 0.18, 0.07, 0.12, 0.14, 0.14]]",0.13,0.08,33,"[0.85, 0.02, 0.03, 0.1]","[[0, 0, 0, 0, 0, 0, 0, 0], [0, 0, 0, 0, 0, 0, 0, 0], [0, 0, 0, 0, 0, 0, 0, 0], [0, 0, 0, 0, 0, 0, 0, 0]]",0.072
658,0.01,5,"[[0.09, 0.06, 0.16, 0.11, 0.12, 0.22, 0.04], [0.11, 0.19, 0.13, 0.18, 0.2, 0.12, 0.12], [0.11, 0.08, 0.15, 0.06, 0.15, 0.13, 0.16], [0.08, 0.15, 0.2, 0.17, 0.24, 0.04, 0.12]]",0.13,0.2,33,"[0.15, 0.32, 0.21, 0.32]","[[0, 0, 0, 0, 0, 0, 0, 0], [0, 0, 0, 0, 0, 0, 0, 0], [0, 0, 0, 0, 0, 0, 0, 0], [0, 0, 0, 0, 0, 0, 0, 0]]",0.072
659,0.01,4,"[[0.2, 0.21, 0.23, 0.23, 0.18, 0.14, 0.22], [0.2, 0.22, 0.22, 0.25, 0.05, 0.12, 0.09], [0.02, 0.05, 0.07, 0.23, 0.14, 0.19, 0.02], [0.12, 0.1, 0.13, 0.23, 0.18, 0.06, 0.24]]",0.13,0.23,33,"[0.08, 0.03, 0.87, 0.02]","[[0, 0, 0, 0, 0, 0, 0, 0], [0, 0, 0, 0, 0, 0, 0, 0], [0, 0, 0, 0, 0, 0, 0, 0], [0, 0, 0, 0, 0, 0, 0, 0]]",0.072
660,0.0,1,"[[0.06, 0.22, 0.11, 0.12, 0.13, 0.09, 0.18], [0.2, 0.17, 0.05, 0.09, 0.17, 0.16, 0.24], [0.14, 0.03, 0.23, 0.14, 0.04, 0.13, 0.18], [0.16, 0.1, 0.17, 0.16, 0.14, 0.04, 0.05]]",0.13,0.06,34,"[0.87, 0.02, 0.1, 0.01]","[[0, 1, 2, 3, 4, 5, 6, 7], [0, 8, 0, 0, 0, 0, 0, 0], [0, 9, 0, 0, 0, 0, 0, 0], [0, 10, 0, 0, 0, 0, 0, 0]]",0.072
661,0.0,2,"[[0.07, 0.16, 0.11, 0.2, 0.2, 0.19, 0.16], [0.15, 0.22, 0.24, 0.17, 0.18, 0.12, 0.12], [0.11, 0.16, 0.11, 0.12, 0.21, 0.06, 0.16], [0.17, 0.22, 0.15, 0.11, 0.24, 0.11, 0.17]]",0.13,0.22,34,"[0.09, 0.03, 0.01, 0.87]","[[0, 0, 1, 0, 0, 0, 0, 0], [0, 0, 0, 0, 0, 0, 0, 0], [0, 0, 0, 0, 0, 0, 0, 0], [0, 0, 2, 0, 0, 0, 0, 0]]",0.072
662,0.0,7,"[[0.06, 0.1, 0.22, 0.17, 0.09, 0.03, 0.08], [0.24, 0.07, 0.1, 0.11, 0.11, 0.15, 0.16], [0.04, 0.05, 0.2, 0.13, 0.03, 0.1, 0.19], [0.2, 0.09, 0.17, 0.15, 0.2, 0.1, 0.15]]",0.13,0.15,34,"[0.01, 0.1, 0.04, 0.85]","[[0, 0, 0, 0, 0, 0, 0, 0], [0, 0, 0, 0, 0, 0, 0, 0], [0, 0, 0, 0, 2, 0, 0, 0], [0, 0, 0, 1, 6, 3, 4, 5]]",0.072
663,0.0,2,"[[0.09, 0.06, 0.16, 0.11, 0.12, 0.22, 0.04], [0.11, 0.19, 0.13, 0.18, 0.2, 0.12, 0.12], [0.11, 0.08, 0.15, 0.06, 0.15, 0.13, 0.16], [0.08, 0.15, 0.2, 0.17, 0.24, 0.04, 0.12]]",0.13,0.15,34,"[0.15, 0.32, 0.21, 0.32]","[[0, 0, 0, 0, 0, 0, 0, 0], [0, 0, 0, 1, 0, 2, 0, 3], [0, 0, 0, 0, 0, 0, 0, 0], [0, 7, 4, 8, 5, 0, 6, 0]]",0.072
664,0.0,4,"[[0.16, 0.14, 0.08, 0.14, 0.11, 0.13, 0.09], [0.19, 0.11, 0.19, 0.08, 0.11, 0.19, 0.13], [0.21, 0.23, 0.11, 0.11, 0.1, 0.18, 0.03], [0.04, 0.14, 0.12, 0.13, 0.05, 0.04, 0.05]]",0.13,0.14,34,"[0.31, 0.22, 0.18, 0.29]","[[0, 1, 2, 0, 3, 0, 4, 0], [0, 0, 0, 0, 0, 0, 0, 0], [0, 0, 0, 0, 0, 0, 0, 0], [0, 5, 6, 7, 8, 9, 10, 0]]",0.072
665,0.0,7,"[[0.11, 0.18, 0.17, 0.05, 0.02, 0.11, 0.14], [0.16, 0.12, 0.11, 0.08, 0.11, 0.16, 0.08], [0.12, 0.16, 0.05, 0.23, 0.13, 0.08, 0.03], [0.17, 0.24, 0.1, 0.22, 0.06, 0.14, 0.05]]",0.13,0.03,34,"[0.01, 0.08, 0.86, 0.05]","[[0, 0, 0, 0, 0, 0, 0, 0], [0, 0, 8, 0, 0, 0, 0, 0], [0, 1, 2, 3, 4, 5, 6, 7], [0, 0, 0, 0, 0, 9, 0, 0]]",0.072
666,0.0,4,"[[0.18, 0.08, 0.14, 0.2, 0.12, 0.1, 0.1], [0.1, 0.05, 0.2, 0.13, 0.11, 0.09, 0.04], [0.15, 0.11, 0.22, 0.09, 0.14, 0.12, 0.12], [0.17, 0.01, 0.14, 0.05, 0.14, 0.07, 0.08]]",0.13,0.2,34,"[0.3, 0.22, 0.27, 0.21]","[[0, 1, 0, 0, 2, 0, 0, 0], [0, 0, 0, 0, 5, 0, 0, 0], [0, 0, 0, 0, 4, 0, 0, 0], [0, 0, 0, 0, 3, 0, 0, 0]]",0.072
667,0.0,5,"[[0.01, 0.19, 0.1, 0.03, 0.13, 0.15, 0.13], [0.17, 0.18, 0.07, 0.17, 0.17, 0.12, 0.12], [0.11, 0.17, 0.18, 0.22, 0.08, 0.06, 0.07], [0.12, 0.02, 0.07, 0.16, 0.17, 0.14, 0.04]]",0.13,0.17,34,"[0.3, 0.29, 0.13, 0.28]","[[0, 0, 5, 0, 13, 1, 0, 9], [0, 0, 6, 0, 14, 2, 0, 10], [0, 0, 7, 0, 15, 3, 0, 11], [0, 0, 8, 0, 16, 4, 0, 12]]",0.072
668,0.0,3,"[[0.02, 0.1, 0.05, 0.19, 0.09, 0.05, 0.06], [0.03, 0.12, 0.22, 0.08, 0.02, 0.07, 0.12], [0.18, 0.19, 0.1, 0.18, 0.18, 0.13, 0.15], [0.08, 0.17, 0.23, 0.11, 0.13, 0.16, 0.07]]",0.13,0.23,34,"[0.06, 0.06, 0.03, 0.85]","[[0, 0, 0, 9, 0, 0, 0, 0], [0, 0, 0, 8, 0, 0, 0, 0], [0, 0, 0, 7, 0, 0, 0, 0], [0, 10, 1, 6, 2, 5, 3, 4]]",0.072
669,0.0,7,"[[0.11, 0.06, 0.11, 0.08, 0.17, 0.11, 0.11], [0.14, 0.12, 0.06, 0.14, 0.09, 0.14, 0.12], [0.04, 0.15, 0.09, 0.13, 0.15, 0.18, 0.21], [0.1, 0.08, 0.17, 0.08, 0.19, 0.13, 0.19]]",0.13,0.19,34,"[0.26, 0.2, 0.27, 0.27]","[[0, 28, 27, 26, 25, 23, 24, 22], [0, 15, 16, 17, 18, 19, 21, 20], [0, 14, 13, 12, 11, 10, 9, 8], [0, 1, 2, 4, 3, 5, 6, 7]]",0.072
670,0.0,3,"[[3.74, 4.35, 1.03, 5.02, 2.48, 7.72, 3.91], [9.52, 3.82, 4.46, 2.55, 5.65, 6.25, 0.76], [2.96, 5.49, 2.32, 7.63, 0.35, 8.21, 6.51], [4.09, 2.1, 9.56, 8.08, 0.89, 1.16, 4.1]]",5.0,9.56,34,"[0.04, 0.08, 0.02, 0.86]","[[0, 0, 0, 0, 0, 0, 0, 0], [0, 0, 0, 0, 0, 0, 0, 0], [0, 0, 0, 0, 0, 0, 0, 0], [0, 1, 2, 3, 4, 5, 6, 7]]",2.994
671,0.0,5,"[[0.95, 2.78, 3.25, 5.38, 7.09, 3.77, 4.83], [7.13, 8.96, 5.39, 2.27, 8.34, 7.96, 4.55], [9.77, 5.61, 8.97, 8.09, 6.52, 2.37, 9.08], [8.52, 1.84, 1.06, 3.62, 0.7, 3.27, 0.14]]",5.0,7.09,34,"[0.85, 0.07, 0.07, 0.01]","[[0, 1, 2, 3, 4, 5, 6, 7], [0, 0, 0, 0, 0, 0, 0, 0], [0, 0, 0, 0, 0, 0, 0, 0], [0, 0, 0, 0, 0, 0, 0, 0]]",2.994
672,0.0,1,"[[6.2, 4.19, 3.44, 8.27, 6.51, 4.65, 4.01], [2.89, 4.13, 4.82, 8.89, 9.25, 0.96, 6.04], [8.8, 2.84, 4.5, 4.81, 3.19, 0.46, 7.31], [5.12, 1.87, 1.91, 7.0, 2.08, 5.06, 2.86]]",5.0,6.2,34,"[0.15, 0.21, 0.3, 0.34]","[[0, 0, 0, 0, 0, 0, 0, 0], [0, 0, 0, 0, 0, 0, 0, 0], [0, 8, 9, 10, 11, 12, 13, 14], [0, 1, 2, 3, 4, 5, 6, 7]]",2.994
673,0.0,7,"[[4.41, 7.98, 5.03, 0.94, 6.07, 7.96, 3.08], [7.18, 6.38, 1.11, 4.77, 7.21, 4.82, 4.9], [5.63, 7.2, 7.79, 1.19, 2.56, 6.05, 3.13], [2.67, 2.05, 5.91, 4.15, 9.55, 4.46, 9.22]]",5.0,9.22,34,"[0.04, 0.02, 0.05, 0.89]","[[0, 0, 0, 0, 0, 0, 0, 0], [0, 0, 0, 0, 0, 0, 0, 0], [0, 0, 0, 0, 0, 0, 0, 0], [0, 1, 2, 3, 4, 5, 6, 7]]",2.994
674,0.0,7,"[[5.28, 9.9, 6.81, 1.61, 2.79, 8.92, 6.09], [3.46, 6.68, 6.44, 3.71, 3.55, 0.25, 8.07], [6.52, 2.17, 8.0, 8.5, 5.35, 1.81, 3.32], [5.89, 1.86, 6.44, 5.29, 3.29, 8.96, 7.12]]",5.0,3.32,34,"[0.23, 0.3, 0.24, 0.23]","[[0, 15, 16, 17, 18, 19, 20, 21], [0, 1, 2, 3, 4, 5, 6, 7], [0, 28, 27, 26, 25, 23, 24, 22], [0, 14, 13, 12, 11, 10, 9, 8]]",2.994
675,0.0,1,"[[4.36, 8.7, 5.94, 4.41, 8.37, 5.83, 0.58], [9.58, 2.24, 8.49, 4.24, 4.63, 4.53, 5.29], [6.08, 4.31, 5.59, 3.3, 3.91, 4.21, 4.74], [9.25, 5.33, 1.67, 7.75, 5.64, 2.81, 3.02]]",5.0,4.36,34,"[0.31, 0.27, 0.14, 0.28]","[[0, 15, 16, 17, 18, 19, 20, 21], [0, 14, 13, 12, 10, 11, 9, 8], [0, 0, 0, 0, 0, 0, 0, 0], [0, 1, 2, 3, 4, 5, 7, 6]]",2.994
676,0.0,6,"[[3.95, 8.96, 8.28, 6.18, 7.02, 4.65, 4.21], [7.39, 4.82, 4.44, 1.73, 7.35, 9.66, 2.04], [6.67, 2.62, 2.43, 7.24, 6.32, 7.33, 5.82], [4.75, 4.96, 2.68, 1.71, 6.22, 1.58, 9.11]]",5.0,4.65,34,"[0.25, 0.24, 0.28, 0.23]","[[0, 28, 27, 26, 24, 25, 23, 22], [0, 15, 16, 17, 18, 19, 20, 21], [0, 1, 2, 3, 4, 5, 6, 7], [0, 14, 13, 12, 11, 10, 9, 8]]",2.994
677,0.0,1,"[[8.02, 3.92, 3.11, 4.49, 4.13, 7.86, 3.71], [5.5, 3.12, 4.78, 4.63, 5.83, 9.55, 5.01], [6.87, 6.07, 1.32, 5.58, 8.22, 5.74, 5.54], [4.62, 3.36, 5.75, 5.59, 2.34, 1.7, 6.64]]",5.0,4.62,34,"[0.25, 0.27, 0.24, 0.24]","[[0, 28, 27, 26, 25, 23, 24, 22], [0, 15, 16, 17, 18, 19, 20, 21], [0, 14, 13, 12, 11, 10, 9, 8], [0, 1, 2, 3, 4, 5, 6, 7]]",2.994
678,0.0,4,"[[7.32, 4.38, 4.99, 7.76, 5.0, 5.94, 2.36], [8.4, 3.61, 8.45, 4.23, 7.02, 4.36, 9.23], [1.69, 3.23, 3.54, 3.86, 3.72, 2.06, 0.61], [7.94, 7.02, 6.73, 4.28, 8.5, 0.13, 2.63]]",5.0,7.76,34,"[0.85, 0.03, 0.11, 0.01]","[[0, 1, 2, 3, 4, 5, 6, 7], [0, 0, 0, 0, 0, 0, 0, 0], [0, 14, 13, 12, 11, 10, 9, 8], [0, 0, 0, 0, 0, 0, 0, 0]]",2.994
679,0.0,6,"[[3.4, 2.14, 9.33, 2.59, 4.55, 1.09, 2.85], [2.69, 7.17, 4.91, 8.03, 6.07, 6.49, 2.28], [2.24, 5.15, 4.83, 2.39, 2.78, 7.43, 5.61], [3.01, 5.69, 6.66, 3.22, 3.6, 8.48, 3.28]]",5.0,7.43,34,"[0.07, 0.01, 0.9, 0.02]","[[0, 0, 0, 0, 0, 0, 8, 9], [0, 0, 0, 0, 0, 0, 0, 0], [0, 1, 2, 3, 4, 5, 6, 7], [0, 0, 0, 0, 0, 0, 0, 0]]",2.994
680,0.01,5,"[[0.23, 0.06, 0.08, 0.13, 0.11, 0.05, 0.11], [0.17, 0.17, 0.17, 0.13, 0.09, 0.2, 0.07], [0.21, 0.11, 0.17, 0.05, 0.13, 0.11, 0.17], [0.16, 0.02, 0.2, 0.19, 0.23, 0.13, 0.13]]",0.13,0.09,35,"[0.24, 0.22, 0.21, 0.33]","[[0, 0, 0, 0, 0, 0, 0, 0], [0, 0, 0, 0, 4, 0, 0, 0], [0, 0, 0, 0, 0, 0, 0, 0], [0, 1, 2, 3, 0, 5, 6, 7]]",0.072
681,0.01,3,"[[0.16, 0.11, 0.08, 0.09, 0.11, 0.11, 0.06], [0.14, 0.14, 0.15, 0.18, 0.2, 0.23, 0.09], [0.09, 0.18, 0.2, 0.13, 0.05, 0.16, 0.07], [0.08, 0.02, 0.16, 0.15, 0.1, 0.09, 0.12]]",0.13,0.08,35,"[0.08, 0.02, 0.89, 0.01]","[[0, 0, 2, 0, 0, 0, 0, 0], [0, 0, 0, 3, 0, 0, 0, 0], [0, 1, 0, 0, 0, 0, 0, 0], [0, 0, 0, 0, 0, 0, 0, 0]]",0.072
682,0.01,1,"[[0.02, 0.1, 0.05, 0.19, 0.09, 0.05, 0.06], [0.03, 0.12, 0.22, 0.08, 0.02, 0.07, 0.12], [0.18, 0.19, 0.1, 0.18, 0.18, 0.13, 0.15], [0.08, 0.17, 0.23, 0.11, 0.13, 0.16, 0.07]]",0.13,0.08,35,"[0.06, 0.06, 0.03, 0.85]","[[0, 1, 2, 3, 0, 0, 0, 0], [0, 0, 0, 0, 0, 0, 0, 0], [0, 4, 0, 0, 0, 0, 0, 0], [0, 0, 0, 0, 0, 0, 0, 0]]",0.072
683,0.01,2,"[[0.05, 0.08, 0.17, 0.15, 0.22, 0.07, 0.07], [0.06, 0.1, 0.12, 0.11, 0.19, 0.16, 0.05], [0.19, 0.16, 0.13, 0.06, 0.18, 0.04, 0.24], [0.15, 0.24, 0.11, 0.13, 0.14, 0.03, 0.01]]",0.13,0.08,35,"[0.86, 0.01, 0.05, 0.08]","[[0, 0, 0, 0, 0, 0, 0, 0], [0, 1, 0, 0, 0, 0, 0, 0], [0, 0, 2, 0, 0, 0, 0, 0], [0, 0, 0, 3, 0, 0, 0, 0]]",0.072
684,0.01,1,"[[0.18, 0.08, 0.04, 0.19, 0.05, 0.05, 0.16], [0.09, 0.22, 0.23, 0.17, 0.13, 0.24, 0.18], [0.21, 0.2, 0.1, 0.14, 0.11, 0.11, 0.19], [0.23, 0.14, 0.16, 0.18, 0.12, 0.18, 0.03]]",0.13,0.09,35,"[0.02, 0.92, 0.02, 0.04]","[[0, 1, 0, 0, 0, 0, 0, 0], [0, 2, 0, 0, 0, 0, 0, 0], [0, 0, 0, 0, 0, 0, 0, 0], [0, 0, 0, 0, 0, 0, 0, 0]]",0.072
685,0.01,1,"[[0.15, 0.2, 0.21, 0.14, 0.15, 0.21, 0.2], [0.1, 0.12, 0.15, 0.05, 0.19, 0.19, 0.19], [0.2, 0.18, 0.22, 0.07, 0.23, 0.17, 0.15], [0.25, 0.17, 0.14, 0.07, 0.06, 0.14, 0.21]]",0.13,0.1,35,"[0.33, 0.32, 0.13, 0.22]","[[0, 1, 0, 0, 0, 0, 0, 0], [0, 0, 0, 0, 0, 0, 0, 0], [0, 0, 0, 0, 0, 0, 0, 0], [0, 0, 0, 0, 0, 0, 0, 0]]",0.072
686,0.01,1,"[[0.14, 0.16, 0.16, 0.21, 0.14, 0.04, 0.08], [0.06, 0.2, 0.17, 0.04, 0.15, 0.07, 0.15], [0.13, 0.19, 0.14, 0.02, 0.08, 0.23, 0.1], [0.15, 0.03, 0.13, 0.07, 0.13, 0.07, 0.19]]",0.13,0.14,35,"[0.26, 0.28, 0.24, 0.22]","[[0, 0, 0, 0, 0, 0, 0, 0], [0, 0, 0, 0, 0, 0, 0, 0], [0, 1, 0, 0, 0, 0, 0, 0], [0, 0, 0, 0, 0, 0, 0, 0]]",0.072
687,0.01,1,"[[0.07, 0.07, 0.17, 0.05, 0.08, 0.18, 0.15], [0.19, 0.17, 0.06, 0.13, 0.2, 0.13, 0.2], [0.08, 0.18, 0.04, 0.21, 0.15, 0.15, 0.18], [0.06, 0.08, 0.09, 0.02, 0.12, 0.19, 0.09]]",0.13,0.07,35,"[0.31, 0.27, 0.19, 0.23]","[[0, 0, 0, 0, 0, 0, 0, 0], [0, 1, 0, 0, 0, 0, 0, 0], [0, 0, 0, 0, 0, 0, 0, 0], [0, 0, 0, 0, 0, 0, 0, 0]]",0.072
688,0.01,1,"[[0.04, 0.14, 0.09, 0.06, 0.18, 0.1, 0.07], [0.09, 0.13, 0.01, 0.23, 0.07, 0.19, 0.05], [0.08, 0.2, 0.08, 0.21, 0.07, 0.04, 0.22], [0.12, 0.1, 0.09, 0.18, 0.18, 0.04, 0.15]]",0.13,0.12,35,"[0.05, 0.03, 0.07, 0.85]","[[0, 0, 0, 0, 0, 0, 0, 0], [0, 0, 0, 0, 0, 0, 0, 0], [0, 0, 0, 0, 0, 0, 0, 0], [0, 1, 0, 0, 0, 0, 0, 0]]",0.072
689,0.01,1,"[[0.19, 0.12, 0.08, 0.18, 0.08, 0.2, 0.22], [0.05, 0.04, 0.19, 0.18, 0.18, 0.05, 0.1], [0.21, 0.13, 0.15, 0.13, 0.16, 0.15, 0.08], [0.19, 0.06, 0.09, 0.07, 0.04, 0.2, 0.08]]",0.13,0.21,35,"[0.16, 0.28, 0.23, 0.33]","[[0, 0, 0, 0, 0, 0, 0, 0], [0, 0, 0, 0, 0, 0, 0, 0], [0, 0, 0, 0, 0, 0, 0, 0], [0, 1, 0, 0, 0, 0, 0, 0]]",0.072
690,0.01,1,"[[2.54, 7.44, 2.24, 4.32, 2.76, 9.01, 8.48], [1.82, 8.34, 6.23, 3.89, 6.94, 3.11, 6.18], [7.6, 3.71, 5.31, 9.83, 1.09, 3.87, 7.81], [7.76, 7.0, 2.77, 7.48, 3.83, 0.31, 3.13]]",5.0,7.76,35,"[0.04, 0.07, 0.03, 0.86]","[[0, 0, 0, 0, 0, 0, 0, 0], [0, 0, 0, 0, 0, 0, 0, 0], [0, 0, 0, 0, 0, 0, 0, 0], [0, 1, 0, 0, 0, 0, 0, 0]]",2.994
691,0.01,1,"[[7.74, 3.22, 6.43, 3.71, 7.81, 4.87, 5.0], [6.79, 7.24, 2.38, 4.86, 3.87, 6.17, 4.92], [3.15, 9.58, 2.44, 5.2, 8.45, 2.58, 2.29], [4.2, 1.81, 5.9, 9.47, 8.69, 2.45, 6.94]]",5.0,4.2,35,"[0.15, 0.38, 0.14, 0.33]","[[0, 0, 0, 0, 0, 0, 0, 0], [0, 1, 0, 0, 0, 0, 0, 0], [0, 0, 0, 0, 0, 0, 0, 0], [0, 0, 0, 0, 0, 0, 0, 0]]",2.994
692,0.01,1,"[[3.74, 4.35, 1.03, 5.02, 2.48, 7.72, 3.91], [9.52, 3.82, 4.46, 2.55, 5.65, 6.25, 0.76], [2.96, 5.49, 2.32, 7.63, 0.35, 8.21, 6.51], [4.09, 2.1, 9.56, 8.08, 0.89, 1.16, 4.1]]",5.0,4.09,35,"[0.04, 0.08, 0.02, 0.86]","[[0, 0, 0, 3, 0, 0, 0, 0], [0, 0, 0, 0, 0, 0, 0, 0], [0, 0, 0, 0, 0, 0, 0, 0], [0, 1, 2, 0, 0, 0, 0, 0]]",2.994
693,0.01,1,"[[6.19, 1.85, 1.16, 4.28, 2.66, 3.25, 7.93], [4.16, 3.03, 5.34, 3.93, 5.82, 4.05, 2.14], [6.53, 8.89, 6.73, 7.28, 2.75, 0.6, 4.09], [4.95, 6.55, 6.81, 6.9, 1.07, 2.2, 5.26]]",5.0,4.95,35,"[0.03, 0.86, 0.04, 0.07]","[[0, 0, 0, 0, 0, 0, 0, 0], [0, 1, 0, 0, 0, 0, 0, 0], [0, 0, 0, 0, 0, 0, 0, 0], [0, 0, 0, 0, 0, 0, 0, 0]]",2.994
694,0.01,3,"[[4.41, 7.98, 5.03, 0.94, 6.07, 7.96, 3.08], [7.18, 6.38, 1.11, 4.77, 7.21, 4.82, 4.9], [5.63, 7.2, 7.79, 1.19, 2.56, 6.05, 3.13], [2.67, 2.05, 5.91, 4.15, 9.55, 4.46, 9.22]]",5.0,5.91,35,"[0.04, 0.02, 0.05, 0.89]","[[0, 0, 0, 3, 0, 0, 0, 0], [0, 0, 0, 0, 0, 0, 0, 0], [0, 0, 0, 0, 0, 0, 0, 0], [0, 1, 2, 0, 0, 0, 0, 0]]",2.994
695,0.01,1,"[[1.63, 4.7, 3.32, 2.64, 8.47, 3.24, 4.54], [8.67, 5.47, 1.74, 1.77, 1.06, 7.43, 3.25], [4.05, 4.33, 1.96, 6.68, 6.28, 9.52, 7.64], [3.95, 5.24, 1.85, 2.91, 0.64, 2.21, 1.85]]",5.0,4.05,35,"[0.05, 0.89, 0.05, 0.01]","[[0, 0, 0, 0, 0, 0, 0, 0], [0, 1, 0, 0, 0, 0, 0, 0], [0, 0, 0, 0, 0, 0, 0, 0], [0, 0, 0, 0, 0, 0, 0, 0]]",2.994
696,0.01,1,"[[6.38, 4.4, 2.78, 4.02, 3.28, 4.56, 6.79], [6.89, 5.4, 5.87, 9.63, 0.42, 4.93, 4.29], [2.96, 2.23, 8.29, 4.74, 3.72, 2.39, 0.86], [5.36, 5.18, 6.28, 1.08, 2.81, 5.95, 9.65]]",5.0,6.38,35,"[0.2, 0.38, 0.3, 0.12]","[[0, 0, 0, 0, 0, 0, 0, 0], [0, 1, 0, 0, 0, 0, 0, 0], [0, 0, 0, 0, 0, 0, 0, 0], [0, 0, 0, 0, 0, 0, 0, 0]]",2.994
697,0.01,1,"[[1.92, 6.77, 0.18, 0.58, 7.09, 4.34, 4.61], [2.63, 2.6, 4.89, 2.52, 8.42, 2.23, 4.37], [6.54, 7.27, 4.71, 3.86, 8.83, 4.81, 5.31], [5.47, 8.91, 3.37, 8.65, 6.85, 1.47, 5.12]]",5.0,5.47,35,"[0.31, 0.2, 0.17, 0.32]","[[0, 0, 0, 0, 0, 0, 0, 0], [0, 0, 0, 0, 0, 0, 0, 0], [0, 0, 0, 0, 0, 0, 0, 0], [0, 1, 0, 0, 0, 0, 0, 0]]",2.994
698,0.01,1,"[[7.91, 1.03, 5.87, 7.52, 6.88, 7.18, 6.1], [5.88, 5.55, 1.78, 3.0, 4.69, 4.52, 8.75], [5.71, 1.25, 6.22, 6.17, 8.38, 7.26, 4.32], [6.4, 8.88, 5.28, 4.23, 1.08, 0.7, 3.39]]",5.0,6.4,35,"[0.3, 0.18, 0.2, 0.32]","[[0, 0, 0, 0, 0, 0, 0, 0], [0, 0, 0, 0, 0, 0, 0, 0], [0, 0, 0, 0, 0, 0, 0, 0], [0, 1, 0, 0, 0, 0, 0, 0]]",2.994
699,0.01,1,"[[7.11, 5.78, 4.85, 4.33, 7.33, 7.89, 5.26], [5.95, 7.87, 3.44, 7.0, 6.97, 5.22, 6.26], [3.72, 9.35, 7.04, 6.38, 7.42, 6.47, 5.89], [5.94, 4.84, 1.39, 4.52, 3.41, 2.82, 3.73]]",5.0,7.11,35,"[0.33, 0.2, 0.24, 0.23]","[[0, 1, 0, 0, 0, 0, 0, 0], [0, 0, 0, 0, 0, 0, 0, 0], [0, 0, 0, 0, 0, 0, 0, 0], [0, 0, 0, 0, 0, 0, 0, 0]]",2.994
700,0.01,1,"[[0.15, 0.2, 0.21, 0.14, 0.15, 0.21, 0.2], [0.1, 0.12, 0.15, 0.05, 0.19, 0.19, 0.19], [0.2, 0.18, 0.22, 0.07, 0.23, 0.17, 0.15], [0.25, 0.17, 0.14, 0.07, 0.06, 0.14, 0.21]]",0.13,0.25,36,"[0.33, 0.32, 0.13, 0.22]","[[0, 0, 0, 0, 0, 0, 0, 0], [0, 0, 0, 0, 0, 0, 0, 0], [0, 0, 0, 0, 0, 0, 0, 0], [0, 0, 0, 0, 0, 0, 0, 0]]",0.072
701,0.01,5,"[[0.05, 0.17, 0.08, 0.07, 0.16, 0.13, 0.05], [0.1, 0.16, 0.24, 0.2, 0.19, 0.19, 0.23], [0.18, 0.13, 0.06, 0.19, 0.17, 0.21, 0.13], [0.16, 0.18, 0.2, 0.12, 0.19, 0.08, 0.19]]",0.13,0.16,36,"[0.85, 0.1, 0.02, 0.03]","[[0, 1, 0, 0, 0, 0, 0, 0], [0, 0, 0, 0, 0, 0, 0, 0], [0, 0, 0, 0, 0, 0, 0, 0], [0, 2, 0, 0, 0, 0, 0, 0]]",0.072
702,0.01,7,"[[0.11, 0.22, 0.08, 0.2, 0.14, 0.03, 0.13], [0.17, 0.02, 0.02, 0.09, 0.21, 0.16, 0.15], [0.09, 0.18, 0.16, 0.17, 0.05, 0.09, 0.1], [0.18, 0.05, 0.09, 0.19, 0.24, 0.18, 0.12]]",0.13,0.12,36,"[0.33, 0.18, 0.11, 0.38]","[[0, 0, 0, 0, 0, 0, 0, 0], [0, 0, 0, 0, 0, 0, 0, 0], [0, 0, 0, 0, 0, 0, 0, 0], [0, 0, 0, 0, 0, 0, 0, 0]]",0.072
703,0.01,6,"[[0.14, 0.12, 0.08, 0.02, 0.14, 0.19, 0.09], [0.2, 0.01, 0.13, 0.03, 0.11, 0.06, 0.23], [0.19, 0.12, 0.16, 0.15, 0.16, 0.07, 0.21], [0.09, 0.14, 0.24, 0.12, 0.1, 0.2, 0.16]]",0.13,0.19,36,"[0.36, 0.17, 0.12, 0.35]","[[0, 0, 0, 0, 0, 0, 0, 0], [0, 0, 0, 0, 0, 0, 0, 0], [0, 0, 0, 0, 0, 0, 0, 0], [0, 0, 0, 0, 0, 0, 0, 0]]",0.072
704,0.01,1,"[[0.15, 0.17, 0.12, 0.06, 0.06, 0.22, 0.15], [0.19, 0.17, 0.21, 0.18, 0.06, 0.19, 0.04], [0.07, 0.13, 0.08, 0.09, 0.18, 0.11, 0.12], [0.16, 0.1, 0.02, 0.11, 0.21, 0.13, 0.19]]",0.13,0.16,36,"[0.09, 0.05, 0.01, 0.85]","[[0, 0, 0, 0, 0, 0, 0, 0], [0, 0, 0, 0, 0, 0, 0, 0], [0, 0, 0, 0, 0, 0, 0, 0], [0, 1, 2, 3, 0, 0, 0, 0]]",0.072
705,0.01,4,"[[0.11, 0.17, 0.16, 0.1, 0.16, 0.08, 0.16], [0.14, 0.11, 0.1, 0.17, 0.15, 0.09, 0.15], [0.18, 0.13, 0.06, 0.09, 0.04, 0.12, 0.18], [0.24, 0.17, 0.23, 0.17, 0.08, 0.13, 0.06]]",0.13,0.09,36,"[0.26, 0.27, 0.3, 0.17]","[[0, 0, 0, 0, 0, 0, 0, 0], [0, 0, 0, 0, 0, 0, 0, 0], [0, 0, 0, 0, 0, 0, 0, 0], [0, 0, 0, 0, 0, 0, 0, 0]]",0.072
706,0.01,5,"[[0.06, 0.1, 0.22, 0.17, 0.09, 0.03, 0.08], [0.24, 0.07, 0.1, 0.11, 0.11, 0.15, 0.16], [0.04, 0.05, 0.2, 0.13, 0.03, 0.1, 0.19], [0.2, 0.09, 0.17, 0.15, 0.2, 0.1, 0.15]]",0.13,0.2,36,"[0.01, 0.1, 0.04, 0.85]","[[0, 0, 0, 0, 0, 0, 0, 0], [0, 0, 0, 0, 0, 0, 0, 0], [0, 0, 0, 0, 0, 0, 0, 0], [0, 1, 0, 2, 0, 3, 0, 0]]",0.072
707,0.01,1,"[[0.15, 0.06, 0.09, 0.11, 0.16, 0.04, 0.14], [0.13, 0.19, 0.06, 0.21, 0.14, 0.09, 0.14], [0.16, 0.13, 0.11, 0.14, 0.1, 0.12, 0.12], [0.2, 0.09, 0.2, 0.06, 0.12, 0.09, 0.16]]",0.13,0.16,36,"[0.08, 0.04, 0.87, 0.01]","[[0, 0, 0, 0, 0, 0, 0, 0], [0, 0, 0, 0, 0, 0, 0, 0], [0, 1, 5, 2, 0, 3, 0, 4], [0, 0, 0, 0, 0, 0, 0, 0]]",0.072
708,0.01,5,"[[0.07, 0.07, 0.17, 0.05, 0.08, 0.18, 0.15], [0.19, 0.17, 0.06, 0.13, 0.2, 0.13, 0.2], [0.08, 0.18, 0.04, 0.21, 0.15, 0.15, 0.18], [0.06, 0.08, 0.09, 0.02, 0.12, 0.19, 0.09]]",0.13,0.12,36,"[0.31, 0.27, 0.19, 0.23]","[[0, 0, 0, 0, 0, 0, 0, 0], [0, 0, 0, 0, 0, 0, 0, 0], [0, 0, 0, 0, 0, 0, 0, 0], [0, 0, 0, 0, 0, 0, 0, 0]]",0.072
709,0.01,3,"[[0.15, 0.08, 0.16, 0.16, 0.12, 0.04, 0.13], [0.17, 0.17, 0.2, 0.1, 0.06, 0.16, 0.12], [0.04, 0.25, 0.2, 0.11, 0.04, 0.11, 0.24], [0.15, 0.14, 0.05, 0.11, 0.22, 0.22, 0.2]]",0.13,0.2,36,"[0.01, 0.89, 0.09, 0.01]","[[0, 0, 0, 0, 0, 0, 0, 0], [0, 1, 0, 2, 0, 3, 0, 0], [0, 0, 0, 0, 0, 0, 0, 0], [0, 0, 0, 0, 0, 0, 0, 0]]",0.072
710,0.01,7,"[[3.4, 2.14, 9.33, 2.59, 4.55, 1.09, 2.85], [2.69, 7.17, 4.91, 8.03, 6.07, 6.49, 2.28], [2.24, 5.15, 4.83, 2.39, 2.78, 7.43, 5.61], [3.01, 5.69, 6.66, 3.22, 3.6, 8.48, 3.28]]",5.0,5.61,36,"[0.07, 0.01, 0.9, 0.02]","[[0, 0, 0, 0, 0, 0, 0, 0], [0, 0, 0, 0, 0, 0, 0, 0], [0, 1, 0, 2, 0, 3, 0, 4], [0, 0, 0, 0, 0, 0, 0, 0]]",2.994
711,0.01,6,"[[5.28, 9.9, 6.81, 1.61, 2.79, 8.92, 6.09], [3.46, 6.68, 6.44, 3.71, 3.55, 0.25, 8.07], [6.52, 2.17, 8.0, 8.5, 5.35, 1.81, 3.32], [5.89, 1.86, 6.44, 5.29, 3.29, 8.96, 7.12]]",5.0,8.96,36,"[0.23, 0.3, 0.24, 0.23]","[[0, 0, 0, 0, 0, 0, 0, 0], [0, 0, 0, 0, 0, 0, 0, 0], [0, 0, 0, 0, 0, 0, 0, 0], [0, 0, 0, 0, 0, 0, 0, 0]]",2.994
712,0.01,5,"[[3.89, 7.03, 1.42, 3.85, 5.57, 3.85, 2.09], [1.42, 3.42, 3.49, 1.78, 8.76, 8.52, 6.88], [3.98, 7.53, 6.94, 2.68, 5.16, 4.6, 0.82], [7.43, 7.31, 6.36, 5.75, 9.0, 9.88, 3.78]]",5.0,5.57,36,"[0.86, 0.01, 0.02, 0.11]","[[0, 1, 0, 2, 0, 3, 0, 4], [0, 0, 0, 0, 0, 0, 0, 0], [0, 0, 0, 0, 0, 0, 0, 0], [0, 0, 0, 0, 0, 0, 0, 0]]",2.994
713,0.01,6,"[[2.65, 1.66, 4.12, 6.28, 3.9, 4.24, 8.17], [4.84, 2.23, 5.57, 7.45, 3.35, 5.55, 3.39], [6.15, 3.53, 5.47, 2.82, 6.99, 9.09, 0.79], [2.47, 2.31, 1.36, 3.11, 4.52, 5.21, 3.31]]",5.0,5.21,36,"[0.01, 0.06, 0.02, 0.91]","[[0, 0, 0, 0, 0, 0, 0, 0], [0, 0, 0, 0, 0, 0, 0, 0], [0, 0, 0, 0, 0, 0, 0, 0], [0, 1, 6, 2, 5, 3, 7, 4]]",2.994
714,0.01,3,"[[7.04, 7.27, 1.99, 4.87, 6.53, 6.34, 1.47], [5.29, 2.16, 9.06, 4.67, 7.92, 5.41, 7.56], [6.95, 5.35, 1.7, 4.81, 6.84, 1.21, 8.92], [6.63, 5.53, 4.35, 1.42, 5.69, 5.92, 4.12]]",5.0,9.06,36,"[0.07, 0.87, 0.03, 0.03]","[[0, 0, 0, 0, 0, 0, 0, 0], [0, 1, 2, 3, 4, 5, 6, 7], [0, 0, 0, 0, 0, 0, 0, 0], [0, 0, 0, 0, 0, 0, 0, 0]]",2.994
715,0.01,7,"[[8.51, 2.86, 5.22, 3.29, 7.8, 7.12, 2.91], [7.85, 5.63, 4.76, 5.73, 4.36, 4.99, 0.21], [1.1, 2.64, 4.86, 7.57, 7.15, 0.31, 2.34], [6.38, 5.91, 3.08, 6.0, 7.58, 3.85, 6.26]]",5.0,0.21,36,"[0.19, 0.32, 0.23, 0.26]","[[0, 0, 0, 0, 0, 0, 0, 0], [0, 0, 0, 0, 0, 0, 0, 0], [0, 0, 0, 0, 0, 0, 0, 0], [0, 0, 0, 0, 0, 0, 0, 0]]",2.994
716,0.01,1,"[[7.91, 1.03, 5.87, 7.52, 6.88, 7.18, 6.1], [5.88, 5.55, 1.78, 3.0, 4.69, 4.52, 8.75], [5.71, 1.25, 6.22, 6.17, 8.38, 7.26, 4.32], [6.4, 8.88, 5.28, 4.23, 1.08, 0.7, 3.39]]",5.0,6.4,36,"[0.3, 0.18, 0.2, 0.32]","[[0, 1, 0, 0, 0, 0, 0, 0], [0, 2, 0, 0, 0, 0, 0, 0], [0, 3, 0, 0, 0, 0, 0, 0], [0, 4, 0, 0, 0, 0, 0, 0]]",2.994
717,0.01,7,"[[6.26, 0.19, 5.42, 8.23, 3.15, 1.79, 3.82], [4.19, 3.39, 2.75, 9.2, 5.7, 3.44, 3.56], [5.45, 5.72, 8.61, 4.63, 8.16, 8.36, 7.19], [3.14, 2.27, 7.83, 9.11, 0.69, 3.38, 9.35]]",5.0,9.35,36,"[0.1, 0.01, 0.01, 0.88]","[[0, 0, 0, 0, 0, 0, 0, 0], [0, 0, 0, 0, 0, 0, 0, 0], [0, 0, 0, 0, 0, 0, 0, 0], [0, 1, 2, 3, 4, 5, 6, 7]]",2.994
718,0.01,5,"[[3.55, 2.94, 0.08, 3.13, 2.15, 9.59, 4.77], [4.35, 5.83, 1.82, 2.79, 3.6, 4.35, 6.66], [4.91, 4.62, 9.06, 2.02, 4.04, 2.21, 7.62], [0.78, 5.9, 1.77, 4.45, 7.63, 4.39, 2.86]]",5.0,2.15,36,"[0.34, 0.11, 0.27, 0.28]","[[0, 0, 5, 6, 7, 14, 0, 0], [0, 0, 4, 0, 11, 8, 0, 0], [0, 0, 3, 0, 9, 13, 0, 0], [0, 1, 2, 0, 10, 12, 0, 0]]",2.994
719,0.01,2,"[[3.95, 8.96, 8.28, 6.18, 7.02, 4.65, 4.21], [7.39, 4.82, 4.44, 1.73, 7.35, 9.66, 2.04], [6.67, 2.62, 2.43, 7.24, 6.32, 7.33, 5.82], [4.75, 4.96, 2.68, 1.71, 6.22, 1.58, 9.11]]",5.0,4.82,36,"[0.25, 0.24, 0.28, 0.23]","[[0, 1, 5, 9, 0, 0, 0, 0], [0, 2, 6, 10, 0, 0, 0, 0], [0, 3, 7, 11, 0, 0, 0, 0], [0, 4, 8, 12, 0, 0, 0, 0]]",2.994
720,0.01,1,"[[0.14, 0.07, 0.05, 0.18, 0.03, 0.01, 0.18], [0.19, 0.23, 0.07, 0.1, 0.08, 0.19, 0.2], [0.17, 0.24, 0.03, 0.21, 0.19, 0.07, 0.21], [0.14, 0.09, 0.21, 0.08, 0.19, 0.05, 0.09]]",0.13,0.17,37,"[0.15, 0.26, 0.26, 0.33]","[[0, 0, 0, 0, 0, 0, 0, 0], [0, 8, 0, 0, 4, 0, 6, 7], [0, 0, 2, 3, 9, 0, 0, 0], [0, 1, 0, 0, 0, 5, 0, 0]]",0.072
721,0.01,1,"[[0.19, 0.09, 0.13, 0.2, 0.03, 0.17, 0.2], [0.08, 0.14, 0.18, 0.15, 0.19, 0.11, 0.07], [0.15, 0.06, 0.07, 0.11, 0.19, 0.02, 0.14], [0.12, 0.04, 0.06, 0.04, 0.06, 0.19, 0.09]]",0.13,0.08,37,"[0.02, 0.85, 0.05, 0.08]","[[0, 0, 0, 0, 0, 0, 0, 0], [0, 0, 3, 0, 8, 0, 0, 12], [0, 2, 4, 0, 6, 9, 10, 11], [0, 1, 5, 0, 7, 0, 0, 13]]",0.072
722,0.01,5,"[[0.1, 0.1, 0.03, 0.13, 0.2, 0.08, 0.11], [0.08, 0.05, 0.11, 0.15, 0.22, 0.2, 0.17], [0.16, 0.24, 0.08, 0.04, 0.05, 0.19, 0.14], [0.1, 0.18, 0.15, 0.14, 0.18, 0.07, 0.19]]",0.13,0.2,37,"[0.36, 0.26, 0.19, 0.19]","[[0, 1, 2, 3, 4, 5, 6, 7], [0, 0, 0, 0, 0, 0, 0, 0], [0, 0, 0, 0, 0, 0, 0, 0], [0, 0, 0, 0, 0, 0, 0, 0]]",0.072
723,0.01,1,"[[0.22, 0.12, 0.18, 0.2, 0.04, 0.04, 0.16], [0.19, 0.18, 0.17, 0.17, 0.18, 0.2, 0.15], [0.03, 0.13, 0.18, 0.12, 0.17, 0.16, 0.08], [0.21, 0.09, 0.16, 0.11, 0.25, 0.1, 0.16]]",0.13,0.22,37,"[0.34, 0.12, 0.22, 0.32]","[[0, 2, 0, 0, 0, 0, 0, 0], [0, 0, 0, 0, 0, 0, 0, 0], [0, 0, 0, 0, 0, 0, 0, 0], [0, 1, 0, 0, 0, 0, 0, 0]]",0.072
724,0.01,3,"[[0.02, 0.1, 0.05, 0.19, 0.09, 0.05, 0.06], [0.03, 0.12, 0.22, 0.08, 0.02, 0.07, 0.12], [0.18, 0.19, 0.1, 0.18, 0.18, 0.13, 0.15], [0.08, 0.17, 0.23, 0.11, 0.13, 0.16, 0.07]]",0.13,0.23,37,"[0.06, 0.06, 0.03, 0.85]","[[0, 0, 0, 0, 0, 0, 0, 0], [0, 0, 0, 0, 0, 0, 0, 0], [0, 0, 0, 0, 0, 0, 0, 0], [0, 1, 2, 3, 0, 0, 0, 0]]",0.072
725,0.01,2,"[[0.18, 0.08, 0.04, 0.19, 0.05, 0.05, 0.16], [0.09, 0.22, 0.23, 0.17, 0.13, 0.24, 0.18], [0.21, 0.2, 0.1, 0.14, 0.11, 0.11, 0.19], [0.23, 0.14, 0.16, 0.18, 0.12, 0.18, 0.03]]",0.13,0.22,37,"[0.02, 0.92, 0.02, 0.04]","[[0, 0, 0, 0, 0, 0, 0, 0], [0, 1, 2, 0, 0, 0, 0, 0], [0, 0, 0, 0, 0, 0, 0, 0], [0, 0, 0, 0, 0, 0, 0, 0]]",0.072
726,0.01,7,"[[0.11, 0.13, 0.2, 0.15, 0.12, 0.07, 0.12], [0.17, 0.14, 0.08, 0.03, 0.14, 0.12, 0.21], [0.15, 0.05, 0.06, 0.08, 0.07, 0.16, 0.13], [0.11, 0.11, 0.13, 0.18, 0.08, 0.12, 0.15]]",0.13,0.15,37,"[0.11, 0.38, 0.34, 0.17]","[[0, 0, 0, 0, 0, 0, 0, 0], [0, 0, 0, 0, 0, 1, 3, 5], [0, 0, 0, 0, 0, 2, 4, 6], [0, 0, 0, 0, 0, 0, 0, 0]]",0.072
727,0.01,2,"[[0.08, 0.23, 0.16, 0.14, 0.22, 0.12, 0.2], [0.17, 0.2, 0.03, 0.17, 0.21, 0.17, 0.07], [0.08, 0.2, 0.14, 0.22, 0.1, 0.13, 0.17], [0.07, 0.12, 0.01, 0.11, 0.05, 0.12, 0.17]]",0.13,0.23,37,"[0.86, 0.03, 0.04, 0.07]","[[0, 1, 2, 0, 0, 0, 0, 0], [0, 0, 0, 0, 0, 0, 0, 0], [0, 0, 0, 0, 0, 0, 0, 0], [0, 0, 0, 0, 0, 0, 0, 0]]",0.072
728,0.01,6,"[[0.19, 0.12, 0.08, 0.18, 0.08, 0.2, 0.22], [0.05, 0.04, 0.19, 0.18, 0.18, 0.05, 0.1], [0.21, 0.13, 0.15, 0.13, 0.16, 0.15, 0.08], [0.19, 0.06, 0.09, 0.07, 0.04, 0.2, 0.08]]",0.13,0.2,37,"[0.16, 0.28, 0.23, 0.33]","[[0, 0, 0, 0, 0, 0, 0, 0], [0, 0, 0, 0, 0, 0, 0, 0], [0, 0, 0, 0, 0, 0, 0, 0], [0, 0, 4, 1, 2, 3, 5, 0]]",0.072
729,0.01,5,"[[0.07, 0.16, 0.11, 0.2, 0.2, 0.19, 0.16], [0.15, 0.22, 0.24, 0.17, 0.18, 0.12, 0.12], [0.11, 0.16, 0.11, 0.12, 0.21, 0.06, 0.16], [0.17, 0.22, 0.15, 0.11, 0.24, 0.11, 0.17]]",0.13,0.24,37,"[0.09, 0.03, 0.01, 0.87]","[[0, 0, 0, 0, 0, 0, 0, 0], [0, 0, 0, 0, 0, 0, 0, 0], [0, 0, 0, 0, 0, 0, 0, 0], [0, 0, 0, 1, 2, 5, 3, 4]]",0.072
730,0.01,3,"[[7.04, 7.27, 1.99, 4.87, 6.53, 6.34, 1.47], [5.29, 2.16, 9.06, 4.67, 7.92, 5.41, 7.56], [6.95, 5.35, 1.7, 4.81, 6.84, 1.21, 8.92], [6.63, 5.53, 4.35, 1.42, 5.69, 5.92, 4.12]]",5.0,9.06,37,"[0.07, 0.87, 0.03, 0.03]","[[0, 0, 0, 0, 0, 0, 0, 0], [0, 1, 2, 3, 4, 0, 0, 0], [0, 0, 0, 0, 0, 0, 0, 0], [0, 0, 0, 0, 0, 0, 0, 0]]",2.994
731,0.01,4,"[[6.38, 4.4, 2.78, 4.02, 3.28, 4.56, 6.79], [6.89, 5.4, 5.87, 9.63, 0.42, 4.93, 4.29], [2.96, 2.23, 8.29, 4.74, 3.72, 2.39, 0.86], [5.36, 5.18, 6.28, 1.08, 2.81, 5.95, 9.65]]",5.0,9.63,37,"[0.2, 0.38, 0.3, 0.12]","[[0, 0, 0, 0, 0, 0, 0, 0], [0, 1, 2, 3, 4, 5, 6, 7], [0, 0, 0, 0, 0, 0, 0, 0], [0, 0, 0, 0, 0, 0, 0, 0]]",2.994
732,0.01,6,"[[5.12, 1.51, 5.2, 6.71, 2.69, 8.45, 7.56], [1.26, 6.81, 6.02, 6.85, 3.83, 2.04, 5.15], [0.77, 1.29, 6.67, 1.6, 1.63, 0.54, 0.89], [4.2, 5.58, 3.29, 3.97, 3.54, 6.37, 4.95]]",5.0,6.37,37,"[0.21, 0.27, 0.19, 0.33]","[[0, 0, 0, 0, 0, 0, 9, 0], [0, 0, 0, 0, 0, 0, 8, 0], [0, 0, 0, 0, 0, 0, 0, 0], [0, 1, 2, 3, 4, 5, 6, 7]]",2.994
733,0.01,4,"[[7.32, 4.38, 4.99, 7.76, 5.0, 5.94, 2.36], [8.4, 3.61, 8.45, 4.23, 7.02, 4.36, 9.23], [1.69, 3.23, 3.54, 3.86, 3.72, 2.06, 0.61], [7.94, 7.02, 6.73, 4.28, 8.5, 0.13, 2.63]]",5.0,7.76,37,"[0.85, 0.03, 0.11, 0.01]","[[0, 1, 2, 3, 4, 5, 6, 7], [0, 0, 0, 0, 0, 0, 0, 0], [0, 0, 0, 0, 0, 0, 0, 0], [0, 0, 0, 0, 0, 0, 0, 0]]",2.994
734,0.01,7,"[[5.28, 9.9, 6.81, 1.61, 2.79, 8.92, 6.09], [3.46, 6.68, 6.44, 3.71, 3.55, 0.25, 8.07], [6.52, 2.17, 8.0, 8.5, 5.35, 1.81, 3.32], [5.89, 1.86, 6.44, 5.29, 3.29, 8.96, 7.12]]",5.0,8.07,37,"[0.23, 0.3, 0.24, 0.23]","[[0, 0, 0, 0, 0, 0, 0, 10], [0, 1, 2, 3, 4, 5, 6, 7], [0, 0, 0, 0, 0, 0, 0, 8], [0, 0, 0, 0, 0, 0, 0, 9]]",2.994
735,0.01,5,"[[0.95, 2.78, 3.25, 5.38, 7.09, 3.77, 4.83], [7.13, 8.96, 5.39, 2.27, 8.34, 7.96, 4.55], [9.77, 5.61, 8.97, 8.09, 6.52, 2.37, 9.08], [8.52, 1.84, 1.06, 3.62, 0.7, 3.27, 0.14]]",5.0,7.09,37,"[0.85, 0.07, 0.07, 0.01]","[[0, 1, 2, 3, 4, 6, 5, 7], [0, 0, 0, 0, 0, 0, 0, 0], [0, 0, 0, 0, 0, 0, 0, 0], [0, 0, 0, 0, 0, 0, 0, 0]]",2.994
736,0.01,2,"[[7.11, 5.78, 4.85, 4.33, 7.33, 7.89, 5.26], [5.95, 7.87, 3.44, 7.0, 6.97, 5.22, 6.26], [3.72, 9.35, 7.04, 6.38, 7.42, 6.47, 5.89], [5.94, 4.84, 1.39, 4.52, 3.41, 2.82, 3.73]]",5.0,5.78,37,"[0.33, 0.2, 0.24, 0.23]","[[0, 1, 5, 0, 0, 0, 0, 0], [0, 4, 6, 0, 0, 0, 0, 0], [0, 3, 7, 0, 0, 0, 0, 0], [0, 2, 8, 0, 0, 0, 0, 0]]",2.994
737,0.01,6,"[[2.65, 1.66, 4.12, 6.28, 3.9, 4.24, 8.17], [4.84, 2.23, 5.57, 7.45, 3.35, 5.55, 3.39], [6.15, 3.53, 5.47, 2.82, 6.99, 9.09, 0.79], [2.47, 2.31, 1.36, 3.11, 4.52, 5.21, 3.31]]",5.0,5.21,37,"[0.01, 0.06, 0.02, 0.91]","[[0, 0, 0, 0, 0, 0, 10, 0], [0, 0, 0, 0, 0, 0, 8, 0], [0, 0, 0, 0, 0, 0, 9, 0], [0, 1, 2, 3, 4, 5, 6, 7]]",2.994
738,0.01,1,"[[1.63, 4.7, 3.32, 2.64, 8.47, 3.24, 4.54], [8.67, 5.47, 1.74, 1.77, 1.06, 7.43, 3.25], [4.05, 4.33, 1.96, 6.68, 6.28, 9.52, 7.64], [3.95, 5.24, 1.85, 2.91, 0.64, 2.21, 1.85]]",5.0,8.67,37,"[0.05, 0.89, 0.05, 0.01]","[[0, 0, 0, 0, 0, 0, 0, 0], [0, 1, 2, 3, 4, 5, 6, 7], [0, 0, 0, 0, 0, 0, 0, 0], [0, 0, 0, 0, 0, 0, 0, 0]]",2.994
739,0.01,1,"[[7.91, 1.03, 5.87, 7.52, 6.88, 7.18, 6.1], [5.88, 5.55, 1.78, 3.0, 4.69, 4.52, 8.75], [5.71, 1.25, 6.22, 6.17, 8.38, 7.26, 4.32], [6.4, 8.88, 5.28, 4.23, 1.08, 0.7, 3.39]]",5.0,5.71,37,"[0.3, 0.18, 0.2, 0.32]","[[0, 2, 3, 6, 7, 0, 0, 0], [0, 9, 0, 0, 0, 0, 0, 0], [0, 0, 0, 0, 0, 0, 0, 0], [0, 1, 4, 5, 8, 0, 0, 0]]",2.994
740,0.0,1,"[[3.54, 3.18, 6.26, 3.39, 3.52, 5.47, 1.42], [3.13, 1.91, 7.14, 3.81, 4.58, 6.9, 8.39], [7.48, 1.27, 5.41, 7.63, 6.12, 1.81, 6.34], [6.09, 3.7, 4.25, 4.91, 0.8, 7.46, 7.59]]",5.0,7.48,38,"[0.04, 0.07, 0.88, 0.01]","[[0, 1, 5, 12, 13, 20, 21, 27], [0, 2, 6, 11, 14, 19, 22, 26], [0, 3, 7, 10, 15, 18, 23, 25], [0, 4, 8, 9, 16, 17, 28, 24]]",2.994
741,0.0,2,"[[3.4, 2.14, 9.33, 2.59, 4.55, 1.09, 2.85], [2.69, 7.17, 4.91, 8.03, 6.07, 6.49, 2.28], [2.24, 5.15, 4.83, 2.39, 2.78, 7.43, 5.61], [3.01, 5.69, 6.66, 3.22, 3.6, 8.48, 3.28]]",5.0,5.15,38,"[0.07, 0.01, 0.9, 0.02]","[[0, 1, 2, 3, 4, 7, 5, 6], [0, 26, 25, 20, 19, 8, 9, 10], [0, 27, 24, 21, 18, 13, 12, 11], [0, 28, 23, 22, 17, 14, 15, 16]]",2.994
742,0.0,2,"[[2.54, 7.44, 2.24, 4.32, 2.76, 9.01, 8.48], [1.82, 8.34, 6.23, 3.89, 6.94, 3.11, 6.18], [7.6, 3.71, 5.31, 9.83, 1.09, 3.87, 7.81], [7.76, 7.0, 2.77, 7.48, 3.83, 0.31, 3.13]]",5.0,7.0,38,"[0.04, 0.07, 0.03, 0.86]","[[0, 0, 18, 0, 0, 0, 0, 16], [0, 1, 2, 3, 4, 5, 6, 7], [0, 12, 11, 13, 14, 10, 9, 8], [0, 0, 17, 0, 0, 0, 0, 15]]",2.994
743,0.0,7,"[[5.71, 4.0, 7.87, 3.26, 8.95, 9.97, 6.35], [4.81, 5.73, 5.74, 5.66, 5.51, 4.81, 7.59], [6.14, 5.62, 3.6, 6.94, 3.42, 3.6, 6.26], [1.09, 4.7, 1.56, 4.05, 2.65, 4.29, 5.33]]",5.0,5.33,38,"[0.02, 0.08, 0.03, 0.87]","[[0, 1, 18, 0, 0, 0, 0, 17], [0, 14, 2, 3, 4, 5, 6, 7], [0, 13, 15, 12, 11, 10, 9, 8], [0, 20, 19, 21, 22, 0, 0, 16]]",2.994
744,0.0,4,"[[5.11, 2.17, 0.1, 9.47, 2.73, 6.4, 3.36], [4.31, 7.26, 6.36, 8.48, 2.98, 4.68, 5.77], [8.38, 2.0, 6.14, 7.53, 4.7, 1.99, 1.53], [7.09, 5.94, 3.03, 5.37, 2.51, 3.9, 2.79]]",5.0,8.48,38,"[0.31, 0.35, 0.15, 0.19]","[[0, 18, 0, 0, 15, 0, 0, 0], [0, 1, 4, 5, 8, 9, 12, 13], [0, 2, 3, 6, 7, 10, 11, 14], [0, 17, 0, 0, 16, 0, 0, 0]]",2.994
745,0.0,5,"[[1.92, 6.77, 0.18, 0.58, 7.09, 4.34, 4.61], [2.63, 2.6, 4.89, 2.52, 8.42, 2.23, 4.37], [6.54, 7.27, 4.71, 3.86, 8.83, 4.81, 5.31], [5.47, 8.91, 3.37, 8.65, 6.85, 1.47, 5.12]]",5.0,7.09,38,"[0.31, 0.2, 0.17, 0.32]","[[0, 0, 0, 0, 0, 15, 0, 0], [0, 1, 4, 5, 8, 9, 14, 12], [0, 2, 3, 6, 7, 10, 11, 13], [0, 0, 0, 0, 0, 16, 0, 0]]",2.994
746,0.0,3,"[[5.12, 1.51, 5.2, 6.71, 2.69, 8.45, 7.56], [1.26, 6.81, 6.02, 6.85, 3.83, 2.04, 5.15], [0.77, 1.29, 6.67, 1.6, 1.63, 0.54, 0.89], [4.2, 5.58, 3.29, 3.97, 3.54, 6.37, 4.95]]",5.0,6.02,38,"[0.21, 0.27, 0.19, 0.33]","[[0, 0, 0, 16, 18, 0, 0, 0], [0, 1, 4, 5, 8, 9, 12, 13], [0, 2, 3, 6, 7, 10, 11, 14], [0, 0, 0, 15, 17, 0, 0, 0]]",2.994
747,0.0,6,"[[8.02, 3.92, 3.11, 4.49, 4.13, 7.86, 3.71], [5.5, 3.12, 4.78, 4.63, 5.83, 9.55, 5.01], [6.87, 6.07, 1.32, 5.58, 8.22, 5.74, 5.54], [4.62, 3.36, 5.75, 5.59, 2.34, 1.7, 6.64]]",5.0,7.86,38,"[0.25, 0.27, 0.24, 0.24]","[[0, 0, 0, 0, 0, 18, 15, 0], [0, 1, 4, 5, 8, 9, 12, 13], [0, 2, 3, 6, 7, 10, 11, 14], [0, 0, 0, 0, 0, 17, 16, 0]]",2.994
748,0.0,3,"[[1.89, 1.68, 4.82, 0.64, 6.72, 5.82, 3.47], [2.81, 5.64, 4.93, 5.88, 1.19, 6.58, 2.91], [6.88, 4.96, 4.06, 5.77, 1.03, 4.24, 5.62], [0.22, 1.89, 4.63, 5.2, 4.1, 3.36, 6.44]]",5.0,4.82,38,"[0.25, 0.26, 0.31, 0.18]","[[0, 0, 21, 19, 8, 0, 17, 0], [0, 1, 4, 5, 9, 10, 12, 15], [0, 2, 3, 6, 7, 11, 13, 14], [0, 0, 20, 18, 0, 0, 16, 0]]",2.994
749,0.0,7,"[[8.39, 1.9, 3.96, 5.78, 2.24, 5.8, 4.1], [0.94, 5.02, 2.49, 5.54, 6.54, 4.33, 9.65], [7.94, 7.8, 4.1, 9.82, 1.59, 4.84, 8.58], [8.96, 7.49, 1.94, 3.92, 0.76, 2.82, 6.17]]",5.0,9.65,38,"[0.11, 0.85, 0.02, 0.02]","[[0, 0, 18, 0, 20, 0, 0, 16], [0, 1, 4, 5, 8, 9, 12, 13], [0, 2, 3, 6, 7, 10, 11, 14], [0, 0, 17, 0, 19, 0, 0, 15]]",2.994
750,0.0,3,"[[0.02, 0.18, 0.09, 0.13, 0.07, 0.12, 0.08], [0.15, 0.12, 0.24, 0.14, 0.1, 0.01, 0.14], [0.2, 0.14, 0.24, 0.13, 0.22, 0.23, 0.18], [0.11, 0.21, 0.18, 0.07, 0.12, 0.14, 0.14]]",0.13,0.09,38,"[0.85, 0.02, 0.03, 0.1]","[[0, 0, 0, 0, 0, 0, 14, 0], [0, 1, 4, 5, 8, 9, 15, 12], [0, 2, 3, 6, 7, 10, 11, 13], [0, 0, 0, 0, 0, 0, 0, 0]]",0.072
751,0.0,1,"[[0.23, 0.06, 0.08, 0.13, 0.11, 0.05, 0.11], [0.17, 0.17, 0.17, 0.13, 0.09, 0.2, 0.07], [0.21, 0.11, 0.17, 0.05, 0.13, 0.11, 0.17], [0.16, 0.02, 0.2, 0.19, 0.23, 0.13, 0.13]]",0.13,0.16,38,"[0.24, 0.22, 0.21, 0.33]","[[0, 18, 0, 16, 0, 0, 0, 0], [0, 1, 14, 13, 12, 11, 10, 9], [0, 2, 3, 4, 5, 6, 7, 8], [0, 17, 0, 15, 0, 0, 0, 0]]",0.072
752,0.0,5,"[[0.05, 0.08, 0.17, 0.15, 0.22, 0.07, 0.07], [0.06, 0.1, 0.12, 0.11, 0.19, 0.16, 0.05], [0.19, 0.16, 0.13, 0.06, 0.18, 0.04, 0.24], [0.15, 0.24, 0.11, 0.13, 0.14, 0.03, 0.01]]",0.13,0.22,38,"[0.86, 0.01, 0.05, 0.08]","[[0, 0, 0, 18, 0, 16, 0, 0], [0, 1, 14, 13, 12, 11, 10, 9], [0, 2, 3, 4, 5, 6, 7, 8], [0, 0, 0, 17, 0, 15, 0, 0]]",0.072
753,0.0,1,"[[0.11, 0.17, 0.16, 0.1, 0.16, 0.08, 0.16], [0.14, 0.11, 0.1, 0.17, 0.15, 0.09, 0.15], [0.18, 0.13, 0.06, 0.09, 0.04, 0.12, 0.18], [0.24, 0.17, 0.23, 0.17, 0.08, 0.13, 0.06]]",0.13,0.18,38,"[0.26, 0.27, 0.3, 0.17]","[[0, 10, 0, 0, 0, 0, 0, 13], [0, 8, 0, 0, 0, 0, 0, 12], [0, 1, 2, 3, 4, 5, 6, 7], [0, 9, 0, 0, 0, 0, 0, 11]]",0.072
754,0.0,6,"[[0.17, 0.04, 0.18, 0.09, 0.04, 0.16, 0.22], [0.22, 0.14, 0.04, 0.11, 0.04, 0.23, 0.13], [0.09, 0.1, 0.01, 0.06, 0.15, 0.17, 0.05], [0.04, 0.06, 0.1, 0.03, 0.1, 0.03, 0.15]]",0.13,0.03,38,"[0.35, 0.15, 0.13, 0.37]","[[0, 11, 16, 0, 0, 0, 8, 0], [0, 1, 2, 3, 4, 5, 6, 7], [0, 12, 14, 0, 0, 0, 9, 0], [0, 13, 15, 0, 0, 0, 10, 0]]",0.072
755,0.0,5,"[[0.14, 0.15, 0.11, 0.2, 0.03, 0.13, 0.04], [0.03, 0.07, 0.1, 0.21, 0.1, 0.13, 0.08], [0.14, 0.03, 0.06, 0.05, 0.15, 0.08, 0.09], [0.13, 0.08, 0.16, 0.01, 0.21, 0.09, 0.05]]",0.13,0.15,38,"[0.06, 0.03, 0.86, 0.05]","[[0, 18, 0, 0, 0, 15, 0, 0], [0, 1, 2, 3, 4, 5, 6, 7], [0, 12, 13, 11, 14, 10, 9, 8], [0, 17, 0, 0, 0, 16, 0, 0]]",0.072
756,0.0,3,"[[0.14, 0.16, 0.16, 0.21, 0.14, 0.04, 0.08], [0.06, 0.2, 0.17, 0.04, 0.15, 0.07, 0.15], [0.13, 0.19, 0.14, 0.02, 0.08, 0.23, 0.1], [0.15, 0.03, 0.13, 0.07, 0.13, 0.07, 0.19]]",0.13,0.13,38,"[0.26, 0.28, 0.24, 0.22]","[[0, 0, 16, 18, 0, 0, 0, 0], [0, 1, 2, 3, 4, 5, 6, 7], [0, 13, 12, 14, 11, 10, 9, 8], [0, 0, 15, 17, 0, 0, 0, 0]]",0.072
757,0.0,7,"[[0.06, 0.1, 0.22, 0.17, 0.09, 0.03, 0.08], [0.24, 0.07, 0.1, 0.11, 0.11, 0.15, 0.16], [0.04, 0.05, 0.2, 0.13, 0.03, 0.1, 0.19], [0.2, 0.09, 0.17, 0.15, 0.2, 0.1, 0.15]]",0.13,0.15,38,"[0.01, 0.1, 0.04, 0.85]","[[0, 10, 0, 0, 0, 0, 16, 13], [0, 1, 3, 2, 7, 4, 5, 6], [0, 8, 0, 0, 0, 0, 14, 11], [0, 9, 0, 0, 0, 0, 15, 12]]",0.072
758,0.0,3,"[[0.12, 0.17, 0.14, 0.13, 0.11, 0.07, 0.23], [0.21, 0.03, 0.18, 0.17, 0.22, 0.07, 0.12], [0.06, 0.15, 0.14, 0.1, 0.11, 0.15, 0.22], [0.13, 0.03, 0.18, 0.17, 0.07, 0.25, 0.1]]",0.13,0.18,38,"[0.39, 0.18, 0.15, 0.28]","[[0, 13, 0, 16, 0, 10, 0, 0], [0, 1, 2, 3, 4, 5, 6, 7], [0, 11, 0, 14, 0, 8, 0, 0], [0, 12, 0, 15, 0, 9, 0, 0]]",0.072
759,0.0,4,"[[0.2, 0.21, 0.23, 0.23, 0.18, 0.14, 0.22], [0.2, 0.22, 0.22, 0.25, 0.05, 0.12, 0.09], [0.02, 0.05, 0.07, 0.23, 0.14, 0.19, 0.02], [0.12, 0.1, 0.13, 0.23, 0.18, 0.06, 0.24]]",0.13,0.23,38,"[0.08, 0.03, 0.87, 0.02]","[[0, 0, 0, 13, 10, 0, 0, 0], [0, 1, 2, 3, 4, 5, 6, 7], [0, 0, 0, 11, 8, 0, 0, 0], [0, 0, 0, 12, 9, 0, 0, 0]]",0.072
760,0.01,5,"[[6.2, 4.19, 3.44, 8.27, 6.51, 4.65, 4.01], [2.89, 4.13, 4.82, 8.89, 9.25, 0.96, 6.04], [8.8, 2.84, 4.5, 4.81, 3.19, 0.46, 7.31], [5.12, 1.87, 1.91, 7.0, 2.08, 5.06, 2.86]]",5.0,6.51,39,"[0.15, 0.21, 0.3, 0.34]","[[0, 0, 0, 0, 0, 0, 0, 0], [0, 0, 0, 0, 0, 0, 0, 0], [0, 2, 0, 0, 0, 3, 0, 5], [0, 1, 0, 0, 0, 4, 0, 6]]",2.994
761,0.01,1,"[[7.17, 3.46, 5.58, 3.93, 3.7, 2.49, 5.53], [9.77, 5.93, 5.47, 2.25, 8.04, 7.17, 0.39], [7.48, 1.53, 5.91, 7.74, 1.59, 6.73, 3.86], [5.1, 6.8, 2.11, 7.09, 7.57, 6.62, 8.34]]",5.0,7.17,39,"[0.88, 0.05, 0.05, 0.02]","[[0, 2, 0, 0, 0, 1, 0, 0], [0, 0, 5, 0, 0, 0, 0, 0], [0, 3, 0, 0, 0, 4, 0, 0], [0, 0, 6, 0, 0, 0, 0, 0]]",2.994
762,0.01,7,"[[2.44, 7.36, 6.46, 5.15, 7.43, 1.32, 0.71], [3.96, 8.36, 4.6, 6.91, 2.69, 5.0, 1.64], [8.24, 5.23, 2.67, 1.92, 6.03, 2.88, 7.54], [1.43, 5.93, 6.77, 1.1, 3.47, 5.78, 6.1]]",5.0,7.54,39,"[0.02, 0.06, 0.89, 0.03]","[[0, 0, 0, 0, 0, 0, 0, 0], [0, 3, 0, 5, 0, 4, 0, 0], [0, 2, 0, 0, 0, 1, 0, 0], [0, 0, 0, 0, 0, 0, 0, 6]]",2.994
763,0.01,1,"[[8.51, 2.86, 5.22, 3.29, 7.8, 7.12, 2.91], [7.85, 5.63, 4.76, 5.73, 4.36, 4.99, 0.21], [1.1, 2.64, 4.86, 7.57, 7.15, 0.31, 2.34], [6.38, 5.91, 3.08, 6.0, 7.58, 3.85, 6.26]]",5.0,6.38,39,"[0.19, 0.32, 0.23, 0.26]","[[0, 0, 0, 0, 0, 0, 0, 0], [0, 2, 0, 5, 0, 3, 0, 6], [0, 0, 0, 0, 0, 0, 0, 0], [0, 1, 0, 0, 0, 4, 0, 0]]",2.994
764,0.01,2,"[[9.88, 3.37, 6.84, 6.02, 5.72, 2.47, 6.83], [4.66, 3.57, 1.89, 8.02, 4.52, 4.58, 0.56], [5.57, 8.71, 8.98, 7.3, 1.41, 5.09, 6.3], [2.79, 3.58, 9.87, 3.61, 3.51, 7.13, 2.78]]",5.0,3.58,39,"[0.02, 0.05, 0.05, 0.88]","[[0, 0, 0, 0, 0, 0, 0, 0], [0, 0, 0, 0, 0, 0, 0, 0], [0, 0, 0, 0, 0, 5, 0, 0], [0, 1, 4, 0, 3, 0, 0, 2]]",2.994
765,0.01,2,"[[5.11, 2.17, 0.1, 9.47, 2.73, 6.4, 3.36], [4.31, 7.26, 6.36, 8.48, 2.98, 4.68, 5.77], [8.38, 2.0, 6.14, 7.53, 4.7, 1.99, 1.53], [7.09, 5.94, 3.03, 5.37, 2.51, 3.9, 2.79]]",5.0,5.94,39,"[0.31, 0.35, 0.15, 0.19]","[[0, 0, 0, 0, 0, 0, 0, 0], [0, 0, 3, 0, 0, 1, 0, 0], [0, 0, 0, 0, 0, 0, 0, 0], [0, 0, 4, 0, 0, 2, 0, 0]]",2.994
766,0.01,5,"[[3.95, 8.96, 8.28, 6.18, 7.02, 4.65, 4.21], [7.39, 4.82, 4.44, 1.73, 7.35, 9.66, 2.04], [6.67, 2.62, 2.43, 7.24, 6.32, 7.33, 5.82], [4.75, 4.96, 2.68, 1.71, 6.22, 1.58, 9.11]]",5.0,7.02,39,"[0.25, 0.24, 0.28, 0.23]","[[0, 0, 0, 0, 0, 2, 0, 0], [0, 0, 4, 0, 0, 1, 0, 5], [0, 0, 0, 0, 0, 0, 0, 0], [0, 0, 0, 0, 0, 3, 0, 0]]",2.994
767,0.01,4,"[[5.93, 4.61, 6.44, 6.58, 0.77, 6.66, 0.58], [1.24, 4.91, 5.63, 0.45, 3.38, 4.94, 3.12], [7.83, 1.4, 2.04, 7.87, 6.09, 6.31, 5.4], [6.34, 6.33, 4.75, 6.81, 8.3, 6.3, 9.27]]",5.0,7.87,39,"[0.01, 0.1, 0.87, 0.02]","[[0, 0, 4, 0, 0, 2, 0, 0], [0, 0, 0, 0, 0, 0, 0, 0], [0, 0, 3, 0, 0, 1, 0, 0], [0, 0, 0, 0, 5, 0, 0, 0]]",2.994
768,0.01,3,"[[5.12, 1.51, 5.2, 6.71, 2.69, 8.45, 7.56], [1.26, 6.81, 6.02, 6.85, 3.83, 2.04, 5.15], [0.77, 1.29, 6.67, 1.6, 1.63, 0.54, 0.89], [4.2, 5.58, 3.29, 3.97, 3.54, 6.37, 4.95]]",5.0,6.02,39,"[0.21, 0.27, 0.19, 0.33]","[[0, 0, 0, 4, 0, 0, 0, 0], [0, 5, 0, 3, 0, 0, 0, 0], [0, 0, 0, 0, 0, 2, 0, 0], [0, 0, 0, 0, 0, 1, 0, 0]]",2.994
769,0.01,2,"[[1.63, 4.7, 3.32, 2.64, 8.47, 3.24, 4.54], [8.67, 5.47, 1.74, 1.77, 1.06, 7.43, 3.25], [4.05, 4.33, 1.96, 6.68, 6.28, 9.52, 7.64], [3.95, 5.24, 1.85, 2.91, 0.64, 2.21, 1.85]]",5.0,5.47,39,"[0.05, 0.89, 0.05, 0.01]","[[0, 0, 4, 0, 0, 2, 0, 0], [0, 0, 3, 5, 0, 1, 0, 0], [0, 0, 0, 0, 0, 0, 0, 0], [0, 0, 0, 0, 0, 0, 0, 0]]",2.994
770,0.01,2,"[[0.14, 0.07, 0.05, 0.18, 0.03, 0.01, 0.18], [0.19, 0.23, 0.07, 0.1, 0.08, 0.19, 0.2], [0.17, 0.24, 0.03, 0.21, 0.19, 0.07, 0.21], [0.14, 0.09, 0.21, 0.08, 0.19, 0.05, 0.09]]",0.13,0.24,39,"[0.15, 0.26, 0.26, 0.33]","[[0, 0, 0, 0, 0, 0, 0, 0], [0, 0, 1, 0, 0, 3, 0, 0], [0, 0, 0, 0, 0, 0, 0, 0], [0, 0, 2, 0, 0, 4, 0, 0]]",0.072
771,0.01,2,"[[0.08, 0.23, 0.11, 0.15, 0.14, 0.16, 0.07], [0.19, 0.17, 0.09, 0.16, 0.14, 0.09, 0.03], [0.13, 0.11, 0.24, 0.17, 0.14, 0.06, 0.15], [0.09, 0.17, 0.09, 0.17, 0.19, 0.1, 0.17]]",0.13,0.17,39,"[0.01, 0.02, 0.11, 0.86]","[[0, 0, 4, 0, 0, 0, 0, 0], [0, 0, 0, 0, 0, 1, 0, 0], [0, 0, 5, 0, 0, 0, 0, 0], [0, 0, 3, 0, 0, 2, 0, 0]]",0.072
772,0.01,7,"[[0.11, 0.17, 0.16, 0.1, 0.16, 0.08, 0.16], [0.14, 0.11, 0.1, 0.17, 0.15, 0.09, 0.15], [0.18, 0.13, 0.06, 0.09, 0.04, 0.12, 0.18], [0.24, 0.17, 0.23, 0.17, 0.08, 0.13, 0.06]]",0.13,0.15,39,"[0.26, 0.27, 0.3, 0.17]","[[0, 0, 0, 0, 0, 2, 0, 0], [0, 0, 3, 0, 0, 0, 0, 0], [0, 0, 4, 0, 0, 1, 0, 5], [0, 0, 0, 0, 0, 0, 0, 0]]",0.072
773,0.01,1,"[[0.11, 0.13, 0.2, 0.15, 0.12, 0.07, 0.12], [0.17, 0.14, 0.08, 0.03, 0.14, 0.12, 0.21], [0.15, 0.05, 0.06, 0.08, 0.07, 0.16, 0.13], [0.11, 0.11, 0.13, 0.18, 0.08, 0.12, 0.15]]",0.13,0.17,39,"[0.11, 0.38, 0.34, 0.17]","[[0, 2, 0, 0, 0, 4, 0, 0], [0, 1, 0, 5, 0, 3, 0, 0], [0, 0, 0, 0, 0, 0, 0, 0], [0, 0, 0, 0, 0, 0, 0, 0]]",0.072
774,0.01,5,"[[0.06, 0.22, 0.11, 0.12, 0.13, 0.09, 0.18], [0.2, 0.17, 0.05, 0.09, 0.17, 0.16, 0.24], [0.14, 0.03, 0.23, 0.14, 0.04, 0.13, 0.18], [0.16, 0.1, 0.17, 0.16, 0.14, 0.04, 0.05]]",0.13,0.13,39,"[0.87, 0.02, 0.1, 0.01]","[[0, 0, 0, 0, 0, 1, 0, 0], [0, 0, 0, 3, 0, 0, 0, 0], [0, 0, 0, 0, 0, 2, 0, 0], [0, 0, 0, 0, 0, 0, 0, 0]]",0.072
775,0.01,3,"[[0.08, 0.23, 0.16, 0.14, 0.22, 0.12, 0.2], [0.17, 0.2, 0.03, 0.17, 0.21, 0.17, 0.07], [0.08, 0.2, 0.14, 0.22, 0.1, 0.13, 0.17], [0.07, 0.12, 0.01, 0.11, 0.05, 0.12, 0.17]]",0.13,0.16,39,"[0.86, 0.03, 0.04, 0.07]","[[0, 0, 0, 1, 0, 0, 0, 0], [0, 0, 0, 0, 0, 0, 0, 0], [0, 0, 0, 0, 0, 2, 0, 0], [0, 0, 0, 0, 0, 0, 0, 0]]",0.072
776,0.01,2,"[[0.16, 0.11, 0.08, 0.09, 0.11, 0.11, 0.06], [0.14, 0.14, 0.15, 0.18, 0.2, 0.23, 0.09], [0.09, 0.18, 0.2, 0.13, 0.05, 0.16, 0.07], [0.08, 0.02, 0.16, 0.15, 0.1, 0.09, 0.12]]",0.13,0.18,39,"[0.08, 0.02, 0.89, 0.01]","[[0, 0, 0, 0, 0, 0, 0, 0], [0, 0, 0, 0, 0, 0, 0, 0], [0, 0, 0, 0, 0, 1, 0, 2], [0, 0, 0, 0, 0, 0, 0, 0]]",0.072
777,0.01,5,"[[0.18, 0.08, 0.14, 0.2, 0.12, 0.1, 0.1], [0.1, 0.05, 0.2, 0.13, 0.11, 0.09, 0.04], [0.15, 0.11, 0.22, 0.09, 0.14, 0.12, 0.12], [0.17, 0.01, 0.14, 0.05, 0.14, 0.07, 0.08]]",0.13,0.14,39,"[0.3, 0.22, 0.27, 0.21]","[[0, 0, 2, 0, 0, 1, 0, 3], [0, 0, 0, 0, 0, 0, 0, 0], [0, 0, 0, 0, 0, 0, 0, 0], [0, 0, 0, 0, 0, 0, 0, 0]]",0.072
778,0.01,5,"[[0.15, 0.2, 0.21, 0.14, 0.15, 0.21, 0.2], [0.1, 0.12, 0.15, 0.05, 0.19, 0.19, 0.19], [0.2, 0.18, 0.22, 0.07, 0.23, 0.17, 0.15], [0.25, 0.17, 0.14, 0.07, 0.06, 0.14, 0.21]]",0.13,0.19,39,"[0.33, 0.32, 0.13, 0.22]","[[0, 0, 0, 0, 0, 0, 0, 0], [0, 0, 0, 0, 0, 1, 0, 0], [0, 0, 0, 0, 0, 2, 0, 0], [0, 0, 0, 0, 0, 0, 0, 0]]",0.072
779,0.01,5,"[[0.12, 0.04, 0.15, 0.03, 0.12, 0.21, 0.16], [0.15, 0.15, 0.1, 0.11, 0.22, 0.11, 0.06], [0.06, 0.07, 0.19, 0.11, 0.05, 0.07, 0.16], [0.05, 0.12, 0.14, 0.09, 0.12, 0.13, 0.02]]",0.13,0.05,39,"[0.04, 0.05, 0.89, 0.02]","[[0, 0, 3, 0, 0, 2, 0, 0], [0, 0, 0, 0, 0, 0, 0, 0], [0, 0, 1, 0, 0, 0, 0, 0], [0, 0, 0, 0, 0, 0, 0, 0]]",0.072
780,0.01,3,"[[0.23, 0.06, 0.08, 0.13, 0.11, 0.05, 0.11], [0.17, 0.17, 0.17, 0.13, 0.09, 0.2, 0.07], [0.21, 0.11, 0.17, 0.05, 0.13, 0.11, 0.17], [0.16, 0.02, 0.2, 0.19, 0.23, 0.13, 0.13]]",0.13,0.2,40,"[0.24, 0.22, 0.21, 0.33]","[[0, 0, 0, 1, 0, 0, 0, 0], [0, 0, 0, 0, 2, 0, 0, 0], [0, 0, 0, 0, 0, 3, 0, 0], [0, 0, 0, 5, 4, 0, 0, 0]]",0.072
781,0.01,3,"[[0.11, 0.13, 0.2, 0.15, 0.12, 0.07, 0.12], [0.17, 0.14, 0.08, 0.03, 0.14, 0.12, 0.21], [0.15, 0.05, 0.06, 0.08, 0.07, 0.16, 0.13], [0.11, 0.11, 0.13, 0.18, 0.08, 0.12, 0.15]]",0.13,0.08,40,"[0.11, 0.38, 0.34, 0.17]","[[0, 0, 0, 1, 0, 0, 0, 0], [0, 0, 0, 0, 2, 0, 0, 0], [0, 0, 0, 0, 0, 0, 0, 4], [0, 0, 0, 0, 0, 3, 0, 0]]",0.072
782,0.01,2,"[[0.08, 0.08, 0.03, 0.08, 0.06, 0.11, 0.11], [0.21, 0.12, 0.16, 0.16, 0.17, 0.12, 0.08], [0.24, 0.22, 0.1, 0.12, 0.06, 0.2, 0.05], [0.13, 0.19, 0.1, 0.18, 0.14, 0.09, 0.16]]",0.13,0.12,40,"[0.12, 0.34, 0.21, 0.33]","[[0, 1, 0, 0, 0, 0, 0, 0], [0, 0, 0, 2, 0, 0, 4, 0], [0, 0, 0, 0, 3, 0, 0, 0], [0, 0, 0, 0, 0, 0, 0, 0]]",0.072
783,0.01,4,"[[0.05, 0.17, 0.08, 0.07, 0.16, 0.13, 0.05], [0.1, 0.16, 0.24, 0.2, 0.19, 0.19, 0.23], [0.18, 0.13, 0.06, 0.19, 0.17, 0.21, 0.13], [0.16, 0.18, 0.2, 0.12, 0.19, 0.08, 0.19]]",0.13,0.07,40,"[0.85, 0.1, 0.02, 0.03]","[[0, 0, 0, 0, 0, 0, 0, 0], [0, 0, 0, 0, 0, 0, 0, 0], [0, 0, 0, 0, 0, 0, 0, 0], [0, 0, 0, 0, 0, 0, 0, 0]]",0.072
784,0.01,2,"[[0.06, 0.22, 0.11, 0.12, 0.13, 0.09, 0.18], [0.2, 0.17, 0.05, 0.09, 0.17, 0.16, 0.24], [0.14, 0.03, 0.23, 0.14, 0.04, 0.13, 0.18], [0.16, 0.1, 0.17, 0.16, 0.14, 0.04, 0.05]]",0.13,0.22,40,"[0.87, 0.02, 0.1, 0.01]","[[0, 1, 0, 3, 2, 0, 0, 0], [0, 0, 0, 0, 0, 0, 0, 0], [0, 0, 0, 0, 0, 0, 0, 0], [0, 0, 0, 4, 0, 0, 0, 0]]",0.072
785,0.01,3,"[[0.02, 0.18, 0.09, 0.13, 0.07, 0.12, 0.08], [0.15, 0.12, 0.24, 0.14, 0.1, 0.01, 0.14], [0.2, 0.14, 0.24, 0.13, 0.22, 0.23, 0.18], [0.11, 0.21, 0.18, 0.07, 0.12, 0.14, 0.14]]",0.13,0.09,40,"[0.85, 0.02, 0.03, 0.1]","[[0, 1, 0, 0, 0, 0, 0, 0], [0, 0, 0, 0, 0, 3, 0, 0], [0, 0, 0, 0, 0, 0, 0, 0], [0, 0, 0, 0, 2, 0, 0, 0]]",0.072
786,0.01,4,"[[0.12, 0.04, 0.15, 0.03, 0.12, 0.21, 0.16], [0.15, 0.15, 0.1, 0.11, 0.22, 0.11, 0.06], [0.06, 0.07, 0.19, 0.11, 0.05, 0.07, 0.16], [0.05, 0.12, 0.14, 0.09, 0.12, 0.13, 0.02]]",0.13,0.11,40,"[0.04, 0.05, 0.89, 0.02]","[[0, 0, 1, 0, 0, 0, 0, 0], [0, 0, 0, 0, 0, 0, 0, 0], [0, 0, 0, 2, 0, 3, 0, 0], [0, 0, 0, 0, 0, 0, 0, 0]]",0.072
787,0.01,2,"[[0.21, 0.18, 0.18, 0.07, 0.17, 0.09, 0.08], [0.07, 0.09, 0.01, 0.16, 0.02, 0.06, 0.25], [0.21, 0.16, 0.24, 0.08, 0.24, 0.16, 0.09], [0.17, 0.08, 0.18, 0.24, 0.11, 0.09, 0.22]]",0.13,0.09,40,"[0.21, 0.27, 0.2, 0.32]","[[0, 1, 0, 0, 0, 0, 0, 0], [0, 0, 0, 2, 0, 0, 0, 0], [0, 0, 0, 0, 0, 0, 0, 0], [0, 0, 0, 0, 0, 0, 0, 0]]",0.072
788,0.01,7,"[[0.16, 0.14, 0.08, 0.14, 0.11, 0.13, 0.09], [0.19, 0.11, 0.19, 0.08, 0.11, 0.19, 0.13], [0.21, 0.23, 0.11, 0.11, 0.1, 0.18, 0.03], [0.04, 0.14, 0.12, 0.13, 0.05, 0.04, 0.05]]",0.13,0.13,40,"[0.31, 0.22, 0.18, 0.29]","[[0, 0, 0, 0, 0, 0, 0, 0], [0, 0, 0, 0, 3, 0, 0, 0], [0, 0, 0, 2, 0, 0, 0, 0], [0, 0, 1, 0, 0, 0, 0, 0]]",0.072
789,0.01,5,"[[0.08, 0.23, 0.16, 0.14, 0.22, 0.12, 0.2], [0.17, 0.2, 0.03, 0.17, 0.21, 0.17, 0.07], [0.08, 0.2, 0.14, 0.22, 0.1, 0.13, 0.17], [0.07, 0.12, 0.01, 0.11, 0.05, 0.12, 0.17]]",0.13,0.22,40,"[0.86, 0.03, 0.04, 0.07]","[[0, 0, 1, 0, 0, 0, 0, 2], [0, 0, 0, 0, 0, 0, 0, 0], [0, 0, 0, 0, 0, 0, 3, 0], [0, 0, 0, 0, 0, 0, 0, 0]]",0.072
790,0.01,3,"[[7.04, 7.27, 1.99, 4.87, 6.53, 6.34, 1.47], [5.29, 2.16, 9.06, 4.67, 7.92, 5.41, 7.56], [6.95, 5.35, 1.7, 4.81, 6.84, 1.21, 8.92], [6.63, 5.53, 4.35, 1.42, 5.69, 5.92, 4.12]]",5.0,9.06,40,"[0.07, 0.87, 0.03, 0.03]","[[0, 0, 0, 0, 2, 0, 0, 0], [0, 1, 0, 0, 0, 0, 0, 0], [0, 0, 0, 0, 0, 0, 0, 0], [0, 0, 0, 0, 0, 0, 0, 0]]",2.994
791,0.01,3,"[[6.2, 4.19, 3.44, 8.27, 6.51, 4.65, 4.01], [2.89, 4.13, 4.82, 8.89, 9.25, 0.96, 6.04], [8.8, 2.84, 4.5, 4.81, 3.19, 0.46, 7.31], [5.12, 1.87, 1.91, 7.0, 2.08, 5.06, 2.86]]",5.0,4.5,40,"[0.15, 0.21, 0.3, 0.34]","[[0, 0, 1, 0, 0, 0, 0, 0], [0, 0, 0, 0, 0, 0, 0, 0], [0, 0, 0, 0, 0, 0, 0, 0], [0, 0, 0, 0, 2, 0, 0, 0]]",2.994
792,0.01,4,"[[5.97, 8.23, 1.24, 7.62, 4.62, 4.29, 5.98], [8.29, 4.65, 5.55, 1.01, 2.98, 8.74, 8.92], [1.93, 2.81, 4.79, 6.01, 7.29, 6.55, 4.48], [9.09, 1.98, 6.38, 4.5, 3.08, 5.26, 4.47]]",5.0,7.62,40,"[0.86, 0.01, 0.12, 0.01]","[[0, 0, 0, 0, 0, 1, 0, 0], [0, 0, 0, 2, 0, 0, 0, 0], [0, 0, 3, 0, 0, 0, 0, 0], [0, 0, 0, 0, 0, 0, 0, 0]]",2.994
793,0.01,3,"[[5.16, 3.84, 2.97, 6.89, 7.92, 3.02, 6.81], [6.93, 3.64, 5.33, 8.47, 3.82, 8.88, 7.83], [4.51, 5.38, 9.21, 3.79, 4.77, 9.29, 4.59], [3.55, 8.48, 4.66, 2.28, 3.95, 2.95, 5.67]]",5.0,2.97,40,"[0.86, 0.08, 0.05, 0.01]","[[0, 0, 0, 0, 1, 0, 3, 0], [0, 0, 0, 0, 0, 0, 0, 0], [0, 0, 2, 0, 0, 0, 0, 0], [0, 0, 0, 0, 0, 0, 0, 0]]",2.994
794,0.01,3,"[[9.88, 3.37, 6.84, 6.02, 5.72, 2.47, 6.83], [4.66, 3.57, 1.89, 8.02, 4.52, 4.58, 0.56], [5.57, 8.71, 8.98, 7.3, 1.41, 5.09, 6.3], [2.79, 3.58, 9.87, 3.61, 3.51, 7.13, 2.78]]",5.0,9.87,40,"[0.02, 0.05, 0.05, 0.88]","[[0, 0, 0, 0, 1, 0, 0, 0], [0, 0, 0, 0, 0, 0, 0, 0], [0, 0, 0, 2, 0, 0, 0, 0], [0, 0, 0, 0, 0, 0, 0, 0]]",2.994
795,0.01,3,"[[5.92, 9.68, 5.15, 2.59, 5.89, 7.38, 2.85], [1.22, 5.64, 6.3, 3.82, 9.13, 6.51, 3.36], [6.72, 1.0, 8.86, 8.25, 8.82, 6.13, 4.12], [7.5, 7.75, 5.39, 3.9, 7.48, 3.23, 1.98]]",5.0,8.86,40,"[0.3, 0.17, 0.24, 0.29]","[[0, 0, 0, 0, 1, 0, 0, 4], [0, 0, 0, 0, 0, 0, 0, 0], [0, 0, 2, 0, 0, 0, 3, 0], [0, 0, 0, 0, 0, 0, 0, 0]]",2.994
796,0.01,4,"[[0.95, 2.78, 3.25, 5.38, 7.09, 3.77, 4.83], [7.13, 8.96, 5.39, 2.27, 8.34, 7.96, 4.55], [9.77, 5.61, 8.97, 8.09, 6.52, 2.37, 9.08], [8.52, 1.84, 1.06, 3.62, 0.7, 3.27, 0.14]]",5.0,5.38,40,"[0.85, 0.07, 0.07, 0.01]","[[0, 0, 0, 1, 0, 0, 0, 3], [0, 0, 0, 0, 0, 0, 2, 0], [0, 0, 0, 0, 0, 0, 0, 0], [0, 0, 0, 0, 0, 0, 0, 0]]",2.994
797,0.01,3,"[[3.95, 8.96, 8.28, 6.18, 7.02, 4.65, 4.21], [7.39, 4.82, 4.44, 1.73, 7.35, 9.66, 2.04], [6.67, 2.62, 2.43, 7.24, 6.32, 7.33, 5.82], [4.75, 4.96, 2.68, 1.71, 6.22, 1.58, 9.11]]",5.0,2.68,40,"[0.25, 0.24, 0.28, 0.23]","[[0, 0, 2, 0, 0, 0, 0, 0], [0, 0, 0, 0, 0, 1, 0, 0], [0, 0, 0, 0, 0, 0, 0, 0], [0, 0, 0, 0, 0, 0, 0, 0]]",2.994
798,0.01,4,"[[7.11, 5.78, 4.85, 4.33, 7.33, 7.89, 5.26], [5.95, 7.87, 3.44, 7.0, 6.97, 5.22, 6.26], [3.72, 9.35, 7.04, 6.38, 7.42, 6.47, 5.89], [5.94, 4.84, 1.39, 4.52, 3.41, 2.82, 3.73]]",5.0,4.33,40,"[0.33, 0.2, 0.24, 0.23]","[[0, 0, 0, 0, 0, 1, 0, 0], [0, 0, 0, 0, 0, 0, 0, 0], [0, 0, 0, 2, 0, 0, 0, 0], [0, 0, 0, 0, 0, 0, 0, 0]]",2.994
799,0.01,2,"[[2.67, 1.86, 1.79, 5.75, 3.59, 3.3, 1.49], [1.18, 8.77, 6.89, 4.16, 3.25, 3.0, 9.34], [1.75, 2.03, 4.01, 8.67, 5.48, 1.04, 6.3], [4.37, 0.5, 5.19, 4.46, 0.43, 0.13, 6.06]]",5.0,2.03,40,"[0.24, 0.23, 0.24, 0.29]","[[0, 1, 0, 0, 0, 0, 0, 0], [0, 0, 6, 5, 0, 0, 3, 0], [0, 0, 0, 0, 0, 0, 0, 4], [0, 0, 0, 0, 2, 0, 0, 0]]",2.994
800,0.01,2,"[[3.89, 7.03, 1.42, 3.85, 5.57, 3.85, 2.09], [1.42, 3.42, 3.49, 1.78, 8.76, 8.52, 6.88], [3.98, 7.53, 6.94, 2.68, 5.16, 4.6, 0.82], [7.43, 7.31, 6.36, 5.75, 9.0, 9.88, 3.78]]",5.0,7.03,41,"[0.86, 0.01, 0.02, 0.11]","[[0, 0, 1, 0, 0, 0, 0, 0], [0, 0, 0, 0, 0, 0, 0, 0], [0, 0, 0, 0, 0, 0, 0, 0], [0, 0, 0, 0, 0, 0, 0, 0]]",2.994
801,0.01,1,"[[5.11, 2.17, 0.1, 9.47, 2.73, 6.4, 3.36], [4.31, 7.26, 6.36, 8.48, 2.98, 4.68, 5.77], [8.38, 2.0, 6.14, 7.53, 4.7, 1.99, 1.53], [7.09, 5.94, 3.03, 5.37, 2.51, 3.9, 2.79]]",5.0,7.09,41,"[0.31, 0.35, 0.15, 0.19]","[[0, 3, 2, 0, 0, 0, 0, 0], [0, 1, 0, 0, 0, 0, 0, 0], [0, 0, 0, 0, 0, 0, 0, 0], [0, 0, 0, 0, 0, 0, 0, 0]]",2.994
802,0.01,6,"[[3.4, 2.14, 9.33, 2.59, 4.55, 1.09, 2.85], [2.69, 7.17, 4.91, 8.03, 6.07, 6.49, 2.28], [2.24, 5.15, 4.83, 2.39, 2.78, 7.43, 5.61], [3.01, 5.69, 6.66, 3.22, 3.6, 8.48, 3.28]]",5.0,7.43,41,"[0.07, 0.01, 0.9, 0.02]","[[0, 0, 0, 0, 0, 0, 0, 0], [0, 0, 0, 0, 0, 0, 0, 0], [0, 1, 0, 2, 0, 3, 4, 0], [0, 0, 0, 0, 0, 0, 0, 0]]",2.994
803,0.01,3,"[[7.91, 1.03, 5.87, 7.52, 6.88, 7.18, 6.1], [5.88, 5.55, 1.78, 3.0, 4.69, 4.52, 8.75], [5.71, 1.25, 6.22, 6.17, 8.38, 7.26, 4.32], [6.4, 8.88, 5.28, 4.23, 1.08, 0.7, 3.39]]",5.0,1.78,41,"[0.3, 0.18, 0.2, 0.32]","[[0, 0, 2, 7, 4, 0, 0, 0], [0, 0, 0, 0, 0, 0, 0, 0], [0, 0, 0, 0, 0, 0, 0, 0], [0, 0, 1, 6, 3, 5, 8, 9]]",2.994
804,0.01,5,"[[5.77, 3.99, 6.61, 4.81, 8.16, 4.87, 2.84], [5.38, 5.12, 5.88, 4.67, 7.45, 7.64, 1.41], [2.86, 1.79, 4.9, 7.89, 6.3, 3.05, 5.2], [5.28, 6.58, 1.34, 2.2, 4.69, 6.92, 5.01]]",5.0,7.45,41,"[0.34, 0.23, 0.11, 0.32]","[[0, 1, 2, 0, 4, 5, 8, 0], [0, 0, 0, 0, 0, 0, 0, 0], [0, 0, 0, 0, 0, 0, 0, 0], [0, 3, 0, 0, 0, 6, 7, 0]]",2.994
805,0.01,3,"[[7.29, 4.26, 4.93, 3.96, 3.34, 8.54, 6.49], [0.79, 3.44, 2.71, 8.71, 2.86, 7.09, 3.94], [9.61, 8.74, 7.3, 3.82, 1.83, 1.17, 5.37], [2.04, 1.98, 8.39, 1.63, 1.8, 1.97, 7.71]]",5.0,2.71,41,"[0.21, 0.28, 0.29, 0.22]","[[0, 0, 0, 10, 0, 0, 0, 0], [0, 2, 4, 9, 0, 0, 0, 0], [0, 1, 3, 8, 0, 5, 0, 0], [0, 0, 6, 7, 0, 0, 0, 0]]",2.994
806,0.01,1,"[[5.92, 9.68, 5.15, 2.59, 5.89, 7.38, 2.85], [1.22, 5.64, 6.3, 3.82, 9.13, 6.51, 3.36], [6.72, 1.0, 8.86, 8.25, 8.82, 6.13, 4.12], [7.5, 7.75, 5.39, 3.9, 7.48, 3.23, 1.98]]",5.0,7.5,41,"[0.3, 0.17, 0.24, 0.29]","[[0, 3, 0, 0, 0, 0, 0, 0], [0, 0, 0, 0, 0, 0, 0, 0], [0, 2, 0, 0, 0, 0, 0, 0], [0, 1, 0, 0, 0, 0, 0, 0]]",2.994
807,0.01,5,"[[6.19, 1.85, 1.16, 4.28, 2.66, 3.25, 7.93], [4.16, 3.03, 5.34, 3.93, 5.82, 4.05, 2.14], [6.53, 8.89, 6.73, 7.28, 2.75, 0.6, 4.09], [4.95, 6.55, 6.81, 6.9, 1.07, 2.2, 5.26]]",5.0,2.66,41,"[0.03, 0.86, 0.04, 0.07]","[[0, 0, 0, 0, 0, 0, 0, 0], [0, 1, 2, 3, 4, 5, 6, 7], [0, 0, 0, 0, 0, 0, 0, 0], [0, 0, 0, 0, 0, 0, 0, 0]]",2.994
808,0.01,7,"[[0.94, 9.58, 9.58, 1.68, 3.99, 3.26, 9.98], [7.2, 6.69, 3.6, 6.35, 1.28, 0.52, 9.84], [4.59, 4.33, 3.41, 2.69, 0.89, 3.28, 2.91], [7.61, 5.48, 8.81, 6.78, 0.6, 7.91, 3.87]]",5.0,9.84,41,"[0.01, 0.89, 0.08, 0.02]","[[0, 0, 0, 0, 0, 0, 0, 0], [0, 1, 2, 0, 0, 0, 0, 3], [0, 0, 0, 0, 0, 0, 0, 0], [0, 0, 0, 0, 0, 0, 0, 0]]",2.994
809,0.01,3,"[[3.25, 0.97, 8.64, 8.18, 2.13, 6.22, 0.77], [5.88, 7.57, 5.25, 3.43, 6.13, 3.52, 3.61], [5.54, 4.65, 8.68, 9.8, 7.31, 3.42, 4.37], [7.14, 2.83, 7.59, 3.91, 6.6, 1.41, 1.96]]",5.0,7.59,41,"[0.06, 0.03, 0.01, 0.9]","[[0, 0, 0, 0, 0, 0, 0, 0], [0, 0, 0, 0, 0, 0, 0, 0], [0, 0, 0, 0, 0, 0, 0, 0], [0, 2, 5, 4, 3, 6, 7, 1]]",2.994
810,0.01,7,"[[0.08, 0.23, 0.16, 0.14, 0.22, 0.12, 0.2], [0.17, 0.2, 0.03, 0.17, 0.21, 0.17, 0.07], [0.08, 0.2, 0.14, 0.22, 0.1, 0.13, 0.17], [0.07, 0.12, 0.01, 0.11, 0.05, 0.12, 0.17]]",0.13,0.2,41,"[0.86, 0.03, 0.04, 0.07]","[[0, 1, 0, 0, 0, 0, 0, 2], [0, 0, 0, 0, 0, 0, 0, 0], [0, 0, 0, 0, 0, 0, 0, 0], [0, 0, 0, 0, 0, 0, 0, 0]]",0.072
811,0.01,2,"[[0.1, 0.22, 0.11, 0.07, 0.15, 0.15, 0.08], [0.22, 0.14, 0.05, 0.13, 0.2, 0.14, 0.2], [0.02, 0.25, 0.2, 0.08, 0.15, 0.02, 0.07], [0.11, 0.1, 0.17, 0.14, 0.2, 0.08, 0.11]]",0.13,0.22,41,"[0.87, 0.08, 0.02, 0.03]","[[0, 1, 5, 4, 2, 0, 0, 3], [0, 0, 0, 0, 0, 0, 0, 0], [0, 0, 0, 0, 0, 0, 0, 0], [0, 0, 0, 0, 0, 0, 0, 0]]",0.072
812,0.01,4,"[[0.04, 0.14, 0.09, 0.06, 0.18, 0.1, 0.07], [0.09, 0.13, 0.01, 0.23, 0.07, 0.19, 0.05], [0.08, 0.2, 0.08, 0.21, 0.07, 0.04, 0.22], [0.12, 0.1, 0.09, 0.18, 0.18, 0.04, 0.15]]",0.13,0.18,41,"[0.05, 0.03, 0.07, 0.85]","[[0, 0, 0, 0, 0, 0, 0, 0], [0, 0, 0, 0, 0, 0, 0, 0], [0, 0, 0, 0, 0, 0, 0, 0], [0, 0, 0, 0, 1, 0, 0, 0]]",0.072
813,0.01,2,"[[0.15, 0.2, 0.21, 0.14, 0.15, 0.21, 0.2], [0.1, 0.12, 0.15, 0.05, 0.19, 0.19, 0.19], [0.2, 0.18, 0.22, 0.07, 0.23, 0.17, 0.15], [0.25, 0.17, 0.14, 0.07, 0.06, 0.14, 0.21]]",0.13,0.2,41,"[0.33, 0.32, 0.13, 0.22]","[[0, 0, 1, 0, 0, 0, 0, 0], [0, 0, 0, 0, 0, 0, 0, 0], [0, 0, 0, 0, 0, 0, 0, 0], [0, 0, 0, 0, 0, 0, 0, 0]]",0.072
814,0.01,4,"[[0.22, 0.12, 0.18, 0.2, 0.04, 0.04, 0.16], [0.19, 0.18, 0.17, 0.17, 0.18, 0.2, 0.15], [0.03, 0.13, 0.18, 0.12, 0.17, 0.16, 0.08], [0.21, 0.09, 0.16, 0.11, 0.25, 0.1, 0.16]]",0.13,0.11,41,"[0.34, 0.12, 0.22, 0.32]","[[0, 0, 0, 0, 1, 0, 0, 0], [0, 0, 0, 0, 0, 0, 0, 0], [0, 0, 0, 0, 0, 0, 0, 0], [0, 0, 0, 0, 0, 0, 0, 0]]",0.072
815,0.01,5,"[[0.14, 0.15, 0.11, 0.2, 0.03, 0.13, 0.04], [0.03, 0.07, 0.1, 0.21, 0.1, 0.13, 0.08], [0.14, 0.03, 0.06, 0.05, 0.15, 0.08, 0.09], [0.13, 0.08, 0.16, 0.01, 0.21, 0.09, 0.05]]",0.13,0.15,41,"[0.06, 0.03, 0.86, 0.05]","[[0, 0, 0, 0, 0, 0, 0, 0], [0, 0, 0, 0, 0, 0, 0, 0], [0, 3, 7, 4, 2, 6, 5, 1], [0, 0, 0, 0, 0, 0, 0, 0]]",0.072
816,0.01,1,"[[0.11, 0.13, 0.2, 0.15, 0.12, 0.07, 0.12], [0.17, 0.14, 0.08, 0.03, 0.14, 0.12, 0.21], [0.15, 0.05, 0.06, 0.08, 0.07, 0.16, 0.13], [0.11, 0.11, 0.13, 0.18, 0.08, 0.12, 0.15]]",0.13,0.15,41,"[0.11, 0.38, 0.34, 0.17]","[[0, 0, 0, 0, 0, 0, 0, 0], [0, 0, 0, 0, 0, 0, 0, 0], [0, 3, 0, 4, 1, 0, 0, 2], [0, 0, 0, 0, 0, 0, 0, 0]]",0.072
817,0.01,7,"[[0.07, 0.07, 0.17, 0.05, 0.08, 0.18, 0.15], [0.19, 0.17, 0.06, 0.13, 0.2, 0.13, 0.2], [0.08, 0.18, 0.04, 0.21, 0.15, 0.15, 0.18], [0.06, 0.08, 0.09, 0.02, 0.12, 0.19, 0.09]]",0.13,0.15,41,"[0.31, 0.27, 0.19, 0.23]","[[0, 0, 0, 0, 0, 1, 0, 2], [0, 0, 0, 0, 0, 0, 0, 0], [0, 0, 0, 0, 0, 0, 0, 0], [0, 0, 0, 0, 0, 0, 0, 0]]",0.072
818,0.01,4,"[[0.11, 0.22, 0.08, 0.2, 0.14, 0.03, 0.13], [0.17, 0.02, 0.02, 0.09, 0.21, 0.16, 0.15], [0.09, 0.18, 0.16, 0.17, 0.05, 0.09, 0.1], [0.18, 0.05, 0.09, 0.19, 0.24, 0.18, 0.12]]",0.13,0.19,41,"[0.33, 0.18, 0.11, 0.38]","[[0, 0, 0, 0, 0, 0, 0, 0], [0, 0, 0, 0, 0, 0, 0, 0], [0, 0, 0, 0, 0, 0, 0, 0], [0, 2, 0, 0, 3, 0, 0, 1]]",0.072
819,0.01,2,"[[0.02, 0.18, 0.09, 0.13, 0.07, 0.12, 0.08], [0.15, 0.12, 0.24, 0.14, 0.1, 0.01, 0.14], [0.2, 0.14, 0.24, 0.13, 0.22, 0.23, 0.18], [0.11, 0.21, 0.18, 0.07, 0.12, 0.14, 0.14]]",0.13,0.18,41,"[0.85, 0.02, 0.03, 0.1]","[[0, 0, 3, 0, 1, 0, 2, 0], [0, 0, 0, 0, 0, 0, 0, 0], [0, 0, 0, 0, 0, 0, 0, 0], [0, 0, 0, 0, 0, 0, 0, 0]]",0.072
820,0.0,3,"[[3.74, 4.35, 1.03, 5.02, 2.48, 7.72, 3.91], [9.52, 3.82, 4.46, 2.55, 5.65, 6.25, 0.76], [2.96, 5.49, 2.32, 7.63, 0.35, 8.21, 6.51], [4.09, 2.1, 9.56, 8.08, 0.89, 1.16, 4.1]]",5.0,9.56,42,"[0.04, 0.08, 0.02, 0.86]","[[0, 0, 0, 9, 10, 0, 0, 0], [0, 0, 0, 8, 0, 0, 0, 0], [0, 0, 0, 0, 0, 0, 0, 0], [0, 1, 2, 3, 4, 5, 6, 7]]",2.994
821,0.0,7,"[[5.28, 9.9, 6.81, 1.61, 2.79, 8.92, 6.09], [3.46, 6.68, 6.44, 3.71, 3.55, 0.25, 8.07], [6.52, 2.17, 8.0, 8.5, 5.35, 1.81, 3.32], [5.89, 1.86, 6.44, 5.29, 3.29, 8.96, 7.12]]",5.0,8.07,42,"[0.23, 0.3, 0.24, 0.23]","[[0, 0, 0, 0, 0, 0, 0, 9], [0, 3, 2, 1, 4, 5, 6, 7], [0, 0, 0, 0, 0, 0, 11, 10], [0, 0, 0, 0, 0, 0, 0, 8]]",2.994
822,0.0,4,"[[5.11, 2.17, 0.1, 9.47, 2.73, 6.4, 3.36], [4.31, 7.26, 6.36, 8.48, 2.98, 4.68, 5.77], [8.38, 2.0, 6.14, 7.53, 4.7, 1.99, 1.53], [7.09, 5.94, 3.03, 5.37, 2.51, 3.9, 2.79]]",5.0,9.47,42,"[0.31, 0.35, 0.15, 0.19]","[[0, 8, 9, 10, 11, 12, 13, 14], [0, 1, 2, 3, 4, 5, 6, 7], [0, 0, 0, 0, 0, 0, 0, 0], [0, 0, 0, 0, 0, 0, 0, 0]]",2.994
823,0.0,6,"[[8.02, 3.92, 3.11, 4.49, 4.13, 7.86, 3.71], [5.5, 3.12, 4.78, 4.63, 5.83, 9.55, 5.01], [6.87, 6.07, 1.32, 5.58, 8.22, 5.74, 5.54], [4.62, 3.36, 5.75, 5.59, 2.34, 1.7, 6.64]]",5.0,1.7,42,"[0.25, 0.27, 0.24, 0.24]","[[0, 1, 2, 3, 4, 5, 6, 7], [0, 8, 9, 10, 11, 12, 13, 14], [0, 0, 0, 0, 0, 0, 0, 0], [0, 0, 0, 0, 0, 0, 0, 0]]",2.994
824,0.0,1,"[[7.91, 1.03, 5.87, 7.52, 6.88, 7.18, 6.1], [5.88, 5.55, 1.78, 3.0, 4.69, 4.52, 8.75], [5.71, 1.25, 6.22, 6.17, 8.38, 7.26, 4.32], [6.4, 8.88, 5.28, 4.23, 1.08, 0.7, 3.39]]",5.0,5.71,42,"[0.3, 0.18, 0.2, 0.32]","[[0, 1, 2, 3, 4, 7, 5, 6], [0, 16, 0, 15, 0, 0, 0, 0], [0, 17, 0, 18, 0, 0, 0, 0], [0, 8, 9, 10, 11, 12, 14, 13]]",2.994
825,0.0,4,"[[7.32, 4.38, 4.99, 7.76, 5.0, 5.94, 2.36], [8.4, 3.61, 8.45, 4.23, 7.02, 4.36, 9.23], [1.69, 3.23, 3.54, 3.86, 3.72, 2.06, 0.61], [7.94, 7.02, 6.73, 4.28, 8.5, 0.13, 2.63]]",5.0,7.76,42,"[0.85, 0.03, 0.11, 0.01]","[[0, 1, 2, 3, 4, 5, 6, 7], [0, 0, 0, 0, 0, 0, 0, 0], [0, 8, 9, 10, 11, 12, 13, 14], [0, 0, 0, 0, 0, 0, 0, 0]]",2.994
826,0.0,6,"[[3.4, 2.14, 9.33, 2.59, 4.55, 1.09, 2.85], [2.69, 7.17, 4.91, 8.03, 6.07, 6.49, 2.28], [2.24, 5.15, 4.83, 2.39, 2.78, 7.43, 5.61], [3.01, 5.69, 6.66, 3.22, 3.6, 8.48, 3.28]]",5.0,7.43,42,"[0.07, 0.01, 0.9, 0.02]","[[0, 8, 9, 10, 11, 12, 13, 14], [0, 0, 0, 0, 0, 0, 0, 0], [0, 1, 2, 3, 4, 5, 6, 7], [0, 0, 0, 0, 0, 0, 0, 0]]",2.994
827,0.0,4,"[[3.95, 8.96, 8.28, 6.18, 7.02, 4.65, 4.21], [7.39, 4.82, 4.44, 1.73, 7.35, 9.66, 2.04], [6.67, 2.62, 2.43, 7.24, 6.32, 7.33, 5.82], [4.75, 4.96, 2.68, 1.71, 6.22, 1.58, 9.11]]",5.0,1.71,42,"[0.25, 0.24, 0.28, 0.23]","[[0, 8, 9, 10, 11, 12, 13, 14], [0, 0, 0, 0, 15, 0, 0, 0], [0, 1, 2, 3, 4, 5, 6, 7], [0, 0, 0, 0, 16, 0, 0, 0]]",2.994
828,0.0,3,"[[3.25, 0.97, 8.64, 8.18, 2.13, 6.22, 0.77], [5.88, 7.57, 5.25, 3.43, 6.13, 3.52, 3.61], [5.54, 4.65, 8.68, 9.8, 7.31, 3.42, 4.37], [7.14, 2.83, 7.59, 3.91, 6.6, 1.41, 1.96]]",5.0,7.59,42,"[0.06, 0.03, 0.01, 0.9]","[[0, 8, 9, 10, 11, 12, 13, 14], [0, 0, 0, 15, 0, 0, 0, 0], [0, 0, 0, 16, 0, 0, 0, 0], [0, 1, 2, 3, 4, 5, 6, 7]]",2.994
829,0.0,2,"[[0.72, 5.25, 9.97, 4.85, 8.58, 2.57, 9.15], [5.48, 9.36, 2.36, 9.25, 3.72, 4.76, 6.74], [7.14, 7.36, 2.91, 4.13, 7.03, 8.48, 0.38], [5.84, 6.37, 7.56, 3.71, 4.02, 2.93, 0.09]]",5.0,9.36,42,"[0.03, 0.85, 0.06, 0.06]","[[0, 0, 0, 0, 0, 0, 0, 0], [0, 1, 2, 3, 4, 5, 6, 7], [0, 19, 17, 15, 13, 11, 10, 8], [0, 20, 18, 16, 14, 12, 9, 0]]",2.994
830,0.0,2,"[[0.05, 0.08, 0.17, 0.15, 0.22, 0.07, 0.07], [0.06, 0.1, 0.12, 0.11, 0.19, 0.16, 0.05], [0.19, 0.16, 0.13, 0.06, 0.18, 0.04, 0.24], [0.15, 0.24, 0.11, 0.13, 0.14, 0.03, 0.01]]",0.13,0.08,42,"[0.86, 0.01, 0.05, 0.08]","[[0, 1, 2, 3, 4, 5, 6, 7], [0, 0, 0, 0, 0, 0, 0, 0], [0, 0, 0, 0, 0, 0, 0, 0], [0, 8, 9, 0, 0, 0, 0, 0]]",0.072
831,0.0,2,"[[0.14, 0.16, 0.16, 0.21, 0.14, 0.04, 0.08], [0.06, 0.2, 0.17, 0.04, 0.15, 0.07, 0.15], [0.13, 0.19, 0.14, 0.02, 0.08, 0.23, 0.1], [0.15, 0.03, 0.13, 0.07, 0.13, 0.07, 0.19]]",0.13,0.2,42,"[0.26, 0.28, 0.24, 0.22]","[[0, 3, 4, 5, 7, 10, 11, 14], [0, 1, 2, 8, 6, 9, 12, 13], [0, 0, 0, 0, 0, 0, 0, 0], [0, 0, 0, 0, 0, 0, 0, 0]]",0.072
832,0.0,7,"[[0.21, 0.18, 0.18, 0.07, 0.17, 0.09, 0.08], [0.07, 0.09, 0.01, 0.16, 0.02, 0.06, 0.25], [0.21, 0.16, 0.24, 0.08, 0.24, 0.16, 0.09], [0.17, 0.08, 0.18, 0.24, 0.11, 0.09, 0.22]]",0.13,0.22,42,"[0.21, 0.27, 0.2, 0.32]","[[0, 0, 0, 0, 0, 0, 0, 15], [0, 2, 3, 6, 7, 10, 11, 14], [0, 0, 0, 0, 0, 0, 0, 16], [0, 1, 4, 5, 8, 9, 12, 13]]",0.072
833,0.0,5,"[[0.07, 0.16, 0.11, 0.2, 0.2, 0.19, 0.16], [0.15, 0.22, 0.24, 0.17, 0.18, 0.12, 0.12], [0.11, 0.16, 0.11, 0.12, 0.21, 0.06, 0.16], [0.17, 0.22, 0.15, 0.11, 0.24, 0.11, 0.17]]",0.13,0.2,42,"[0.09, 0.03, 0.01, 0.87]","[[0, 2, 3, 6, 7, 10, 14, 13], [0, 0, 0, 0, 0, 15, 0, 0], [0, 0, 0, 0, 0, 16, 0, 0], [0, 1, 4, 5, 8, 9, 11, 12]]",0.072
834,0.0,7,"[[0.17, 0.04, 0.18, 0.09, 0.04, 0.16, 0.22], [0.22, 0.14, 0.04, 0.11, 0.04, 0.23, 0.13], [0.09, 0.1, 0.01, 0.06, 0.15, 0.17, 0.05], [0.04, 0.06, 0.1, 0.03, 0.1, 0.03, 0.15]]",0.13,0.13,42,"[0.35, 0.15, 0.13, 0.37]","[[0, 1, 4, 5, 8, 9, 12, 13], [0, 0, 0, 17, 0, 0, 0, 15], [0, 0, 0, 18, 0, 0, 0, 16], [0, 2, 3, 6, 7, 10, 11, 14]]",0.072
835,0.0,7,"[[0.08, 0.23, 0.16, 0.14, 0.22, 0.12, 0.2], [0.17, 0.2, 0.03, 0.17, 0.21, 0.17, 0.07], [0.08, 0.2, 0.14, 0.22, 0.1, 0.13, 0.17], [0.07, 0.12, 0.01, 0.11, 0.05, 0.12, 0.17]]",0.13,0.2,42,"[0.86, 0.03, 0.04, 0.07]","[[0, 1, 3, 6, 7, 8, 9, 10], [0, 0, 0, 0, 0, 0, 0, 15], [0, 0, 0, 0, 0, 0, 0, 16], [0, 2, 4, 5, 14, 13, 12, 11]]",0.072
836,0.0,3,"[[0.18, 0.08, 0.14, 0.2, 0.12, 0.1, 0.1], [0.1, 0.05, 0.2, 0.13, 0.11, 0.09, 0.04], [0.15, 0.11, 0.22, 0.09, 0.14, 0.12, 0.12], [0.17, 0.01, 0.14, 0.05, 0.14, 0.07, 0.08]]",0.13,0.22,42,"[0.3, 0.22, 0.27, 0.21]","[[0, 1, 4, 9, 10, 15, 16, 21], [0, 3, 5, 8, 11, 14, 17, 20], [0, 2, 6, 7, 12, 13, 18, 19], [0, 0, 0, 22, 0, 0, 0, 0]]",0.072
837,0.0,4,"[[0.2, 0.21, 0.23, 0.23, 0.18, 0.14, 0.22], [0.2, 0.22, 0.22, 0.25, 0.05, 0.12, 0.09], [0.02, 0.05, 0.07, 0.23, 0.14, 0.19, 0.02], [0.12, 0.1, 0.13, 0.23, 0.18, 0.06, 0.24]]",0.13,0.23,42,"[0.08, 0.03, 0.87, 0.02]","[[0, 0, 0, 0, 0, 0, 0, 0], [0, 0, 0, 0, 0, 0, 0, 0], [0, 1, 2, 3, 4, 5, 6, 7], [0, 0, 0, 0, 0, 0, 0, 0]]",0.072
838,0.0,1,"[[0.23, 0.06, 0.08, 0.13, 0.11, 0.05, 0.11], [0.17, 0.17, 0.17, 0.13, 0.09, 0.2, 0.07], [0.21, 0.11, 0.17, 0.05, 0.13, 0.11, 0.17], [0.16, 0.02, 0.2, 0.19, 0.23, 0.13, 0.13]]",0.13,0.17,42,"[0.24, 0.22, 0.21, 0.33]","[[0, 2, 3, 6, 7, 10, 11, 14], [0, 15, 0, 0, 0, 0, 0, 0], [0, 16, 0, 0, 0, 0, 0, 0], [0, 1, 4, 5, 8, 9, 12, 13]]",0.072
839,0.0,3,"[[0.02, 0.1, 0.05, 0.19, 0.09, 0.05, 0.06], [0.03, 0.12, 0.22, 0.08, 0.02, 0.07, 0.12], [0.18, 0.19, 0.1, 0.18, 0.18, 0.13, 0.15], [0.08, 0.17, 0.23, 0.11, 0.13, 0.16, 0.07]]",0.13,0.23,42,"[0.06, 0.06, 0.03, 0.85]","[[0, 0, 9, 8, 0, 0, 0, 0], [0, 0, 10, 12, 0, 0, 0, 0], [0, 0, 13, 11, 0, 0, 0, 0], [0, 1, 2, 3, 4, 5, 6, 7]]",0.072
840,0.0,3,"[[0.16, 0.11, 0.08, 0.09, 0.11, 0.11, 0.06], [0.14, 0.14, 0.15, 0.18, 0.2, 0.23, 0.09], [0.09, 0.18, 0.2, 0.13, 0.05, 0.16, 0.07], [0.08, 0.02, 0.16, 0.15, 0.1, 0.09, 0.12]]",0.13,0.2,43,"[0.08, 0.02, 0.89, 0.01]","[[0, 1, 0, 16, 0, 11, 13, 0], [0, 0, 0, 15, 8, 10, 12, 0], [0, 0, 2, 7, 6, 3, 4, 5], [0, 0, 0, 14, 0, 9, 0, 0]]",0.072
841,0.0,7,"[[0.21, 0.18, 0.18, 0.07, 0.17, 0.09, 0.08], [0.07, 0.09, 0.01, 0.16, 0.02, 0.06, 0.25], [0.21, 0.16, 0.24, 0.08, 0.24, 0.16, 0.09], [0.17, 0.08, 0.18, 0.24, 0.11, 0.09, 0.22]]",0.13,0.25,43,"[0.21, 0.27, 0.2, 0.32]","[[0, 1, 8, 9, 16, 17, 24, 25], [0, 2, 6, 10, 14, 18, 23, 26], [0, 3, 7, 11, 15, 19, 22, 27], [0, 4, 5, 12, 13, 20, 21, 28]]",0.072
842,0.0,5,"[[0.05, 0.08, 0.17, 0.15, 0.22, 0.07, 0.07], [0.06, 0.1, 0.12, 0.11, 0.19, 0.16, 0.05], [0.19, 0.16, 0.13, 0.06, 0.18, 0.04, 0.24], [0.15, 0.24, 0.11, 0.13, 0.14, 0.03, 0.01]]",0.13,0.22,43,"[0.86, 0.01, 0.05, 0.08]","[[0, 1, 2, 3, 4, 5, 6, 7], [0, 0, 0, 11, 14, 8, 17, 0], [0, 0, 0, 12, 15, 9, 18, 0], [0, 0, 0, 13, 16, 10, 0, 0]]",0.072
843,0.0,5,"[[0.06, 0.1, 0.22, 0.17, 0.09, 0.03, 0.08], [0.24, 0.07, 0.1, 0.11, 0.11, 0.15, 0.16], [0.04, 0.05, 0.2, 0.13, 0.03, 0.1, 0.19], [0.2, 0.09, 0.17, 0.15, 0.2, 0.1, 0.15]]",0.13,0.2,43,"[0.01, 0.1, 0.04, 0.85]","[[0, 1, 2, 0, 0, 17, 18, 0], [0, 4, 3, 16, 15, 14, 13, 0], [0, 0, 0, 0, 0, 0, 0, 12], [0, 5, 6, 7, 8, 9, 10, 11]]",0.072
844,0.0,4,"[[0.14, 0.15, 0.11, 0.2, 0.03, 0.13, 0.04], [0.03, 0.07, 0.1, 0.21, 0.1, 0.13, 0.08], [0.14, 0.03, 0.06, 0.05, 0.15, 0.08, 0.09], [0.13, 0.08, 0.16, 0.01, 0.21, 0.09, 0.05]]",0.13,0.05,43,"[0.06, 0.03, 0.86, 0.05]","[[0, 17, 14, 12, 10, 9, 25, 26], [0, 16, 15, 13, 11, 8, 24, 27], [0, 1, 3, 2, 4, 5, 6, 7], [0, 18, 19, 20, 21, 22, 23, 28]]",0.072
845,0.0,3,"[[0.02, 0.1, 0.05, 0.19, 0.09, 0.05, 0.06], [0.03, 0.12, 0.22, 0.08, 0.02, 0.07, 0.12], [0.18, 0.19, 0.1, 0.18, 0.18, 0.13, 0.15], [0.08, 0.17, 0.23, 0.11, 0.13, 0.16, 0.07]]",0.13,0.23,43,"[0.06, 0.06, 0.03, 0.85]","[[0, 0, 0, 9, 0, 0, 0, 0], [0, 0, 0, 10, 0, 0, 0, 0], [0, 0, 0, 8, 0, 0, 0, 0], [0, 1, 2, 3, 4, 5, 6, 7]]",0.072
846,0.0,7,"[[0.07, 0.07, 0.17, 0.05, 0.08, 0.18, 0.15], [0.19, 0.17, 0.06, 0.13, 0.2, 0.13, 0.2], [0.08, 0.18, 0.04, 0.21, 0.15, 0.15, 0.18], [0.06, 0.08, 0.09, 0.02, 0.12, 0.19, 0.09]]",0.13,0.09,43,"[0.31, 0.27, 0.19, 0.23]","[[0, 2, 3, 12, 11, 19, 22, 23], [0, 1, 4, 10, 13, 20, 21, 24], [0, 5, 8, 9, 14, 18, 25, 28], [0, 6, 7, 15, 16, 17, 26, 27]]",0.072
847,0.0,1,"[[0.11, 0.17, 0.16, 0.1, 0.16, 0.08, 0.16], [0.14, 0.11, 0.1, 0.17, 0.15, 0.09, 0.15], [0.18, 0.13, 0.06, 0.09, 0.04, 0.12, 0.18], [0.24, 0.17, 0.23, 0.17, 0.08, 0.13, 0.06]]",0.13,0.11,43,"[0.26, 0.27, 0.3, 0.17]","[[0, 1, 2, 19, 20, 12, 21, 22], [0, 3, 8, 9, 10, 11, 24, 23], [0, 4, 7, 18, 15, 13, 25, 26], [0, 5, 6, 17, 16, 14, 27, 0]]",0.072
848,0.0,5,"[[0.11, 0.22, 0.08, 0.2, 0.14, 0.03, 0.13], [0.17, 0.02, 0.02, 0.09, 0.21, 0.16, 0.15], [0.09, 0.18, 0.16, 0.17, 0.05, 0.09, 0.1], [0.18, 0.05, 0.09, 0.19, 0.24, 0.18, 0.12]]",0.13,0.21,43,"[0.33, 0.18, 0.11, 0.38]","[[0, 1, 8, 9, 0, 0, 0, 0], [0, 2, 7, 10, 0, 17, 0, 0], [0, 4, 5, 6, 14, 15, 0, 0], [0, 3, 11, 12, 13, 16, 0, 0]]",0.072
849,0.0,2,"[[0.19, 0.12, 0.08, 0.18, 0.08, 0.2, 0.22], [0.05, 0.04, 0.19, 0.18, 0.18, 0.05, 0.1], [0.21, 0.13, 0.15, 0.13, 0.16, 0.15, 0.08], [0.19, 0.06, 0.09, 0.07, 0.04, 0.2, 0.08]]",0.13,0.04,43,"[0.16, 0.28, 0.23, 0.33]","[[0, 1, 2, 3, 4, 5, 6, 8], [0, 22, 21, 20, 19, 15, 13, 7], [0, 23, 24, 25, 18, 14, 12, 9], [0, 27, 28, 26, 17, 16, 11, 10]]",0.072
850,0.0,3,"[[3.4, 2.14, 9.33, 2.59, 4.55, 1.09, 2.85], [2.69, 7.17, 4.91, 8.03, 6.07, 6.49, 2.28], [2.24, 5.15, 4.83, 2.39, 2.78, 7.43, 5.61], [3.01, 5.69, 6.66, 3.22, 3.6, 8.48, 3.28]]",5.0,4.83,43,"[0.07, 0.01, 0.9, 0.02]","[[0, 1, 8, 9, 0, 0, 0, 0], [0, 2, 7, 10, 15, 0, 0, 0], [0, 3, 6, 11, 14, 0, 0, 0], [0, 4, 5, 12, 13, 0, 0, 0]]",2.994
851,0.0,2,"[[5.97, 8.23, 1.24, 7.62, 4.62, 4.29, 5.98], [8.29, 4.65, 5.55, 1.01, 2.98, 8.74, 8.92], [1.93, 2.81, 4.79, 6.01, 7.29, 6.55, 4.48], [9.09, 1.98, 6.38, 4.5, 3.08, 5.26, 4.47]]",5.0,8.23,43,"[0.86, 0.01, 0.12, 0.01]","[[0, 1, 2, 3, 4, 5, 6, 7], [0, 11, 8, 14, 19, 20, 0, 0], [0, 12, 9, 15, 18, 21, 0, 0], [0, 13, 10, 16, 17, 0, 0, 0]]",2.994
852,0.0,2,"[[1.92, 6.77, 0.18, 0.58, 7.09, 4.34, 4.61], [2.63, 2.6, 4.89, 2.52, 8.42, 2.23, 4.37], [6.54, 7.27, 4.71, 3.86, 8.83, 4.81, 5.31], [5.47, 8.91, 3.37, 8.65, 6.85, 1.47, 5.12]]",5.0,6.77,43,"[0.31, 0.2, 0.17, 0.32]","[[0, 1, 2, 3, 18, 19, 0, 0], [0, 6, 5, 4, 17, 16, 0, 0], [0, 7, 10, 11, 14, 15, 0, 0], [0, 8, 9, 12, 13, 20, 21, 0]]",2.994
853,0.0,3,"[[3.25, 0.97, 8.64, 8.18, 2.13, 6.22, 0.77], [5.88, 7.57, 5.25, 3.43, 6.13, 3.52, 3.61], [5.54, 4.65, 8.68, 9.8, 7.31, 3.42, 4.37], [7.14, 2.83, 7.59, 3.91, 6.6, 1.41, 1.96]]",5.0,7.59,43,"[0.06, 0.03, 0.01, 0.9]","[[0, 4, 13, 14, 0, 0, 0, 0], [0, 3, 12, 15, 18, 0, 0, 0], [0, 2, 11, 16, 17, 0, 0, 0], [0, 1, 5, 6, 7, 8, 9, 10]]",2.994
854,0.0,6,"[[3.55, 2.94, 0.08, 3.13, 2.15, 9.59, 4.77], [4.35, 5.83, 1.82, 2.79, 3.6, 4.35, 6.66], [4.91, 4.62, 9.06, 2.02, 4.04, 2.21, 7.62], [0.78, 5.9, 1.77, 4.45, 7.63, 4.39, 2.86]]",5.0,2.21,43,"[0.34, 0.11, 0.27, 0.28]","[[0, 1, 2, 3, 4, 5, 6, 7], [0, 0, 0, 0, 0, 0, 8, 0], [0, 0, 0, 0, 19, 18, 9, 17], [0, 15, 14, 13, 12, 11, 10, 16]]",2.994
855,0.0,5,"[[4.41, 7.98, 5.03, 0.94, 6.07, 7.96, 3.08], [7.18, 6.38, 1.11, 4.77, 7.21, 4.82, 4.9], [5.63, 7.2, 7.79, 1.19, 2.56, 6.05, 3.13], [2.67, 2.05, 5.91, 4.15, 9.55, 4.46, 9.22]]",5.0,9.55,43,"[0.04, 0.02, 0.05, 0.89]","[[0, 0, 0, 0, 0, 10, 0, 0], [0, 0, 0, 0, 0, 9, 0, 0], [0, 0, 0, 0, 0, 8, 0, 0], [0, 1, 2, 3, 4, 5, 7, 6]]",2.994
856,0.0,6,"[[3.95, 8.96, 8.28, 6.18, 7.02, 4.65, 4.21], [7.39, 4.82, 4.44, 1.73, 7.35, 9.66, 2.04], [6.67, 2.62, 2.43, 7.24, 6.32, 7.33, 5.82], [4.75, 4.96, 2.68, 1.71, 6.22, 1.58, 9.11]]",5.0,9.66,43,"[0.25, 0.24, 0.28, 0.23]","[[0, 4, 5, 12, 13, 20, 21, 28], [0, 3, 6, 11, 14, 19, 23, 27], [0, 2, 7, 10, 15, 18, 22, 26], [0, 1, 8, 9, 16, 17, 24, 25]]",2.994
857,0.0,3,"[[2.88, 2.6, 7.89, 4.77, 7.12, 4.23, 2.87], [3.29, 2.97, 3.82, 9.51, 9.45, 8.27, 5.42], [3.22, 3.81, 4.18, 2.52, 3.48, 3.16, 9.41], [1.89, 5.73, 6.1, 1.69, 4.58, 1.23, 3.5]]",5.0,3.82,43,"[0.2, 0.16, 0.26, 0.38]","[[0, 1, 23, 22, 21, 20, 19, 18], [0, 2, 0, 0, 0, 0, 0, 17], [0, 4, 6, 8, 9, 12, 13, 16], [0, 3, 5, 7, 10, 11, 14, 15]]",2.994
858,0.0,2,"[[5.28, 9.9, 6.81, 1.61, 2.79, 8.92, 6.09], [3.46, 6.68, 6.44, 3.71, 3.55, 0.25, 8.07], [6.52, 2.17, 8.0, 8.5, 5.35, 1.81, 3.32], [5.89, 1.86, 6.44, 5.29, 3.29, 8.96, 7.12]]",5.0,2.17,43,"[0.23, 0.3, 0.24, 0.23]","[[0, 26, 27, 28, 17, 14, 20, 9], [0, 2, 3, 4, 5, 6, 7, 8], [0, 25, 24, 21, 15, 12, 18, 10], [0, 1, 23, 22, 16, 13, 19, 11]]",2.994
859,0.0,7,"[[8.39, 1.9, 3.96, 5.78, 2.24, 5.8, 4.1], [0.94, 5.02, 2.49, 5.54, 6.54, 4.33, 9.65], [7.94, 7.8, 4.1, 9.82, 1.59, 4.84, 8.58], [8.96, 7.49, 1.94, 3.92, 0.76, 2.82, 6.17]]",5.0,9.65,43,"[0.11, 0.85, 0.02, 0.02]","[[0, 0, 0, 0, 0, 0, 0, 8], [0, 1, 2, 3, 4, 5, 6, 7], [0, 0, 0, 0, 0, 0, 0, 9], [0, 0, 0, 0, 0, 0, 0, 0]]",2.994
860,0.0,3,"[[0.02, 0.1, 0.05, 0.19, 0.09, 0.05, 0.06], [0.03, 0.12, 0.22, 0.08, 0.02, 0.07, 0.12], [0.18, 0.19, 0.1, 0.18, 0.18, 0.13, 0.15], [0.08, 0.17, 0.23, 0.11, 0.13, 0.16, 0.07]]",0.13,0.23,44,"[0.06, 0.06, 0.03, 0.85]","[[0, 0, 0, 0, 0, 0, 0, 0], [0, 0, 0, 0, 0, 0, 0, 0], [0, 0, 0, 0, 0, 0, 0, 0], [0, 1, 2, 3, 4, 5, 6, 7]]",0.072
861,0.0,4,"[[0.04, 0.14, 0.09, 0.06, 0.18, 0.1, 0.07], [0.09, 0.13, 0.01, 0.23, 0.07, 0.19, 0.05], [0.08, 0.2, 0.08, 0.21, 0.07, 0.04, 0.22], [0.12, 0.1, 0.09, 0.18, 0.18, 0.04, 0.15]]",0.13,0.18,44,"[0.05, 0.03, 0.07, 0.85]","[[0, 0, 0, 0, 0, 0, 0, 0], [0, 0, 0, 0, 0, 0, 0, 0], [0, 0, 0, 0, 0, 0, 0, 0], [0, 1, 2, 3, 4, 5, 6, 7]]",0.072
862,0.0,5,"[[0.09, 0.06, 0.16, 0.11, 0.12, 0.22, 0.04], [0.11, 0.19, 0.13, 0.18, 0.2, 0.12, 0.12], [0.11, 0.08, 0.15, 0.06, 0.15, 0.13, 0.16], [0.08, 0.15, 0.2, 0.17, 0.24, 0.04, 0.12]]",0.13,0.24,44,"[0.15, 0.32, 0.21, 0.32]","[[0, 0, 0, 0, 0, 0, 0, 0], [0, 1, 0, 3, 0, 5, 0, 0], [0, 0, 0, 0, 0, 0, 0, 0], [0, 0, 2, 0, 4, 7, 6, 0]]",0.072
863,0.0,3,"[[0.12, 0.17, 0.14, 0.13, 0.11, 0.07, 0.23], [0.21, 0.03, 0.18, 0.17, 0.22, 0.07, 0.12], [0.06, 0.15, 0.14, 0.1, 0.11, 0.15, 0.22], [0.13, 0.03, 0.18, 0.17, 0.07, 0.25, 0.1]]",0.13,0.14,44,"[0.39, 0.18, 0.15, 0.28]","[[0, 1, 3, 2, 9, 8, 11, 13], [0, 0, 0, 0, 0, 0, 0, 0], [0, 0, 0, 0, 0, 0, 0, 0], [0, 6, 4, 5, 7, 0, 10, 12]]",0.072
864,0.0,4,"[[0.21, 0.18, 0.18, 0.07, 0.17, 0.09, 0.08], [0.07, 0.09, 0.01, 0.16, 0.02, 0.06, 0.25], [0.21, 0.16, 0.24, 0.08, 0.24, 0.16, 0.09], [0.17, 0.08, 0.18, 0.24, 0.11, 0.09, 0.22]]",0.13,0.16,44,"[0.21, 0.27, 0.2, 0.32]","[[0, 0, 0, 0, 0, 0, 0, 0], [0, 0, 2, 0, 5, 4, 6, 0], [0, 0, 0, 0, 0, 0, 0, 0], [0, 1, 0, 0, 3, 0, 7, 0]]",0.072
865,0.0,7,"[[0.19, 0.11, 0.24, 0.23, 0.21, 0.14, 0.16], [0.12, 0.1, 0.02, 0.19, 0.1, 0.08, 0.14], [0.05, 0.21, 0.07, 0.2, 0.09, 0.02, 0.23], [0.09, 0.04, 0.09, 0.14, 0.18, 0.2, 0.23]]",0.13,0.23,44,"[0.03, 0.01, 0.92, 0.04]","[[0, 0, 0, 0, 0, 0, 0, 0], [0, 0, 0, 0, 0, 0, 0, 0], [0, 1, 2, 3, 4, 5, 6, 7], [0, 0, 0, 0, 0, 0, 0, 0]]",0.072
866,0.0,1,"[[0.14, 0.07, 0.05, 0.18, 0.03, 0.01, 0.18], [0.19, 0.23, 0.07, 0.1, 0.08, 0.19, 0.2], [0.17, 0.24, 0.03, 0.21, 0.19, 0.07, 0.21], [0.14, 0.09, 0.21, 0.08, 0.19, 0.05, 0.09]]",0.13,0.19,44,"[0.15, 0.26, 0.26, 0.33]","[[0, 0, 0, 0, 0, 0, 0, 0], [0, 8, 9, 12, 14, 16, 18, 20], [0, 10, 11, 13, 15, 17, 19, 21], [0, 1, 2, 3, 4, 5, 6, 7]]",0.072
867,0.0,1,"[[0.06, 0.1, 0.22, 0.17, 0.09, 0.03, 0.08], [0.24, 0.07, 0.1, 0.11, 0.11, 0.15, 0.16], [0.04, 0.05, 0.2, 0.13, 0.03, 0.1, 0.19], [0.2, 0.09, 0.17, 0.15, 0.2, 0.1, 0.15]]",0.13,0.2,44,"[0.01, 0.1, 0.04, 0.85]","[[0, 0, 0, 0, 0, 0, 0, 0], [0, 8, 9, 10, 11, 12, 13, 14], [0, 0, 0, 0, 0, 0, 0, 0], [0, 1, 2, 3, 4, 5, 6, 7]]",0.072
868,0.0,5,"[[0.19, 0.09, 0.13, 0.2, 0.03, 0.17, 0.2], [0.08, 0.14, 0.18, 0.15, 0.19, 0.11, 0.07], [0.15, 0.06, 0.07, 0.11, 0.19, 0.02, 0.14], [0.12, 0.04, 0.06, 0.04, 0.06, 0.19, 0.09]]",0.13,0.19,44,"[0.02, 0.85, 0.05, 0.08]","[[0, 0, 0, 0, 0, 0, 0, 0], [0, 1, 3, 2, 5, 4, 6, 7], [0, 0, 0, 0, 0, 0, 0, 0], [0, 8, 9, 10, 11, 12, 13, 14]]",0.072
869,0.0,5,"[[0.01, 0.19, 0.1, 0.03, 0.13, 0.15, 0.13], [0.17, 0.18, 0.07, 0.17, 0.17, 0.12, 0.12], [0.11, 0.17, 0.18, 0.22, 0.08, 0.06, 0.07], [0.12, 0.02, 0.07, 0.16, 0.17, 0.14, 0.04]]",0.13,0.17,44,"[0.3, 0.29, 0.13, 0.28]","[[0, 15, 17, 16, 18, 19, 20, 21], [0, 1, 2, 3, 4, 5, 6, 7], [0, 0, 0, 0, 0, 0, 0, 0], [0, 8, 9, 10, 11, 12, 13, 14]]",0.072
870,0.0,2,"[[0.72, 5.25, 9.97, 4.85, 8.58, 2.57, 9.15], [5.48, 9.36, 2.36, 9.25, 3.72, 4.76, 6.74], [7.14, 7.36, 2.91, 4.13, 7.03, 8.48, 0.38], [5.84, 6.37, 7.56, 3.71, 4.02, 2.93, 0.09]]",5.0,9.36,44,"[0.03, 0.85, 0.06, 0.06]","[[0, 0, 0, 0, 0, 0, 0, 0], [0, 1, 3, 2, 4, 5, 6, 7], [0, 15, 16, 17, 18, 19, 20, 21], [0, 8, 9, 10, 11, 12, 13, 14]]",2.994
871,0.0,4,"[[6.26, 0.19, 5.42, 8.23, 3.15, 1.79, 3.82], [4.19, 3.39, 2.75, 9.2, 5.7, 3.44, 3.56], [5.45, 5.72, 8.61, 4.63, 8.16, 8.36, 7.19], [3.14, 2.27, 7.83, 9.11, 0.69, 3.38, 9.35]]",5.0,9.11,44,"[0.1, 0.01, 0.01, 0.88]","[[0, 8, 9, 10, 11, 12, 13, 14], [0, 0, 0, 0, 0, 0, 0, 0], [0, 0, 0, 0, 0, 0, 0, 0], [0, 1, 2, 3, 4, 5, 6, 7]]",2.994
872,0.0,7,"[[7.29, 4.26, 4.93, 3.96, 3.34, 8.54, 6.49], [0.79, 3.44, 2.71, 8.71, 2.86, 7.09, 3.94], [9.61, 8.74, 7.3, 3.82, 1.83, 1.17, 5.37], [2.04, 1.98, 8.39, 1.63, 1.8, 1.97, 7.71]]",5.0,5.37,44,"[0.21, 0.28, 0.29, 0.22]","[[0, 22, 23, 24, 25, 26, 27, 28], [0, 1, 2, 3, 4, 5, 6, 7], [0, 15, 16, 17, 18, 19, 20, 21], [0, 14, 13, 12, 11, 10, 9, 8]]",2.994
873,0.0,7,"[[5.71, 4.0, 7.87, 3.26, 8.95, 9.97, 6.35], [4.81, 5.73, 5.74, 5.66, 5.51, 4.81, 7.59], [6.14, 5.62, 3.6, 6.94, 3.42, 3.6, 6.26], [1.09, 4.7, 1.56, 4.05, 2.65, 4.29, 5.33]]",5.0,5.33,44,"[0.02, 0.08, 0.03, 0.87]","[[0, 0, 0, 0, 0, 0, 0, 0], [0, 8, 9, 10, 11, 12, 13, 14], [0, 0, 0, 0, 0, 0, 0, 0], [0, 1, 2, 3, 4, 5, 6, 7]]",2.994
874,0.0,4,"[[2.67, 1.86, 1.79, 5.75, 3.59, 3.3, 1.49], [1.18, 8.77, 6.89, 4.16, 3.25, 3.0, 9.34], [1.75, 2.03, 4.01, 8.67, 5.48, 1.04, 6.3], [4.37, 0.5, 5.19, 4.46, 0.43, 0.13, 6.06]]",5.0,8.67,44,"[0.24, 0.23, 0.24, 0.29]","[[0, 28, 27, 26, 25, 23, 24, 22], [0, 15, 16, 17, 18, 19, 20, 21], [0, 14, 13, 12, 11, 10, 9, 8], [0, 1, 2, 3, 4, 5, 6, 7]]",2.994
875,0.0,4,"[[6.38, 4.4, 2.78, 4.02, 3.28, 4.56, 6.79], [6.89, 5.4, 5.87, 9.63, 0.42, 4.93, 4.29], [2.96, 2.23, 8.29, 4.74, 3.72, 2.39, 0.86], [5.36, 5.18, 6.28, 1.08, 2.81, 5.95, 9.65]]",5.0,9.63,44,"[0.2, 0.38, 0.3, 0.12]","[[0, 28, 27, 26, 25, 24, 23, 22], [0, 15, 17, 16, 18, 19, 20, 21], [0, 14, 13, 12, 11, 10, 9, 8], [0, 1, 2, 3, 4, 5, 6, 7]]",2.994
876,0.0,7,"[[8.39, 1.9, 3.96, 5.78, 2.24, 5.8, 4.1], [0.94, 5.02, 2.49, 5.54, 6.54, 4.33, 9.65], [7.94, 7.8, 4.1, 9.82, 1.59, 4.84, 8.58], [8.96, 7.49, 1.94, 3.92, 0.76, 2.82, 6.17]]",5.0,9.65,44,"[0.11, 0.85, 0.02, 0.02]","[[0, 8, 9, 10, 11, 12, 13, 14], [0, 1, 2, 3, 4, 5, 6, 7], [0, 16, 18, 20, 21, 23, 26, 27], [0, 15, 17, 19, 22, 24, 25, 28]]",2.994
877,0.0,3,"[[1.89, 1.68, 4.82, 0.64, 6.72, 5.82, 3.47], [2.81, 5.64, 4.93, 5.88, 1.19, 6.58, 2.91], [6.88, 4.96, 4.06, 5.77, 1.03, 4.24, 5.62], [0.22, 1.89, 4.63, 5.2, 4.1, 3.36, 6.44]]",5.0,4.93,44,"[0.25, 0.26, 0.31, 0.18]","[[0, 14, 13, 12, 11, 10, 9, 8], [0, 1, 2, 3, 4, 5, 6, 7], [0, 15, 16, 17, 18, 19, 20, 21], [0, 28, 27, 26, 25, 24, 23, 22]]",2.994
878,0.0,3,"[[5.12, 1.51, 5.2, 6.71, 2.69, 8.45, 7.56], [1.26, 6.81, 6.02, 6.85, 3.83, 2.04, 5.15], [0.77, 1.29, 6.67, 1.6, 1.63, 0.54, 0.89], [4.2, 5.58, 3.29, 3.97, 3.54, 6.37, 4.95]]",5.0,3.29,44,"[0.21, 0.27, 0.19, 0.33]","[[0, 28, 27, 26, 25, 23, 24, 22], [0, 15, 16, 17, 18, 19, 20, 21], [0, 14, 13, 12, 11, 10, 9, 8], [0, 1, 2, 3, 4, 5, 6, 7]]",2.994
879,0.0,5,"[[4.41, 7.98, 5.03, 0.94, 6.07, 7.96, 3.08], [7.18, 6.38, 1.11, 4.77, 7.21, 4.82, 4.9], [5.63, 7.2, 7.79, 1.19, 2.56, 6.05, 3.13], [2.67, 2.05, 5.91, 4.15, 9.55, 4.46, 9.22]]",5.0,9.55,44,"[0.04, 0.02, 0.05, 0.89]","[[0, 15, 16, 17, 18, 19, 20, 21], [0, 0, 0, 0, 0, 0, 0, 22], [0, 8, 9, 10, 11, 12, 13, 14], [0, 1, 2, 3, 4, 5, 6, 7]]",2.994
880,0.0,1,"[[0.19, 0.12, 0.08, 0.18, 0.08, 0.2, 0.22], [0.05, 0.04, 0.19, 0.18, 0.18, 0.05, 0.1], [0.21, 0.13, 0.15, 0.13, 0.16, 0.15, 0.08], [0.19, 0.06, 0.09, 0.07, 0.04, 0.2, 0.08]]",0.13,0.21,45,"[0.16, 0.28, 0.23, 0.33]","[[0, 1, 5, 12, 13, 20, 21, 28], [0, 2, 6, 11, 14, 19, 22, 27], [0, 3, 7, 10, 15, 18, 23, 26], [0, 4, 8, 9, 17, 16, 24, 25]]",0.072
881,0.0,7,"[[0.16, 0.21, 0.19, 0.12, 0.21, 0.05, 0.2], [0.14, 0.1, 0.04, 0.07, 0.08, 0.16, 0.22], [0.03, 0.17, 0.22, 0.13, 0.04, 0.22, 0.12], [0.16, 0.14, 0.16, 0.16, 0.18, 0.13, 0.14]]",0.13,0.22,45,"[0.06, 0.89, 0.04, 0.01]","[[0, 1, 2, 3, 4, 5, 6, 7], [0, 21, 20, 19, 17, 18, 16, 15], [0, 8, 9, 10, 11, 12, 13, 14], [0, 22, 23, 24, 28, 25, 26, 27]]",0.072
882,0.0,3,"[[0.15, 0.08, 0.16, 0.16, 0.12, 0.04, 0.13], [0.17, 0.17, 0.2, 0.1, 0.06, 0.16, 0.12], [0.04, 0.25, 0.2, 0.11, 0.04, 0.11, 0.24], [0.15, 0.14, 0.05, 0.11, 0.22, 0.22, 0.2]]",0.13,0.2,45,"[0.01, 0.89, 0.09, 0.01]","[[0, 1, 8, 9, 21, 28, 20, 19], [0, 2, 7, 10, 15, 16, 17, 18], [0, 3, 6, 11, 14, 22, 26, 27], [0, 4, 5, 12, 13, 23, 24, 25]]",0.072
883,0.0,6,"[[0.07, 0.07, 0.17, 0.05, 0.08, 0.18, 0.15], [0.19, 0.17, 0.06, 0.13, 0.2, 0.13, 0.2], [0.08, 0.18, 0.04, 0.21, 0.15, 0.15, 0.18], [0.06, 0.08, 0.09, 0.02, 0.12, 0.19, 0.09]]",0.13,0.18,45,"[0.31, 0.27, 0.19, 0.23]","[[0, 3, 4, 5, 6, 7, 9, 8], [0, 1, 2, 14, 13, 12, 11, 10], [0, 15, 28, 27, 26, 25, 24, 23], [0, 16, 17, 18, 19, 20, 21, 22]]",0.072
884,0.0,1,"[[0.23, 0.06, 0.08, 0.13, 0.11, 0.05, 0.11], [0.17, 0.17, 0.17, 0.13, 0.09, 0.2, 0.07], [0.21, 0.11, 0.17, 0.05, 0.13, 0.11, 0.17], [0.16, 0.02, 0.2, 0.19, 0.23, 0.13, 0.13]]",0.13,0.16,45,"[0.24, 0.22, 0.21, 0.33]","[[0, 1, 28, 27, 26, 25, 24, 23], [0, 2, 17, 18, 19, 20, 21, 22], [0, 4, 16, 15, 14, 13, 12, 11], [0, 3, 5, 6, 7, 8, 9, 10]]",0.072
885,0.0,5,"[[0.07, 0.16, 0.11, 0.2, 0.2, 0.19, 0.16], [0.15, 0.22, 0.24, 0.17, 0.18, 0.12, 0.12], [0.11, 0.16, 0.11, 0.12, 0.21, 0.06, 0.16], [0.17, 0.22, 0.15, 0.11, 0.24, 0.11, 0.17]]",0.13,0.24,45,"[0.09, 0.03, 0.01, 0.87]","[[0, 0, 0, 0, 0, 8, 0, 0], [0, 0, 0, 0, 0, 9, 0, 0], [0, 0, 0, 0, 0, 10, 0, 0], [0, 1, 2, 3, 4, 5, 6, 7]]",0.072
886,0.0,6,"[[0.18, 0.08, 0.04, 0.19, 0.05, 0.05, 0.16], [0.09, 0.22, 0.23, 0.17, 0.13, 0.24, 0.18], [0.21, 0.2, 0.1, 0.14, 0.11, 0.11, 0.19], [0.23, 0.14, 0.16, 0.18, 0.12, 0.18, 0.03]]",0.13,0.24,45,"[0.02, 0.92, 0.02, 0.04]","[[0, 0, 14, 11, 0, 0, 8, 0], [0, 1, 2, 3, 4, 5, 6, 7], [0, 0, 15, 12, 0, 0, 9, 0], [0, 0, 16, 13, 0, 0, 10, 0]]",0.072
887,0.0,7,"[[0.21, 0.18, 0.18, 0.07, 0.17, 0.09, 0.08], [0.07, 0.09, 0.01, 0.16, 0.02, 0.06, 0.25], [0.21, 0.16, 0.24, 0.08, 0.24, 0.16, 0.09], [0.17, 0.08, 0.18, 0.24, 0.11, 0.09, 0.22]]",0.13,0.08,45,"[0.21, 0.27, 0.2, 0.32]","[[0, 22, 21, 20, 8, 19, 14, 12], [0, 23, 24, 25, 7, 18, 15, 13], [0, 28, 27, 26, 6, 17, 16, 11], [0, 2, 1, 3, 4, 5, 9, 10]]",0.072
888,0.0,7,"[[0.2, 0.14, 0.16, 0.12, 0.21, 0.18, 0.23], [0.06, 0.09, 0.16, 0.16, 0.14, 0.12, 0.15], [0.23, 0.08, 0.17, 0.11, 0.04, 0.14, 0.15], [0.06, 0.12, 0.16, 0.23, 0.08, 0.11, 0.15]]",0.13,0.23,45,"[0.33, 0.18, 0.11, 0.38]","[[0, 14, 13, 12, 11, 10, 9, 8], [0, 15, 16, 17, 18, 0, 0, 20], [0, 0, 0, 0, 19, 0, 0, 21], [0, 1, 2, 3, 4, 5, 6, 7]]",0.072
889,0.0,5,"[[0.15, 0.17, 0.12, 0.06, 0.06, 0.22, 0.15], [0.19, 0.17, 0.21, 0.18, 0.06, 0.19, 0.04], [0.07, 0.13, 0.08, 0.09, 0.18, 0.11, 0.12], [0.16, 0.1, 0.02, 0.11, 0.21, 0.13, 0.19]]",0.13,0.21,45,"[0.09, 0.05, 0.01, 0.85]","[[0, 0, 0, 0, 0, 10, 0, 0], [0, 0, 0, 0, 0, 9, 0, 0], [0, 0, 0, 0, 0, 8, 0, 0], [0, 1, 2, 3, 4, 5, 7, 6]]",0.072
890,0.0,3,"[[2.67, 1.86, 1.79, 5.75, 3.59, 3.3, 1.49], [1.18, 8.77, 6.89, 4.16, 3.25, 3.0, 9.34], [1.75, 2.03, 4.01, 8.67, 5.48, 1.04, 6.3], [4.37, 0.5, 5.19, 4.46, 0.43, 0.13, 6.06]]",5.0,5.19,45,"[0.24, 0.23, 0.24, 0.29]","[[0, 0, 0, 0, 0, 0, 0, 22], [0, 15, 16, 17, 18, 19, 21, 20], [0, 14, 13, 12, 11, 10, 9, 8], [0, 1, 2, 3, 4, 5, 6, 7]]",2.994
891,0.0,6,"[[3.95, 8.96, 8.28, 6.18, 7.02, 4.65, 4.21], [7.39, 4.82, 4.44, 1.73, 7.35, 9.66, 2.04], [6.67, 2.62, 2.43, 7.24, 6.32, 7.33, 5.82], [4.75, 4.96, 2.68, 1.71, 6.22, 1.58, 9.11]]",5.0,7.33,45,"[0.25, 0.24, 0.28, 0.23]","[[0, 1, 5, 6, 7, 8, 9, 10], [0, 2, 16, 15, 14, 13, 12, 11], [0, 3, 17, 18, 19, 20, 21, 22], [0, 4, 27, 26, 28, 25, 24, 23]]",2.994
892,0.0,5,"[[2.88, 2.6, 7.89, 4.77, 7.12, 4.23, 2.87], [3.29, 2.97, 3.82, 9.51, 9.45, 8.27, 5.42], [3.22, 3.81, 4.18, 2.52, 3.48, 3.16, 9.41], [1.89, 5.73, 6.1, 1.69, 4.58, 1.23, 3.5]]",5.0,7.12,45,"[0.2, 0.16, 0.26, 0.38]","[[0, 1, 2, 3, 4, 5, 6, 7], [0, 0, 0, 11, 14, 8, 17, 0], [0, 0, 0, 12, 15, 9, 18, 0], [0, 0, 0, 13, 16, 10, 19, 0]]",2.994
893,0.0,7,"[[5.71, 4.0, 7.87, 3.26, 8.95, 9.97, 6.35], [4.81, 5.73, 5.74, 5.66, 5.51, 4.81, 7.59], [6.14, 5.62, 3.6, 6.94, 3.42, 3.6, 6.26], [1.09, 4.7, 1.56, 4.05, 2.65, 4.29, 5.33]]",5.0,5.33,45,"[0.02, 0.08, 0.03, 0.87]","[[0, 0, 0, 0, 16, 0, 13, 8], [0, 0, 0, 0, 15, 0, 12, 9], [0, 0, 0, 0, 14, 0, 11, 10], [0, 1, 2, 3, 4, 5, 6, 7]]",2.994
894,0.0,2,"[[5.97, 8.23, 1.24, 7.62, 4.62, 4.29, 5.98], [8.29, 4.65, 5.55, 1.01, 2.98, 8.74, 8.92], [1.93, 2.81, 4.79, 6.01, 7.29, 6.55, 4.48], [9.09, 1.98, 6.38, 4.5, 3.08, 5.26, 4.47]]",5.0,8.23,45,"[0.86, 0.01, 0.12, 0.01]","[[0, 1, 2, 3, 4, 5, 6, 7], [0, 14, 8, 0, 11, 0, 0, 0], [0, 15, 9, 0, 12, 0, 0, 0], [0, 16, 10, 0, 13, 0, 0, 0]]",2.994
895,0.0,1,"[[7.32, 4.38, 4.99, 7.76, 5.0, 5.94, 2.36], [8.4, 3.61, 8.45, 4.23, 7.02, 4.36, 9.23], [1.69, 3.23, 3.54, 3.86, 3.72, 2.06, 0.61], [7.94, 7.02, 6.73, 4.28, 8.5, 0.13, 2.63]]",5.0,7.32,45,"[0.85, 0.03, 0.11, 0.01]","[[0, 1, 2, 3, 5, 4, 6, 7], [0, 11, 0, 0, 8, 0, 0, 0], [0, 12, 0, 0, 9, 0, 0, 0], [0, 13, 0, 0, 10, 0, 0, 0]]",2.994
896,0.0,5,"[[1.92, 6.77, 0.18, 0.58, 7.09, 4.34, 4.61], [2.63, 2.6, 4.89, 2.52, 8.42, 2.23, 4.37], [6.54, 7.27, 4.71, 3.86, 8.83, 4.81, 5.31], [5.47, 8.91, 3.37, 8.65, 6.85, 1.47, 5.12]]",5.0,7.09,45,"[0.31, 0.2, 0.17, 0.32]","[[0, 1, 10, 26, 11, 21, 20, 19], [0, 2, 9, 27, 12, 22, 25, 18], [0, 3, 8, 28, 13, 23, 24, 17], [0, 4, 5, 6, 7, 14, 15, 16]]",2.994
897,0.0,4,"[[6.2, 4.19, 3.44, 8.27, 6.51, 4.65, 4.01], [2.89, 4.13, 4.82, 8.89, 9.25, 0.96, 6.04], [8.8, 2.84, 4.5, 4.81, 3.19, 0.46, 7.31], [5.12, 1.87, 1.91, 7.0, 2.08, 5.06, 2.86]]",5.0,7.0,45,"[0.15, 0.21, 0.3, 0.34]","[[0, 11, 0, 0, 10, 0, 0, 0], [0, 12, 0, 0, 9, 0, 0, 0], [0, 13, 0, 0, 8, 0, 0, 0], [0, 1, 2, 3, 4, 5, 6, 7]]",2.994
898,0.0,7,"[[0.94, 9.58, 9.58, 1.68, 3.99, 3.26, 9.98], [7.2, 6.69, 3.6, 6.35, 1.28, 0.52, 9.84], [4.59, 4.33, 3.41, 2.69, 0.89, 3.28, 2.91], [7.61, 5.48, 8.81, 6.78, 0.6, 7.91, 3.87]]",5.0,9.84,45,"[0.01, 0.89, 0.08, 0.02]","[[0, 11, 14, 0, 0, 0, 0, 8], [0, 1, 2, 3, 4, 5, 6, 7], [0, 12, 15, 0, 0, 0, 0, 9], [0, 13, 16, 0, 0, 0, 0, 10]]",2.994
899,0.0,3,"[[3.74, 4.35, 1.03, 5.02, 2.48, 7.72, 3.91], [9.52, 3.82, 4.46, 2.55, 5.65, 6.25, 0.76], [2.96, 5.49, 2.32, 7.63, 0.35, 8.21, 6.51], [4.09, 2.1, 9.56, 8.08, 0.89, 1.16, 4.1]]",5.0,2.32,45,"[0.04, 0.08, 0.02, 0.86]","[[0, 0, 0, 9, 13, 0, 0, 0], [0, 0, 0, 8, 12, 0, 0, 0], [0, 0, 0, 10, 11, 0, 0, 0], [0, 1, 2, 3, 4, 5, 6, 7]]",2.994
900,0.01,6,"[[3.4, 2.14, 9.33, 2.59, 4.55, 1.09, 2.85], [2.69, 7.17, 4.91, 8.03, 6.07, 6.49, 2.28], [2.24, 5.15, 4.83, 2.39, 2.78, 7.43, 5.61], [3.01, 5.69, 6.66, 3.22, 3.6, 8.48, 3.28]]",5.0,7.43,46,"[0.07, 0.01, 0.9, 0.02]","[[0, 1, 0, 0, 0, 0, 0, 0], [0, 0, 0, 0, 0, 0, 0, 0], [0, 2, 3, 4, 5, 6, 7, 8], [0, 0, 0, 0, 0, 0, 0, 0]]",2.994
901,0.01,3,"[[3.74, 4.35, 1.03, 5.02, 2.48, 7.72, 3.91], [9.52, 3.82, 4.46, 2.55, 5.65, 6.25, 0.76], [2.96, 5.49, 2.32, 7.63, 0.35, 8.21, 6.51], [4.09, 2.1, 9.56, 8.08, 0.89, 1.16, 4.1]]",5.0,9.56,46,"[0.04, 0.08, 0.02, 0.86]","[[0, 0, 0, 0, 0, 0, 0, 0], [0, 0, 0, 0, 0, 0, 0, 0], [0, 0, 0, 0, 0, 0, 0, 0], [0, 1, 2, 3, 4, 5, 6, 7]]",2.994
902,0.01,1,"[[2.54, 7.44, 2.24, 4.32, 2.76, 9.01, 8.48], [1.82, 8.34, 6.23, 3.89, 6.94, 3.11, 6.18], [7.6, 3.71, 5.31, 9.83, 1.09, 3.87, 7.81], [7.76, 7.0, 2.77, 7.48, 3.83, 0.31, 3.13]]",5.0,7.76,46,"[0.04, 0.07, 0.03, 0.86]","[[0, 0, 0, 0, 0, 0, 0, 0], [0, 0, 0, 0, 0, 0, 0, 0], [0, 0, 0, 0, 0, 0, 0, 0], [0, 1, 2, 3, 5, 4, 6, 7]]",2.994
903,0.01,1,"[[4.36, 8.7, 5.94, 4.41, 8.37, 5.83, 0.58], [9.58, 2.24, 8.49, 4.24, 4.63, 4.53, 5.29], [6.08, 4.31, 5.59, 3.3, 3.91, 4.21, 4.74], [9.25, 5.33, 1.67, 7.75, 5.64, 2.81, 3.02]]",5.0,9.25,46,"[0.31, 0.27, 0.14, 0.28]","[[0, 1, 4, 17, 18, 19, 20, 21], [0, 2, 3, 7, 9, 11, 13, 16], [0, 5, 0, 23, 0, 22, 0, 0], [0, 6, 0, 8, 10, 12, 14, 15]]",2.994
904,0.01,5,"[[4.41, 7.98, 5.03, 0.94, 6.07, 7.96, 3.08], [7.18, 6.38, 1.11, 4.77, 7.21, 4.82, 4.9], [5.63, 7.2, 7.79, 1.19, 2.56, 6.05, 3.13], [2.67, 2.05, 5.91, 4.15, 9.55, 4.46, 9.22]]",5.0,9.55,46,"[0.04, 0.02, 0.05, 0.89]","[[0, 0, 0, 0, 0, 0, 0, 0], [0, 0, 0, 0, 0, 0, 0, 0], [0, 0, 0, 0, 0, 0, 0, 0], [0, 1, 2, 3, 4, 5, 6, 7]]",2.994
905,0.01,5,"[[7.11, 5.78, 4.85, 4.33, 7.33, 7.89, 5.26], [5.95, 7.87, 3.44, 7.0, 6.97, 5.22, 6.26], [3.72, 9.35, 7.04, 6.38, 7.42, 6.47, 5.89], [5.94, 4.84, 1.39, 4.52, 3.41, 2.82, 3.73]]",5.0,7.33,46,"[0.33, 0.2, 0.24, 0.23]","[[0, 1, 2, 3, 4, 5, 6, 7], [0, 11, 0, 0, 0, 14, 8, 0], [0, 12, 0, 0, 0, 15, 9, 0], [0, 13, 0, 0, 0, 16, 10, 0]]",2.994
906,0.01,7,"[[5.71, 4.0, 7.87, 3.26, 8.95, 9.97, 6.35], [4.81, 5.73, 5.74, 5.66, 5.51, 4.81, 7.59], [6.14, 5.62, 3.6, 6.94, 3.42, 3.6, 6.26], [1.09, 4.7, 1.56, 4.05, 2.65, 4.29, 5.33]]",5.0,5.33,46,"[0.02, 0.08, 0.03, 0.87]","[[0, 0, 0, 0, 0, 0, 0, 0], [0, 0, 0, 0, 0, 0, 0, 0], [0, 0, 0, 0, 0, 0, 0, 0], [0, 1, 2, 3, 4, 5, 6, 7]]",2.994
907,0.01,4,"[[6.2, 4.19, 3.44, 8.27, 6.51, 4.65, 4.01], [2.89, 4.13, 4.82, 8.89, 9.25, 0.96, 6.04], [8.8, 2.84, 4.5, 4.81, 3.19, 0.46, 7.31], [5.12, 1.87, 1.91, 7.0, 2.08, 5.06, 2.86]]",5.0,8.89,46,"[0.15, 0.21, 0.3, 0.34]","[[0, 10, 0, 0, 7, 0, 0, 0], [0, 9, 0, 0, 6, 0, 15, 0], [0, 8, 0, 0, 5, 0, 14, 0], [0, 1, 2, 3, 4, 11, 12, 13]]",2.994
908,0.01,1,"[[7.91, 1.03, 5.87, 7.52, 6.88, 7.18, 6.1], [5.88, 5.55, 1.78, 3.0, 4.69, 4.52, 8.75], [5.71, 1.25, 6.22, 6.17, 8.38, 7.26, 4.32], [6.4, 8.88, 5.28, 4.23, 1.08, 0.7, 3.39]]",5.0,6.4,46,"[0.3, 0.18, 0.2, 0.32]","[[0, 9, 8, 16, 0, 0, 0, 0], [0, 11, 12, 15, 0, 0, 0, 0], [0, 10, 13, 14, 0, 0, 0, 0], [0, 1, 2, 3, 4, 5, 6, 7]]",2.994
909,0.01,5,"[[5.92, 9.68, 5.15, 2.59, 5.89, 7.38, 2.85], [1.22, 5.64, 6.3, 3.82, 9.13, 6.51, 3.36], [6.72, 1.0, 8.86, 8.25, 8.82, 6.13, 4.12], [7.5, 7.75, 5.39, 3.9, 7.48, 3.23, 1.98]]",5.0,7.48,46,"[0.3, 0.17, 0.24, 0.29]","[[0, 1, 2, 3, 5, 6, 7, 8], [0, 12, 11, 0, 0, 17, 15, 0], [0, 13, 10, 0, 0, 18, 16, 0], [0, 14, 4, 0, 0, 19, 9, 0]]",2.994
910,0.01,6,"[[0.06, 0.11, 0.17, 0.23, 0.15, 0.14, 0.21], [0.16, 0.17, 0.08, 0.04, 0.07, 0.21, 0.12], [0.2, 0.19, 0.13, 0.12, 0.17, 0.2, 0.16], [0.1, 0.1, 0.12, 0.16, 0.01, 0.17, 0.09]]",0.13,0.2,46,"[0.23, 0.25, 0.3, 0.22]","[[0, 4, 8, 0, 0, 0, 15, 0], [0, 2, 7, 0, 0, 0, 14, 0], [0, 1, 3, 6, 10, 11, 12, 13], [0, 5, 9, 0, 0, 0, 16, 0]]",0.072
911,0.01,7,"[[0.16, 0.21, 0.19, 0.12, 0.21, 0.05, 0.2], [0.14, 0.1, 0.04, 0.07, 0.08, 0.16, 0.22], [0.03, 0.17, 0.22, 0.13, 0.04, 0.22, 0.12], [0.16, 0.14, 0.16, 0.16, 0.18, 0.13, 0.14]]",0.13,0.22,46,"[0.06, 0.89, 0.04, 0.01]","[[0, 0, 0, 0, 0, 0, 0, 0], [0, 1, 2, 3, 4, 5, 6, 7], [0, 0, 0, 0, 0, 0, 0, 0], [0, 0, 0, 0, 0, 0, 0, 0]]",0.072
912,0.01,1,"[[0.15, 0.06, 0.09, 0.11, 0.16, 0.04, 0.14], [0.13, 0.19, 0.06, 0.21, 0.14, 0.09, 0.14], [0.16, 0.13, 0.11, 0.14, 0.1, 0.12, 0.12], [0.2, 0.09, 0.2, 0.06, 0.12, 0.09, 0.16]]",0.13,0.15,46,"[0.08, 0.04, 0.87, 0.01]","[[0, 0, 0, 0, 0, 0, 0, 0], [0, 0, 0, 0, 0, 0, 0, 0], [0, 1, 2, 3, 4, 5, 6, 7], [0, 0, 0, 0, 0, 0, 0, 0]]",0.072
913,0.01,2,"[[0.1, 0.22, 0.11, 0.07, 0.15, 0.15, 0.08], [0.22, 0.14, 0.05, 0.13, 0.2, 0.14, 0.2], [0.02, 0.25, 0.2, 0.08, 0.15, 0.02, 0.07], [0.11, 0.1, 0.17, 0.14, 0.2, 0.08, 0.11]]",0.13,0.22,46,"[0.87, 0.08, 0.02, 0.03]","[[0, 1, 2, 0, 0, 0, 0, 0], [0, 0, 0, 0, 0, 0, 0, 0], [0, 0, 0, 0, 0, 0, 0, 0], [0, 0, 0, 0, 0, 0, 0, 0]]",0.072
914,0.01,2,"[[0.05, 0.17, 0.08, 0.07, 0.16, 0.13, 0.05], [0.1, 0.16, 0.24, 0.2, 0.19, 0.19, 0.23], [0.18, 0.13, 0.06, 0.19, 0.17, 0.21, 0.13], [0.16, 0.18, 0.2, 0.12, 0.19, 0.08, 0.19]]",0.13,0.17,46,"[0.85, 0.1, 0.02, 0.03]","[[0, 1, 2, 3, 0, 0, 0, 0], [0, 0, 0, 0, 0, 0, 0, 0], [0, 0, 0, 0, 0, 0, 0, 0], [0, 0, 0, 0, 0, 0, 0, 0]]",0.072
915,0.01,6,"[[0.07, 0.07, 0.17, 0.05, 0.08, 0.18, 0.15], [0.19, 0.17, 0.06, 0.13, 0.2, 0.13, 0.2], [0.08, 0.18, 0.04, 0.21, 0.15, 0.15, 0.18], [0.06, 0.08, 0.09, 0.02, 0.12, 0.19, 0.09]]",0.13,0.13,46,"[0.31, 0.27, 0.19, 0.23]","[[0, 1, 2, 3, 6, 7, 8, 0], [0, 0, 0, 4, 0, 0, 9, 0], [0, 0, 0, 5, 0, 0, 0, 0], [0, 0, 0, 0, 0, 0, 10, 0]]",0.072
916,0.01,2,"[[0.14, 0.16, 0.16, 0.21, 0.14, 0.04, 0.08], [0.06, 0.2, 0.17, 0.04, 0.15, 0.07, 0.15], [0.13, 0.19, 0.14, 0.02, 0.08, 0.23, 0.1], [0.15, 0.03, 0.13, 0.07, 0.13, 0.07, 0.19]]",0.13,0.2,46,"[0.26, 0.28, 0.24, 0.22]","[[0, 0, 4, 0, 0, 0, 0, 0], [0, 1, 2, 3, 0, 0, 0, 0], [0, 0, 0, 0, 0, 0, 0, 0], [0, 0, 0, 0, 0, 0, 0, 0]]",0.072
917,0.01,2,"[[0.08, 0.23, 0.16, 0.14, 0.22, 0.12, 0.2], [0.17, 0.2, 0.03, 0.17, 0.21, 0.17, 0.07], [0.08, 0.2, 0.14, 0.22, 0.1, 0.13, 0.17], [0.07, 0.12, 0.01, 0.11, 0.05, 0.12, 0.17]]",0.13,0.23,46,"[0.86, 0.03, 0.04, 0.07]","[[0, 1, 2, 0, 0, 0, 0, 0], [0, 0, 0, 0, 0, 0, 0, 0], [0, 0, 0, 0, 0, 0, 0, 0], [0, 0, 0, 0, 0, 0, 0, 0]]",0.072
918,0.01,1,"[[0.22, 0.12, 0.18, 0.2, 0.04, 0.04, 0.16], [0.19, 0.18, 0.17, 0.17, 0.18, 0.2, 0.15], [0.03, 0.13, 0.18, 0.12, 0.17, 0.16, 0.08], [0.21, 0.09, 0.16, 0.11, 0.25, 0.1, 0.16]]",0.13,0.03,46,"[0.34, 0.12, 0.22, 0.32]","[[0, 1, 0, 0, 0, 0, 0, 0], [0, 0, 0, 0, 0, 0, 0, 0], [0, 0, 0, 0, 0, 0, 0, 0], [0, 2, 0, 0, 0, 0, 0, 0]]",0.072
919,0.01,1,"[[0.11, 0.13, 0.2, 0.15, 0.12, 0.07, 0.12], [0.17, 0.14, 0.08, 0.03, 0.14, 0.12, 0.21], [0.15, 0.05, 0.06, 0.08, 0.07, 0.16, 0.13], [0.11, 0.11, 0.13, 0.18, 0.08, 0.12, 0.15]]",0.13,0.17,46,"[0.11, 0.38, 0.34, 0.17]","[[0, 0, 0, 0, 0, 0, 0, 0], [0, 1, 2, 3, 0, 0, 0, 0], [0, 4, 0, 0, 0, 0, 0, 0], [0, 0, 0, 0, 0, 0, 0, 0]]",0.072
920,0.01,2,"[[4.41, 7.98, 5.03, 0.94, 6.07, 7.96, 3.08], [7.18, 6.38, 1.11, 4.77, 7.21, 4.82, 4.9], [5.63, 7.2, 7.79, 1.19, 2.56, 6.05, 3.13], [2.67, 2.05, 5.91, 4.15, 9.55, 4.46, 9.22]]",5.0,2.05,47,"[0.04, 0.02, 0.05, 0.89]","[[0, 28, 23, 22, 17, 16, 12, 11], [0, 27, 24, 21, 18, 14, 13, 10], [0, 26, 25, 20, 19, 15, 9, 8], [0, 1, 2, 3, 4, 5, 6, 7]]",2.994
921,0.01,1,"[[5.12, 1.51, 5.2, 6.71, 2.69, 8.45, 7.56], [1.26, 6.81, 6.02, 6.85, 3.83, 2.04, 5.15], [0.77, 1.29, 6.67, 1.6, 1.63, 0.54, 0.89], [4.2, 5.58, 3.29, 3.97, 3.54, 6.37, 4.95]]",5.0,1.26,47,"[0.21, 0.27, 0.19, 0.33]","[[0, 0, 0, 0, 0, 0, 0, 0], [0, 0, 0, 0, 0, 0, 0, 0], [0, 0, 0, 0, 0, 0, 0, 0], [0, 0, 0, 0, 0, 0, 0, 0]]",2.994
922,0.01,4,"[[7.91, 1.03, 5.87, 7.52, 6.88, 7.18, 6.1], [5.88, 5.55, 1.78, 3.0, 4.69, 4.52, 8.75], [5.71, 1.25, 6.22, 6.17, 8.38, 7.26, 4.32], [6.4, 8.88, 5.28, 4.23, 1.08, 0.7, 3.39]]",5.0,4.23,47,"[0.3, 0.18, 0.2, 0.32]","[[0, 0, 0, 0, 0, 0, 0, 0], [0, 0, 0, 0, 0, 0, 0, 0], [0, 0, 0, 0, 0, 0, 0, 0], [0, 0, 0, 0, 0, 0, 0, 0]]",2.994
923,0.01,4,"[[7.32, 4.38, 4.99, 7.76, 5.0, 5.94, 2.36], [8.4, 3.61, 8.45, 4.23, 7.02, 4.36, 9.23], [1.69, 3.23, 3.54, 3.86, 3.72, 2.06, 0.61], [7.94, 7.02, 6.73, 4.28, 8.5, 0.13, 2.63]]",5.0,7.76,47,"[0.85, 0.03, 0.11, 0.01]","[[0, 0, 0, 0, 1, 0, 0, 0], [0, 0, 0, 0, 0, 0, 0, 0], [0, 0, 0, 0, 0, 0, 0, 0], [0, 0, 0, 0, 0, 0, 0, 0]]",2.994
924,0.01,5,"[[8.51, 2.86, 5.22, 3.29, 7.8, 7.12, 2.91], [7.85, 5.63, 4.76, 5.73, 4.36, 4.99, 0.21], [1.1, 2.64, 4.86, 7.57, 7.15, 0.31, 2.34], [6.38, 5.91, 3.08, 6.0, 7.58, 3.85, 6.26]]",5.0,7.58,47,"[0.19, 0.32, 0.23, 0.26]","[[0, 0, 0, 0, 0, 0, 0, 0], [0, 0, 0, 0, 0, 0, 0, 0], [0, 0, 0, 0, 0, 0, 0, 0], [0, 0, 0, 0, 0, 0, 0, 0]]",2.994
925,0.01,6,"[[7.74, 3.22, 6.43, 3.71, 7.81, 4.87, 5.0], [6.79, 7.24, 2.38, 4.86, 3.87, 6.17, 4.92], [3.15, 9.58, 2.44, 5.2, 8.45, 2.58, 2.29], [4.2, 1.81, 5.9, 9.47, 8.69, 2.45, 6.94]]",5.0,4.87,47,"[0.15, 0.38, 0.14, 0.33]","[[0, 0, 0, 0, 0, 0, 0, 0], [0, 0, 0, 0, 0, 0, 0, 0], [0, 0, 0, 0, 0, 0, 0, 0], [0, 0, 0, 0, 0, 0, 0, 0]]",2.994
926,0.01,1,"[[7.04, 7.27, 1.99, 4.87, 6.53, 6.34, 1.47], [5.29, 2.16, 9.06, 4.67, 7.92, 5.41, 7.56], [6.95, 5.35, 1.7, 4.81, 6.84, 1.21, 8.92], [6.63, 5.53, 4.35, 1.42, 5.69, 5.92, 4.12]]",5.0,5.29,47,"[0.07, 0.87, 0.03, 0.03]","[[0, 0, 0, 0, 0, 0, 0, 0], [0, 0, 0, 0, 0, 0, 0, 0], [0, 0, 0, 0, 0, 0, 0, 0], [0, 0, 0, 0, 0, 0, 0, 0]]",2.994
927,0.01,2,"[[3.25, 0.97, 8.64, 8.18, 2.13, 6.22, 0.77], [5.88, 7.57, 5.25, 3.43, 6.13, 3.52, 3.61], [5.54, 4.65, 8.68, 9.8, 7.31, 3.42, 4.37], [7.14, 2.83, 7.59, 3.91, 6.6, 1.41, 1.96]]",5.0,2.83,47,"[0.06, 0.03, 0.01, 0.9]","[[0, 0, 0, 0, 0, 0, 0, 0], [0, 0, 0, 0, 0, 0, 0, 0], [0, 0, 0, 0, 0, 0, 0, 0], [0, 0, 0, 0, 0, 0, 0, 0]]",2.994
928,0.01,7,"[[0.94, 9.58, 9.58, 1.68, 3.99, 3.26, 9.98], [7.2, 6.69, 3.6, 6.35, 1.28, 0.52, 9.84], [4.59, 4.33, 3.41, 2.69, 0.89, 3.28, 2.91], [7.61, 5.48, 8.81, 6.78, 0.6, 7.91, 3.87]]",5.0,9.84,47,"[0.01, 0.89, 0.08, 0.02]","[[0, 0, 0, 0, 0, 0, 0, 0], [0, 0, 0, 0, 0, 0, 0, 0], [0, 0, 0, 0, 0, 0, 0, 0], [0, 0, 0, 0, 0, 0, 0, 0]]",2.994
929,0.01,6,"[[7.11, 5.78, 4.85, 4.33, 7.33, 7.89, 5.26], [5.95, 7.87, 3.44, 7.0, 6.97, 5.22, 6.26], [3.72, 9.35, 7.04, 6.38, 7.42, 6.47, 5.89], [5.94, 4.84, 1.39, 4.52, 3.41, 2.82, 3.73]]",5.0,6.47,47,"[0.33, 0.2, 0.24, 0.23]","[[0, 0, 0, 0, 0, 0, 0, 0], [0, 0, 0, 0, 0, 0, 0, 0], [0, 0, 0, 0, 0, 0, 0, 0], [0, 0, 0, 0, 0, 0, 0, 0]]",2.994
930,0.01,1,"[[0.05, 0.17, 0.08, 0.07, 0.16, 0.13, 0.05], [0.1, 0.16, 0.24, 0.2, 0.19, 0.19, 0.23], [0.18, 0.13, 0.06, 0.19, 0.17, 0.21, 0.13], [0.16, 0.18, 0.2, 0.12, 0.19, 0.08, 0.19]]",0.13,0.05,47,"[0.85, 0.1, 0.02, 0.03]","[[0, 0, 0, 0, 0, 0, 0, 0], [0, 0, 0, 0, 0, 0, 0, 0], [0, 0, 0, 0, 0, 0, 0, 0], [0, 0, 0, 0, 0, 0, 0, 0]]",0.072
931,0.01,7,"[[0.2, 0.21, 0.23, 0.23, 0.18, 0.14, 0.22], [0.2, 0.22, 0.22, 0.25, 0.05, 0.12, 0.09], [0.02, 0.05, 0.07, 0.23, 0.14, 0.19, 0.02], [0.12, 0.1, 0.13, 0.23, 0.18, 0.06, 0.24]]",0.13,0.02,47,"[0.08, 0.03, 0.87, 0.02]","[[0, 0, 0, 0, 0, 0, 0, 1], [0, 0, 0, 0, 0, 0, 0, 0], [0, 0, 0, 0, 0, 0, 0, 0], [0, 0, 0, 0, 0, 0, 0, 0]]",0.072
932,0.01,4,"[[0.01, 0.19, 0.1, 0.03, 0.13, 0.15, 0.13], [0.17, 0.18, 0.07, 0.17, 0.17, 0.12, 0.12], [0.11, 0.17, 0.18, 0.22, 0.08, 0.06, 0.07], [0.12, 0.02, 0.07, 0.16, 0.17, 0.14, 0.04]]",0.13,0.16,47,"[0.3, 0.29, 0.13, 0.28]","[[0, 0, 0, 0, 0, 0, 0, 0], [0, 0, 0, 0, 0, 0, 0, 0], [0, 0, 0, 0, 0, 0, 0, 0], [0, 0, 0, 0, 0, 0, 0, 0]]",0.072
933,0.01,2,"[[0.18, 0.08, 0.04, 0.19, 0.05, 0.05, 0.16], [0.09, 0.22, 0.23, 0.17, 0.13, 0.24, 0.18], [0.21, 0.2, 0.1, 0.14, 0.11, 0.11, 0.19], [0.23, 0.14, 0.16, 0.18, 0.12, 0.18, 0.03]]",0.13,0.22,47,"[0.02, 0.92, 0.02, 0.04]","[[0, 0, 0, 0, 0, 0, 0, 0], [0, 0, 0, 0, 0, 0, 0, 0], [0, 0, 0, 0, 0, 0, 0, 0], [0, 0, 0, 0, 0, 0, 0, 0]]",0.072
934,0.01,3,"[[0.23, 0.06, 0.08, 0.13, 0.11, 0.05, 0.11], [0.17, 0.17, 0.17, 0.13, 0.09, 0.2, 0.07], [0.21, 0.11, 0.17, 0.05, 0.13, 0.11, 0.17], [0.16, 0.02, 0.2, 0.19, 0.23, 0.13, 0.13]]",0.13,0.17,47,"[0.24, 0.22, 0.21, 0.33]","[[0, 0, 0, 0, 0, 0, 0, 0], [0, 0, 0, 0, 0, 0, 0, 0], [0, 0, 0, 0, 0, 0, 0, 0], [0, 0, 0, 0, 0, 0, 0, 0]]",0.072
935,0.01,5,"[[0.18, 0.08, 0.14, 0.2, 0.12, 0.1, 0.1], [0.1, 0.05, 0.2, 0.13, 0.11, 0.09, 0.04], [0.15, 0.11, 0.22, 0.09, 0.14, 0.12, 0.12], [0.17, 0.01, 0.14, 0.05, 0.14, 0.07, 0.08]]",0.13,0.12,47,"[0.3, 0.22, 0.27, 0.21]","[[0, 0, 0, 0, 0, 0, 0, 0], [0, 0, 0, 0, 0, 0, 0, 0], [0, 0, 0, 0, 0, 0, 0, 0], [0, 0, 0, 0, 0, 0, 0, 0]]",0.072
936,0.01,5,"[[0.15, 0.08, 0.15, 0.12, 0.15, 0.08, 0.22], [0.12, 0.2, 0.22, 0.16, 0.25, 0.12, 0.11], [0.19, 0.22, 0.15, 0.08, 0.12, 0.14, 0.2], [0.21, 0.16, 0.09, 0.16, 0.22, 0.15, 0.19]]",0.13,0.12,47,"[0.05, 0.07, 0.86, 0.02]","[[0, 0, 0, 0, 0, 0, 0, 0], [0, 0, 0, 0, 0, 0, 0, 0], [0, 0, 0, 0, 0, 0, 0, 0], [0, 0, 0, 0, 0, 0, 0, 0]]",0.072
937,0.01,7,"[[0.12, 0.17, 0.14, 0.13, 0.11, 0.07, 0.23], [0.21, 0.03, 0.18, 0.17, 0.22, 0.07, 0.12], [0.06, 0.15, 0.14, 0.1, 0.11, 0.15, 0.22], [0.13, 0.03, 0.18, 0.17, 0.07, 0.25, 0.1]]",0.13,0.12,47,"[0.39, 0.18, 0.15, 0.28]","[[0, 0, 0, 0, 0, 0, 0, 0], [0, 0, 0, 0, 0, 0, 0, 0], [0, 0, 0, 0, 0, 0, 0, 0], [0, 0, 0, 0, 0, 0, 0, 0]]",0.072
938,0.01,1,"[[0.12, 0.04, 0.15, 0.03, 0.12, 0.21, 0.16], [0.15, 0.15, 0.1, 0.11, 0.22, 0.11, 0.06], [0.06, 0.07, 0.19, 0.11, 0.05, 0.07, 0.16], [0.05, 0.12, 0.14, 0.09, 0.12, 0.13, 0.02]]",0.13,0.06,47,"[0.04, 0.05, 0.89, 0.02]","[[0, 0, 0, 0, 0, 0, 0, 0], [0, 0, 0, 0, 0, 0, 0, 0], [0, 0, 0, 0, 0, 0, 0, 0], [0, 0, 0, 0, 0, 0, 0, 0]]",0.072
939,0.01,1,"[[0.08, 0.08, 0.03, 0.08, 0.06, 0.11, 0.11], [0.21, 0.12, 0.16, 0.16, 0.17, 0.12, 0.08], [0.24, 0.22, 0.1, 0.12, 0.06, 0.2, 0.05], [0.13, 0.19, 0.1, 0.18, 0.14, 0.09, 0.16]]",0.13,0.24,47,"[0.12, 0.34, 0.21, 0.33]","[[0, 0, 0, 0, 0, 0, 0, 0], [0, 0, 0, 0, 0, 0, 0, 0], [0, 0, 0, 0, 0, 0, 0, 0], [0, 0, 0, 0, 0, 0, 0, 0]]",0.072
940,0.01,1,"[[7.32, 4.38, 4.99, 7.76, 5.0, 5.94, 2.36], [8.4, 3.61, 8.45, 4.23, 7.02, 4.36, 9.23], [1.69, 3.23, 3.54, 3.86, 3.72, 2.06, 0.61], [7.94, 7.02, 6.73, 4.28, 8.5, 0.13, 2.63]]",5.0,7.32,48,"[0.85, 0.03, 0.11, 0.01]","[[0, 1, 0, 0, 0, 0, 0, 0], [0, 0, 0, 2, 0, 0, 0, 0], [0, 0, 0, 0, 0, 3, 0, 0], [0, 0, 0, 0, 0, 0, 0, 4]]",2.994
941,0.01,7,"[[6.38, 4.4, 2.78, 4.02, 3.28, 4.56, 6.79], [6.89, 5.4, 5.87, 9.63, 0.42, 4.93, 4.29], [2.96, 2.23, 8.29, 4.74, 3.72, 2.39, 0.86], [5.36, 5.18, 6.28, 1.08, 2.81, 5.95, 9.65]]",5.0,0.86,48,"[0.2, 0.38, 0.3, 0.12]","[[0, 0, 0, 0, 0, 0, 5, 0], [0, 0, 0, 2, 0, 3, 0, 0], [0, 1, 0, 0, 0, 0, 0, 0], [0, 0, 0, 0, 0, 0, 0, 4]]",2.994
942,0.01,7,"[[5.71, 4.0, 7.87, 3.26, 8.95, 9.97, 6.35], [4.81, 5.73, 5.74, 5.66, 5.51, 4.81, 7.59], [6.14, 5.62, 3.6, 6.94, 3.42, 3.6, 6.26], [1.09, 4.7, 1.56, 4.05, 2.65, 4.29, 5.33]]",5.0,5.33,48,"[0.02, 0.08, 0.03, 0.87]","[[0, 0, 0, 0, 0, 0, 0, 0], [0, 0, 0, 0, 0, 0, 0, 0], [0, 0, 0, 0, 0, 0, 0, 0], [0, 1, 0, 2, 0, 3, 0, 4]]",2.994
943,0.01,4,"[[0.95, 2.78, 3.25, 5.38, 7.09, 3.77, 4.83], [7.13, 8.96, 5.39, 2.27, 8.34, 7.96, 4.55], [9.77, 5.61, 8.97, 8.09, 6.52, 2.37, 9.08], [8.52, 1.84, 1.06, 3.62, 0.7, 3.27, 0.14]]",5.0,5.38,48,"[0.85, 0.07, 0.07, 0.01]","[[0, 0, 1, 0, 2, 0, 3, 0], [0, 0, 0, 0, 0, 0, 0, 0], [0, 0, 0, 0, 0, 0, 0, 0], [0, 0, 0, 0, 0, 0, 0, 0]]",2.994
944,0.01,6,"[[5.97, 8.23, 1.24, 7.62, 4.62, 4.29, 5.98], [8.29, 4.65, 5.55, 1.01, 2.98, 8.74, 8.92], [1.93, 2.81, 4.79, 6.01, 7.29, 6.55, 4.48], [9.09, 1.98, 6.38, 4.5, 3.08, 5.26, 4.47]]",5.0,4.29,48,"[0.86, 0.01, 0.12, 0.01]","[[0, 1, 0, 3, 0, 5, 0, 7], [0, 0, 0, 0, 0, 0, 0, 0], [0, 0, 2, 0, 4, 0, 6, 0], [0, 0, 0, 0, 0, 0, 0, 0]]",2.994
945,0.01,4,"[[8.51, 2.86, 5.22, 3.29, 7.8, 7.12, 2.91], [7.85, 5.63, 4.76, 5.73, 4.36, 4.99, 0.21], [1.1, 2.64, 4.86, 7.57, 7.15, 0.31, 2.34], [6.38, 5.91, 3.08, 6.0, 7.58, 3.85, 6.26]]",5.0,7.57,48,"[0.19, 0.32, 0.23, 0.26]","[[0, 0, 0, 0, 0, 0, 0, 0], [0, 0, 0, 0, 0, 0, 0, 0], [0, 0, 0, 0, 0, 0, 0, 0], [0, 0, 0, 0, 0, 0, 0, 0]]",2.994
946,0.01,1,"[[1.32, 1.79, 4.74, 6.52, 9.55, 1.49, 3.36], [2.67, 2.3, 3.39, 7.85, 3.89, 7.4, 8.55], [4.18, 0.46, 4.32, 2.27, 3.18, 8.62, 2.94], [6.02, 2.09, 4.16, 3.95, 2.34, 3.36, 2.27]]",5.0,4.18,48,"[0.16, 0.11, 0.34, 0.39]","[[0, 0, 0, 0, 3, 0, 0, 0], [0, 0, 0, 0, 0, 4, 0, 0], [0, 0, 2, 0, 0, 0, 0, 0], [0, 1, 0, 0, 0, 0, 0, 0]]",2.994
947,0.01,7,"[[4.36, 8.7, 5.94, 4.41, 8.37, 5.83, 0.58], [9.58, 2.24, 8.49, 4.24, 4.63, 4.53, 5.29], [6.08, 4.31, 5.59, 3.3, 3.91, 4.21, 4.74], [9.25, 5.33, 1.67, 7.75, 5.64, 2.81, 3.02]]",5.0,0.58,48,"[0.31, 0.27, 0.14, 0.28]","[[0, 0, 0, 0, 0, 0, 0, 0], [0, 0, 0, 0, 0, 0, 0, 0], [0, 0, 0, 0, 0, 0, 0, 0], [0, 0, 0, 0, 0, 0, 0, 0]]",2.994
948,0.01,3,"[[9.88, 3.37, 6.84, 6.02, 5.72, 2.47, 6.83], [4.66, 3.57, 1.89, 8.02, 4.52, 4.58, 0.56], [5.57, 8.71, 8.98, 7.3, 1.41, 5.09, 6.3], [2.79, 3.58, 9.87, 3.61, 3.51, 7.13, 2.78]]",5.0,9.87,48,"[0.02, 0.05, 0.05, 0.88]","[[0, 0, 0, 0, 0, 0, 0, 0], [0, 0, 0, 0, 0, 0, 0, 0], [0, 0, 0, 0, 0, 0, 0, 0], [0, 1, 0, 2, 0, 3, 0, 4]]",2.994
949,0.01,2,"[[7.11, 5.78, 4.85, 4.33, 7.33, 7.89, 5.26], [5.95, 7.87, 3.44, 7.0, 6.97, 5.22, 6.26], [3.72, 9.35, 7.04, 6.38, 7.42, 6.47, 5.89], [5.94, 4.84, 1.39, 4.52, 3.41, 2.82, 3.73]]",5.0,4.84,48,"[0.33, 0.2, 0.24, 0.23]","[[0, 0, 0, 0, 0, 0, 0, 0], [0, 0, 0, 0, 0, 0, 0, 0], [0, 0, 0, 0, 0, 0, 0, 0], [0, 0, 0, 0, 0, 0, 0, 0]]",2.994
950,0.01,2,"[[0.16, 0.11, 0.08, 0.09, 0.11, 0.11, 0.06], [0.14, 0.14, 0.15, 0.18, 0.2, 0.23, 0.09], [0.09, 0.18, 0.2, 0.13, 0.05, 0.16, 0.07], [0.08, 0.02, 0.16, 0.15, 0.1, 0.09, 0.12]]",0.13,0.18,48,"[0.08, 0.02, 0.89, 0.01]","[[0, 0, 0, 0, 0, 0, 0, 0], [0, 0, 0, 0, 0, 0, 0, 0], [0, 0, 1, 0, 0, 2, 0, 3], [0, 0, 0, 0, 0, 0, 0, 0]]",0.072
951,0.01,7,"[[0.15, 0.08, 0.15, 0.12, 0.15, 0.08, 0.22], [0.12, 0.2, 0.22, 0.16, 0.25, 0.12, 0.11], [0.19, 0.22, 0.15, 0.08, 0.12, 0.14, 0.2], [0.21, 0.16, 0.09, 0.16, 0.22, 0.15, 0.19]]",0.13,0.2,48,"[0.05, 0.07, 0.86, 0.02]","[[0, 0, 0, 0, 0, 0, 0, 0], [0, 0, 0, 0, 0, 0, 0, 0], [0, 1, 0, 0, 0, 0, 0, 2], [0, 0, 0, 0, 0, 0, 0, 0]]",0.072
952,0.01,4,"[[0.19, 0.09, 0.13, 0.2, 0.03, 0.17, 0.2], [0.08, 0.14, 0.18, 0.15, 0.19, 0.11, 0.07], [0.15, 0.06, 0.07, 0.11, 0.19, 0.02, 0.14], [0.12, 0.04, 0.06, 0.04, 0.06, 0.19, 0.09]]",0.13,0.15,48,"[0.02, 0.85, 0.05, 0.08]","[[0, 0, 0, 0, 0, 0, 0, 0], [0, 0, 1, 0, 2, 0, 3, 0], [0, 0, 0, 0, 0, 0, 0, 0], [0, 0, 0, 0, 0, 0, 0, 0]]",0.072
953,0.01,7,"[[0.16, 0.21, 0.19, 0.12, 0.21, 0.05, 0.2], [0.14, 0.1, 0.04, 0.07, 0.08, 0.16, 0.22], [0.03, 0.17, 0.22, 0.13, 0.04, 0.22, 0.12], [0.16, 0.14, 0.16, 0.16, 0.18, 0.13, 0.14]]",0.13,0.22,48,"[0.06, 0.89, 0.04, 0.01]","[[0, 0, 0, 0, 0, 0, 0, 0], [0, 1, 2, 3, 4, 5, 6, 7], [0, 0, 0, 0, 0, 0, 0, 0], [0, 0, 0, 0, 0, 0, 0, 0]]",0.072
954,0.01,2,"[[0.09, 0.06, 0.16, 0.11, 0.12, 0.22, 0.04], [0.11, 0.19, 0.13, 0.18, 0.2, 0.12, 0.12], [0.11, 0.08, 0.15, 0.06, 0.15, 0.13, 0.16], [0.08, 0.15, 0.2, 0.17, 0.24, 0.04, 0.12]]",0.13,0.08,48,"[0.15, 0.32, 0.21, 0.32]","[[0, 0, 0, 0, 0, 0, 0, 0], [0, 0, 0, 0, 0, 0, 0, 0], [0, 0, 0, 0, 0, 0, 0, 0], [0, 0, 0, 0, 0, 0, 0, 0]]",0.072
955,0.01,5,"[[0.21, 0.18, 0.18, 0.07, 0.17, 0.09, 0.08], [0.07, 0.09, 0.01, 0.16, 0.02, 0.06, 0.25], [0.21, 0.16, 0.24, 0.08, 0.24, 0.16, 0.09], [0.17, 0.08, 0.18, 0.24, 0.11, 0.09, 0.22]]",0.13,0.17,48,"[0.21, 0.27, 0.2, 0.32]","[[0, 0, 0, 0, 0, 0, 0, 0], [0, 0, 0, 0, 0, 0, 0, 0], [0, 0, 0, 0, 0, 0, 0, 0], [0, 0, 0, 0, 0, 0, 0, 0]]",0.072
956,0.01,5,"[[0.04, 0.14, 0.09, 0.06, 0.18, 0.1, 0.07], [0.09, 0.13, 0.01, 0.23, 0.07, 0.19, 0.05], [0.08, 0.2, 0.08, 0.21, 0.07, 0.04, 0.22], [0.12, 0.1, 0.09, 0.18, 0.18, 0.04, 0.15]]",0.13,0.18,48,"[0.05, 0.03, 0.07, 0.85]","[[0, 0, 0, 0, 0, 0, 0, 0], [0, 0, 0, 0, 0, 0, 0, 0], [0, 0, 0, 0, 0, 0, 0, 0], [0, 0, 1, 0, 0, 2, 0, 0]]",0.072
957,0.01,4,"[[0.06, 0.11, 0.17, 0.23, 0.15, 0.14, 0.21], [0.16, 0.17, 0.08, 0.04, 0.07, 0.21, 0.12], [0.2, 0.19, 0.13, 0.12, 0.17, 0.2, 0.16], [0.1, 0.1, 0.12, 0.16, 0.01, 0.17, 0.09]]",0.13,0.04,48,"[0.23, 0.25, 0.3, 0.22]","[[0, 0, 0, 0, 0, 0, 0, 0], [0, 0, 0, 0, 0, 0, 0, 0], [0, 0, 0, 0, 0, 0, 0, 0], [0, 0, 0, 0, 0, 0, 0, 0]]",0.072
958,0.01,1,"[[0.14, 0.07, 0.05, 0.18, 0.03, 0.01, 0.18], [0.19, 0.23, 0.07, 0.1, 0.08, 0.19, 0.2], [0.17, 0.24, 0.03, 0.21, 0.19, 0.07, 0.21], [0.14, 0.09, 0.21, 0.08, 0.19, 0.05, 0.09]]",0.13,0.14,48,"[0.15, 0.26, 0.26, 0.33]","[[0, 0, 0, 0, 0, 0, 0, 0], [0, 0, 0, 0, 0, 0, 0, 0], [0, 0, 0, 0, 0, 0, 0, 0], [0, 0, 0, 0, 0, 0, 0, 0]]",0.072
959,0.01,6,"[[0.11, 0.13, 0.2, 0.15, 0.12, 0.07, 0.12], [0.17, 0.14, 0.08, 0.03, 0.14, 0.12, 0.21], [0.15, 0.05, 0.06, 0.08, 0.07, 0.16, 0.13], [0.11, 0.11, 0.13, 0.18, 0.08, 0.12, 0.15]]",0.13,0.16,48,"[0.11, 0.38, 0.34, 0.17]","[[0, 0, 0, 0, 0, 0, 0, 0], [0, 0, 0, 0, 0, 0, 0, 0], [0, 0, 0, 0, 0, 0, 0, 0], [0, 0, 0, 0, 0, 0, 0, 0]]",0.072
960,0.0,6,"[[7.17, 3.46, 5.58, 3.93, 3.7, 2.49, 5.53], [9.77, 5.93, 5.47, 2.25, 8.04, 7.17, 0.39], [7.48, 1.53, 5.91, 7.74, 1.59, 6.73, 3.86], [5.1, 6.8, 2.11, 7.09, 7.57, 6.62, 8.34]]",5.0,2.49,49,"[0.88, 0.05, 0.05, 0.02]","[[0, 1, 2, 3, 4, 5, 6, 7], [0, 8, 9, 10, 11, 12, 13, 14], [0, 0, 0, 0, 0, 0, 0, 0], [0, 0, 0, 0, 0, 0, 0, 0]]",2.994
961,0.0,5,"[[5.92, 9.68, 5.15, 2.59, 5.89, 7.38, 2.85], [1.22, 5.64, 6.3, 3.82, 9.13, 6.51, 3.36], [6.72, 1.0, 8.86, 8.25, 8.82, 6.13, 4.12], [7.5, 7.75, 5.39, 3.9, 7.48, 3.23, 1.98]]",5.0,7.48,49,"[0.3, 0.17, 0.24, 0.29]","[[0, 1, 2, 3, 4, 5, 6, 7], [0, 22, 23, 24, 25, 26, 27, 28], [0, 21, 20, 19, 18, 17, 16, 15], [0, 8, 9, 10, 11, 12, 13, 14]]",2.994
962,0.0,4,"[[7.32, 4.38, 4.99, 7.76, 5.0, 5.94, 2.36], [8.4, 3.61, 8.45, 4.23, 7.02, 4.36, 9.23], [1.69, 3.23, 3.54, 3.86, 3.72, 2.06, 0.61], [7.94, 7.02, 6.73, 4.28, 8.5, 0.13, 2.63]]",5.0,7.76,49,"[0.85, 0.03, 0.11, 0.01]","[[0, 1, 2, 3, 4, 5, 6, 7], [0, 0, 0, 0, 0, 0, 0, 0], [0, 8, 9, 10, 11, 12, 13, 14], [0, 0, 0, 0, 0, 0, 0, 0]]",2.994
963,0.0,6,"[[6.18, 4.93, 6.72, 3.3, 6.34, 6.06, 5.41], [7.2, 2.38, 3.93, 9.67, 4.79, 7.96, 3.99], [0.82, 2.25, 1.43, 2.43, 5.42, 7.07, 9.93], [9.97, 3.97, 5.79, 8.9, 4.27, 7.39, 5.81]]",5.0,7.96,49,"[0.28, 0.28, 0.19, 0.25]","[[0, 1, 3, 5, 7, 9, 11, 13], [0, 2, 4, 6, 8, 10, 12, 14], [0, 27, 26, 23, 22, 17, 19, 16], [0, 28, 24, 25, 21, 20, 18, 15]]",2.994
964,0.0,1,"[[8.02, 3.92, 3.11, 4.49, 4.13, 7.86, 3.71], [5.5, 3.12, 4.78, 4.63, 5.83, 9.55, 5.01], [6.87, 6.07, 1.32, 5.58, 8.22, 5.74, 5.54], [4.62, 3.36, 5.75, 5.59, 2.34, 1.7, 6.64]]",5.0,6.87,49,"[0.25, 0.27, 0.24, 0.24]","[[0, 1, 3, 5, 7, 9, 11, 13], [0, 2, 4, 6, 8, 10, 12, 14], [0, 27, 26, 23, 22, 19, 18, 15], [0, 28, 25, 24, 21, 20, 17, 16]]",2.994
965,0.0,7,"[[0.94, 9.58, 9.58, 1.68, 3.99, 3.26, 9.98], [7.2, 6.69, 3.6, 6.35, 1.28, 0.52, 9.84], [4.59, 4.33, 3.41, 2.69, 0.89, 3.28, 2.91], [7.61, 5.48, 8.81, 6.78, 0.6, 7.91, 3.87]]",5.0,9.84,49,"[0.01, 0.89, 0.08, 0.02]","[[0, 1, 3, 5, 7, 9, 11, 13], [0, 2, 4, 6, 8, 10, 12, 14], [0, 15, 17, 19, 21, 23, 25, 27], [0, 16, 18, 20, 22, 24, 26, 28]]",2.994
966,0.0,7,"[[5.12, 1.51, 5.2, 6.71, 2.69, 8.45, 7.56], [1.26, 6.81, 6.02, 6.85, 3.83, 2.04, 5.15], [0.77, 1.29, 6.67, 1.6, 1.63, 0.54, 0.89], [4.2, 5.58, 3.29, 3.97, 3.54, 6.37, 4.95]]",5.0,4.95,49,"[0.21, 0.27, 0.19, 0.33]","[[0, 1, 8, 9, 13, 20, 21, 28], [0, 2, 7, 10, 14, 19, 22, 27], [0, 3, 6, 12, 15, 18, 23, 26], [0, 4, 5, 11, 16, 17, 24, 25]]",2.994
967,0.0,6,"[[1.63, 4.7, 3.32, 2.64, 8.47, 3.24, 4.54], [8.67, 5.47, 1.74, 1.77, 1.06, 7.43, 3.25], [4.05, 4.33, 1.96, 6.68, 6.28, 9.52, 7.64], [3.95, 5.24, 1.85, 2.91, 0.64, 2.21, 1.85]]",5.0,7.43,49,"[0.05, 0.89, 0.05, 0.01]","[[0, 9, 0, 0, 0, 0, 13, 0], [0, 1, 2, 4, 3, 5, 6, 7], [0, 8, 0, 0, 0, 0, 12, 0], [0, 10, 0, 0, 0, 0, 11, 0]]",2.994
968,0.0,2,"[[7.74, 3.22, 6.43, 3.71, 7.81, 4.87, 5.0], [6.79, 7.24, 2.38, 4.86, 3.87, 6.17, 4.92], [3.15, 9.58, 2.44, 5.2, 8.45, 2.58, 2.29], [4.2, 1.81, 5.9, 9.47, 8.69, 2.45, 6.94]]",5.0,7.24,49,"[0.15, 0.38, 0.14, 0.33]","[[0, 0, 16, 0, 0, 0, 18, 0], [0, 1, 2, 3, 4, 5, 6, 7], [0, 0, 15, 0, 0, 0, 17, 0], [0, 8, 9, 10, 11, 13, 12, 14]]",2.994
969,0.0,6,"[[3.4, 2.14, 9.33, 2.59, 4.55, 1.09, 2.85], [2.69, 7.17, 4.91, 8.03, 6.07, 6.49, 2.28], [2.24, 5.15, 4.83, 2.39, 2.78, 7.43, 5.61], [3.01, 5.69, 6.66, 3.22, 3.6, 8.48, 3.28]]",5.0,7.43,49,"[0.07, 0.01, 0.9, 0.02]","[[0, 0, 0, 0, 0, 0, 10, 0], [0, 0, 0, 0, 0, 0, 8, 0], [0, 1, 2, 3, 4, 5, 6, 7], [0, 0, 0, 0, 0, 0, 9, 0]]",2.994
970,0.0,1,"[[0.23, 0.06, 0.08, 0.13, 0.11, 0.05, 0.11], [0.17, 0.17, 0.17, 0.13, 0.09, 0.2, 0.07], [0.21, 0.11, 0.17, 0.05, 0.13, 0.11, 0.17], [0.16, 0.02, 0.2, 0.19, 0.23, 0.13, 0.13]]",0.13,0.21,49,"[0.24, 0.22, 0.21, 0.33]","[[0, 1, 3, 5, 8, 9, 12, 13], [0, 2, 4, 6, 7, 10, 11, 14], [0, 27, 26, 23, 22, 19, 18, 15], [0, 28, 25, 24, 21, 20, 17, 16]]",0.072
971,0.0,3,"[[0.02, 0.1, 0.05, 0.19, 0.09, 0.05, 0.06], [0.03, 0.12, 0.22, 0.08, 0.02, 0.07, 0.12], [0.18, 0.19, 0.1, 0.18, 0.18, 0.13, 0.15], [0.08, 0.17, 0.23, 0.11, 0.13, 0.16, 0.07]]",0.13,0.23,49,"[0.06, 0.06, 0.03, 0.85]","[[0, 0, 0, 10, 0, 0, 0, 0], [0, 0, 0, 9, 0, 0, 0, 0], [0, 0, 0, 8, 0, 0, 0, 0], [0, 1, 2, 4, 3, 5, 6, 7]]",0.072
972,0.0,3,"[[0.15, 0.08, 0.16, 0.16, 0.12, 0.04, 0.13], [0.17, 0.17, 0.2, 0.1, 0.06, 0.16, 0.12], [0.04, 0.25, 0.2, 0.11, 0.04, 0.11, 0.24], [0.15, 0.14, 0.05, 0.11, 0.22, 0.22, 0.2]]",0.13,0.2,49,"[0.01, 0.89, 0.09, 0.01]","[[0, 0, 0, 10, 0, 0, 0, 0], [0, 1, 2, 3, 4, 5, 6, 7], [0, 0, 0, 8, 0, 0, 0, 0], [0, 0, 0, 9, 0, 0, 0, 0]]",0.072
973,0.0,7,"[[0.11, 0.17, 0.16, 0.1, 0.16, 0.08, 0.16], [0.14, 0.11, 0.1, 0.17, 0.15, 0.09, 0.15], [0.18, 0.13, 0.06, 0.09, 0.04, 0.12, 0.18], [0.24, 0.17, 0.23, 0.17, 0.08, 0.13, 0.06]]",0.13,0.16,49,"[0.26, 0.27, 0.3, 0.17]","[[0, 1, 8, 9, 16, 17, 24, 25], [0, 2, 7, 10, 15, 18, 23, 26], [0, 3, 6, 11, 14, 19, 22, 27], [0, 4, 5, 12, 13, 20, 21, 28]]",0.072
974,0.0,2,"[[0.06, 0.22, 0.11, 0.12, 0.13, 0.09, 0.18], [0.2, 0.17, 0.05, 0.09, 0.17, 0.16, 0.24], [0.14, 0.03, 0.23, 0.14, 0.04, 0.13, 0.18], [0.16, 0.1, 0.17, 0.16, 0.14, 0.04, 0.05]]",0.13,0.22,49,"[0.87, 0.02, 0.1, 0.01]","[[0, 1, 2, 3, 4, 5, 7, 6], [0, 0, 10, 0, 0, 0, 0, 0], [0, 8, 9, 12, 13, 14, 15, 16], [0, 0, 11, 0, 0, 0, 0, 0]]",0.072
975,0.0,5,"[[0.11, 0.06, 0.11, 0.08, 0.17, 0.11, 0.11], [0.14, 0.12, 0.06, 0.14, 0.09, 0.14, 0.12], [0.04, 0.15, 0.09, 0.13, 0.15, 0.18, 0.21], [0.1, 0.08, 0.17, 0.08, 0.19, 0.13, 0.19]]",0.13,0.19,49,"[0.26, 0.2, 0.27, 0.27]","[[0, 1, 8, 9, 16, 17, 24, 25], [0, 2, 7, 10, 15, 18, 23, 26], [0, 3, 6, 11, 14, 19, 22, 27], [0, 4, 5, 12, 13, 20, 21, 28]]",0.072
976,0.0,5,"[[0.14, 0.15, 0.11, 0.2, 0.03, 0.13, 0.04], [0.03, 0.07, 0.1, 0.21, 0.1, 0.13, 0.08], [0.14, 0.03, 0.06, 0.05, 0.15, 0.08, 0.09], [0.13, 0.08, 0.16, 0.01, 0.21, 0.09, 0.05]]",0.13,0.15,49,"[0.06, 0.03, 0.86, 0.05]","[[0, 0, 0, 0, 0, 10, 0, 0], [0, 0, 0, 0, 0, 8, 0, 0], [0, 1, 2, 3, 4, 5, 6, 7], [0, 0, 0, 0, 0, 9, 0, 0]]",0.072
977,0.0,7,"[[0.16, 0.21, 0.19, 0.12, 0.21, 0.05, 0.2], [0.14, 0.1, 0.04, 0.07, 0.08, 0.16, 0.22], [0.03, 0.17, 0.22, 0.13, 0.04, 0.22, 0.12], [0.16, 0.14, 0.16, 0.16, 0.18, 0.13, 0.14]]",0.13,0.22,49,"[0.06, 0.89, 0.04, 0.01]","[[0, 0, 0, 0, 0, 0, 0, 8], [0, 1, 2, 4, 3, 5, 6, 7], [0, 0, 0, 0, 0, 0, 0, 9], [0, 0, 0, 0, 0, 0, 0, 10]]",0.072
978,0.0,6,"[[0.14, 0.12, 0.08, 0.02, 0.14, 0.19, 0.09], [0.2, 0.01, 0.13, 0.03, 0.11, 0.06, 0.23], [0.19, 0.12, 0.16, 0.15, 0.16, 0.07, 0.21], [0.09, 0.14, 0.24, 0.12, 0.1, 0.2, 0.16]]",0.13,0.2,49,"[0.36, 0.17, 0.12, 0.35]","[[0, 1, 6, 7, 12, 13, 16, 17], [0, 2, 5, 8, 0, 0, 20, 0], [0, 0, 0, 9, 0, 0, 19, 0], [0, 3, 4, 11, 10, 14, 15, 18]]",0.072
979,0.0,1,"[[0.22, 0.12, 0.18, 0.2, 0.04, 0.04, 0.16], [0.19, 0.18, 0.17, 0.17, 0.18, 0.2, 0.15], [0.03, 0.13, 0.18, 0.12, 0.17, 0.16, 0.08], [0.21, 0.09, 0.16, 0.11, 0.25, 0.1, 0.16]]",0.13,0.03,49,"[0.34, 0.12, 0.22, 0.32]","[[0, 1, 2, 3, 4, 5, 6, 7], [0, 18, 0, 0, 16, 0, 0, 0], [0, 17, 0, 0, 15, 0, 0, 0], [0, 13, 12, 11, 14, 10, 9, 8]]",0.072
980,0.0,6,"[[0.14, 0.12, 0.08, 0.02, 0.14, 0.19, 0.09], [0.2, 0.01, 0.13, 0.03, 0.11, 0.06, 0.23], [0.19, 0.12, 0.16, 0.15, 0.16, 0.07, 0.21], [0.09, 0.14, 0.24, 0.12, 0.1, 0.2, 0.16]]",0.13,0.06,50,"[0.36, 0.17, 0.12, 0.35]","[[0, 1, 2, 3, 4, 5, 6, 7], [0, 14, 13, 12, 11, 10, 9, 8], [0, 15, 16, 17, 18, 19, 20, 21], [0, 28, 27, 26, 25, 24, 23, 22]]",0.072
981,0.0,3,"[[0.02, 0.1, 0.05, 0.19, 0.09, 0.05, 0.06], [0.03, 0.12, 0.22, 0.08, 0.02, 0.07, 0.12], [0.18, 0.19, 0.1, 0.18, 0.18, 0.13, 0.15], [0.08, 0.17, 0.23, 0.11, 0.13, 0.16, 0.07]]",0.13,0.23,50,"[0.06, 0.06, 0.03, 0.85]","[[0, 4, 5, 12, 13, 20, 21, 28], [0, 3, 6, 11, 14, 19, 22, 27], [0, 2, 7, 10, 15, 18, 23, 26], [0, 1, 8, 9, 16, 17, 24, 25]]",0.072
982,0.0,1,"[[0.21, 0.18, 0.18, 0.07, 0.17, 0.09, 0.08], [0.07, 0.09, 0.01, 0.16, 0.02, 0.06, 0.25], [0.21, 0.16, 0.24, 0.08, 0.24, 0.16, 0.09], [0.17, 0.08, 0.18, 0.24, 0.11, 0.09, 0.22]]",0.13,0.21,50,"[0.21, 0.27, 0.2, 0.32]","[[0, 1, 8, 9, 16, 17, 24, 25], [0, 2, 7, 10, 15, 19, 23, 26], [0, 3, 6, 11, 14, 18, 22, 27], [0, 4, 5, 12, 13, 20, 21, 28]]",0.072
983,0.0,6,"[[0.15, 0.2, 0.21, 0.14, 0.15, 0.21, 0.2], [0.1, 0.12, 0.15, 0.05, 0.19, 0.19, 0.19], [0.2, 0.18, 0.22, 0.07, 0.23, 0.17, 0.15], [0.25, 0.17, 0.14, 0.07, 0.06, 0.14, 0.21]]",0.13,0.14,50,"[0.33, 0.32, 0.13, 0.22]","[[0, 1, 3, 5, 7, 9, 11, 13], [0, 2, 4, 6, 8, 10, 12, 14], [0, 16, 18, 20, 22, 24, 26, 28], [0, 15, 17, 19, 21, 23, 25, 27]]",0.072
984,0.0,6,"[[0.07, 0.07, 0.17, 0.05, 0.08, 0.18, 0.15], [0.19, 0.17, 0.06, 0.13, 0.2, 0.13, 0.2], [0.08, 0.18, 0.04, 0.21, 0.15, 0.15, 0.18], [0.06, 0.08, 0.09, 0.02, 0.12, 0.19, 0.09]]",0.13,0.15,50,"[0.31, 0.27, 0.19, 0.23]","[[0, 3, 4, 12, 13, 20, 21, 28], [0, 2, 5, 11, 14, 19, 22, 27], [0, 7, 6, 10, 15, 18, 23, 26], [0, 1, 8, 9, 16, 17, 24, 25]]",0.072
985,0.0,2,"[[0.08, 0.23, 0.16, 0.14, 0.22, 0.12, 0.2], [0.17, 0.2, 0.03, 0.17, 0.21, 0.17, 0.07], [0.08, 0.2, 0.14, 0.22, 0.1, 0.13, 0.17], [0.07, 0.12, 0.01, 0.11, 0.05, 0.12, 0.17]]",0.13,0.23,50,"[0.86, 0.03, 0.04, 0.07]","[[0, 1, 2, 3, 4, 5, 6, 7], [0, 0, 11, 0, 0, 8, 0, 0], [0, 0, 12, 0, 0, 9, 0, 0], [0, 0, 13, 0, 0, 10, 0, 0]]",0.072
986,0.0,4,"[[0.2, 0.21, 0.23, 0.23, 0.18, 0.14, 0.22], [0.2, 0.22, 0.22, 0.25, 0.05, 0.12, 0.09], [0.02, 0.05, 0.07, 0.23, 0.14, 0.19, 0.02], [0.12, 0.1, 0.13, 0.23, 0.18, 0.06, 0.24]]",0.13,0.25,50,"[0.08, 0.03, 0.87, 0.02]","[[0, 0, 0, 0, 8, 0, 9, 0], [0, 0, 0, 0, 10, 0, 12, 0], [0, 1, 2, 3, 4, 5, 6, 7], [0, 0, 0, 0, 11, 0, 13, 0]]",0.072
987,0.0,6,"[[0.19, 0.12, 0.08, 0.18, 0.08, 0.2, 0.22], [0.05, 0.04, 0.19, 0.18, 0.18, 0.05, 0.1], [0.21, 0.13, 0.15, 0.13, 0.16, 0.15, 0.08], [0.19, 0.06, 0.09, 0.07, 0.04, 0.2, 0.08]]",0.13,0.2,50,"[0.16, 0.28, 0.23, 0.33]","[[0, 1, 9, 8, 16, 17, 24, 25], [0, 2, 7, 10, 15, 18, 23, 26], [0, 3, 6, 11, 14, 19, 22, 27], [0, 4, 5, 12, 13, 20, 21, 28]]",0.072
988,0.0,5,"[[0.08, 0.23, 0.11, 0.15, 0.14, 0.16, 0.07], [0.19, 0.17, 0.09, 0.16, 0.14, 0.09, 0.03], [0.13, 0.11, 0.24, 0.17, 0.14, 0.06, 0.15], [0.09, 0.17, 0.09, 0.17, 0.19, 0.1, 0.17]]",0.13,0.19,50,"[0.01, 0.02, 0.11, 0.86]","[[0, 0, 0, 0, 0, 0, 0, 0], [0, 0, 0, 0, 0, 0, 0, 0], [0, 9, 10, 11, 12, 8, 13, 14], [0, 1, 2, 3, 4, 5, 6, 7]]",0.072
989,0.0,1,"[[0.06, 0.1, 0.22, 0.17, 0.09, 0.03, 0.08], [0.24, 0.07, 0.1, 0.11, 0.11, 0.15, 0.16], [0.04, 0.05, 0.2, 0.13, 0.03, 0.1, 0.19], [0.2, 0.09, 0.17, 0.15, 0.2, 0.1, 0.15]]",0.13,0.2,50,"[0.01, 0.1, 0.04, 0.85]","[[0, 0, 0, 0, 0, 0, 0, 0], [0, 2, 4, 6, 8, 10, 12, 14], [0, 0, 0, 0, 0, 0, 0, 0], [0, 1, 3, 5, 7, 9, 11, 13]]",0.072
990,0.0,7,"[[7.78, 7.83, 6.34, 3.49, 9.25, 4.1, 8.16], [4.02, 5.78, 4.37, 3.5, 3.65, 5.34, 1.1], [4.29, 1.52, 3.77, 7.63, 3.05, 0.82, 4.95], [8.46, 6.15, 6.73, 3.18, 8.15, 6.29, 5.32]]",5.0,5.32,50,"[0.2, 0.29, 0.22, 0.29]","[[0, 1, 8, 9, 16, 17, 24, 25], [0, 2, 7, 10, 15, 18, 23, 26], [0, 3, 6, 11, 14, 19, 22, 27], [0, 4, 5, 12, 13, 20, 21, 28]]",2.994
991,0.0,7,"[[5.71, 4.0, 7.87, 3.26, 8.95, 9.97, 6.35], [4.81, 5.73, 5.74, 5.66, 5.51, 4.81, 7.59], [6.14, 5.62, 3.6, 6.94, 3.42, 3.6, 6.26], [1.09, 4.7, 1.56, 4.05, 2.65, 4.29, 5.33]]",5.0,5.33,50,"[0.02, 0.08, 0.03, 0.87]","[[0, 0, 0, 0, 0, 0, 0, 15], [0, 2, 4, 6, 8, 10, 12, 14], [0, 0, 0, 0, 0, 0, 0, 16], [0, 1, 3, 5, 7, 9, 11, 13]]",2.994
992,0.0,1,"[[7.91, 1.03, 5.87, 7.52, 6.88, 7.18, 6.1], [5.88, 5.55, 1.78, 3.0, 4.69, 4.52, 8.75], [5.71, 1.25, 6.22, 6.17, 8.38, 7.26, 4.32], [6.4, 8.88, 5.28, 4.23, 1.08, 0.7, 3.39]]",5.0,6.4,50,"[0.3, 0.18, 0.2, 0.32]","[[0, 1, 3, 5, 7, 9, 11, 13], [0, 17, 0, 0, 0, 0, 16, 0], [0, 18, 0, 0, 0, 0, 15, 0], [0, 2, 4, 6, 8, 10, 12, 14]]",2.994
993,0.0,1,"[[2.44, 7.36, 6.46, 5.15, 7.43, 1.32, 0.71], [3.96, 8.36, 4.6, 6.91, 2.69, 5.0, 1.64], [8.24, 5.23, 2.67, 1.92, 6.03, 2.88, 7.54], [1.43, 5.93, 6.77, 1.1, 3.47, 5.78, 6.1]]",5.0,8.24,50,"[0.02, 0.06, 0.89, 0.03]","[[0, 0, 0, 0, 0, 0, 0, 0], [0, 11, 12, 13, 14, 8, 9, 10], [0, 1, 2, 3, 4, 5, 6, 7], [0, 0, 0, 0, 0, 0, 0, 0]]",2.994
994,0.0,2,"[[1.92, 6.77, 0.18, 0.58, 7.09, 4.34, 4.61], [2.63, 2.6, 4.89, 2.52, 8.42, 2.23, 4.37], [6.54, 7.27, 4.71, 3.86, 8.83, 4.81, 5.31], [5.47, 8.91, 3.37, 8.65, 6.85, 1.47, 5.12]]",5.0,7.27,50,"[0.31, 0.2, 0.17, 0.32]","[[0, 1, 3, 5, 7, 9, 11, 13], [0, 0, 15, 0, 0, 0, 0, 0], [0, 0, 16, 0, 0, 0, 0, 0], [0, 2, 4, 6, 8, 10, 12, 14]]",2.994
995,0.0,5,"[[4.36, 8.7, 5.94, 4.41, 8.37, 5.83, 0.58], [9.58, 2.24, 8.49, 4.24, 4.63, 4.53, 5.29], [6.08, 4.31, 5.59, 3.3, 3.91, 4.21, 4.74], [9.25, 5.33, 1.67, 7.75, 5.64, 2.81, 3.02]]",5.0,8.37,50,"[0.31, 0.27, 0.14, 0.28]","[[0, 1, 5, 12, 13, 20, 24, 28], [0, 2, 6, 11, 14, 19, 23, 27], [0, 3, 7, 10, 15, 18, 22, 26], [0, 4, 8, 9, 16, 17, 21, 25]]",2.994
996,0.0,4,"[[3.54, 3.18, 6.26, 3.39, 3.52, 5.47, 1.42], [3.13, 1.91, 7.14, 3.81, 4.58, 6.9, 8.39], [7.48, 1.27, 5.41, 7.63, 6.12, 1.81, 6.34], [6.09, 3.7, 4.25, 4.91, 0.8, 7.46, 7.59]]",5.0,7.63,50,"[0.04, 0.07, 0.88, 0.01]","[[0, 0, 0, 0, 0, 0, 0, 0], [0, 9, 0, 0, 8, 0, 0, 10], [0, 1, 2, 3, 4, 5, 6, 7], [0, 0, 0, 0, 0, 0, 0, 0]]",2.994
997,0.0,1,"[[7.17, 3.46, 5.58, 3.93, 3.7, 2.49, 5.53], [9.77, 5.93, 5.47, 2.25, 8.04, 7.17, 0.39], [7.48, 1.53, 5.91, 7.74, 1.59, 6.73, 3.86], [5.1, 6.8, 2.11, 7.09, 7.57, 6.62, 8.34]]",5.0,7.17,50,"[0.88, 0.05, 0.05, 0.02]","[[0, 1, 2, 3, 4, 5, 6, 7], [0, 8, 10, 12, 14, 16, 18, 20], [0, 9, 11, 13, 15, 17, 19, 21], [0, 22, 0, 0, 0, 0, 0, 0]]",2.994
998,0.0,5,"[[5.92, 9.68, 5.15, 2.59, 5.89, 7.38, 2.85], [1.22, 5.64, 6.3, 3.82, 9.13, 6.51, 3.36], [6.72, 1.0, 8.86, 8.25, 8.82, 6.13, 4.12], [7.5, 7.75, 5.39, 3.9, 7.48, 3.23, 1.98]]",5.0,8.82,50,"[0.3, 0.17, 0.24, 0.29]","[[0, 1, 5, 9, 13, 17, 21, 25], [0, 2, 6, 10, 14, 18, 22, 26], [0, 3, 7, 11, 15, 19, 23, 27], [0, 4, 8, 12, 16, 20, 24, 28]]",2.994
999,0.0,2,"[[3.89, 7.03, 1.42, 3.85, 5.57, 3.85, 2.09], [1.42, 3.42, 3.49, 1.78, 8.76, 8.52, 6.88], [3.98, 7.53, 6.94, 2.68, 5.16, 4.6, 0.82], [7.43, 7.31, 6.36, 5.75, 9.0, 9.88, 3.78]]",5.0,7.31,50,"[0.86, 0.01, 0.02, 0.11]","[[0, 1, 2, 3, 4, 5, 6, 7], [0, 0, 0, 0, 0, 0, 0, 0], [0, 0, 0, 0, 0, 0, 0, 0], [0, 0, 8, 9, 10, 11, 12, 13]]",2.994
1000,0.0,7,"[[0.14, 0.07, 0.05, 0.18, 0.03, 0.01, 0.18], [0.19, 0.23, 0.07, 0.1, 0.08, 0.19, 0.2], [0.17, 0.24, 0.03, 0.21, 0.19, 0.07, 0.21], [0.14, 0.09, 0.21, 0.08, 0.19, 0.05, 0.09]]",0.13,0.2,51,"[0.15, 0.26, 0.26, 0.33]","[[0, 0, 0, 0, 0, 0, 0, 0], [0, 0, 0, 0, 0, 0, 0, 1], [0, 0, 0, 0, 0, 0, 0, 0], [0, 0, 0, 0, 0, 0, 0, 0]]",0.072
1001,0.0,7,"[[0.06, 0.22, 0.11, 0.12, 0.13, 0.09, 0.18], [0.2, 0.17, 0.05, 0.09, 0.17, 0.16, 0.24], [0.14, 0.03, 0.23, 0.14, 0.04, 0.13, 0.18], [0.16, 0.1, 0.17, 0.16, 0.14, 0.04, 0.05]]",0.13,0.18,51,"[0.87, 0.02, 0.1, 0.01]","[[0, 0, 0, 0, 0, 3, 0, 1], [0, 0, 0, 0, 0, 2, 0, 0], [0, 0, 4, 0, 0, 0, 0, 0], [0, 0, 0, 0, 0, 0, 0, 0]]",0.072
1002,0.0,2,"[[0.07, 0.16, 0.11, 0.2, 0.2, 0.19, 0.16], [0.15, 0.22, 0.24, 0.17, 0.18, 0.12, 0.12], [0.11, 0.16, 0.11, 0.12, 0.21, 0.06, 0.16], [0.17, 0.22, 0.15, 0.11, 0.24, 0.11, 0.17]]",0.13,0.22,51,"[0.09, 0.03, 0.01, 0.87]","[[0, 3, 0, 0, 0, 0, 0, 1], [0, 0, 0, 0, 5, 0, 0, 0], [0, 0, 0, 0, 0, 0, 0, 0], [0, 4, 0, 0, 0, 0, 0, 2]]",0.072
1003,0.0,3,"[[0.16, 0.11, 0.08, 0.09, 0.11, 0.11, 0.06], [0.14, 0.14, 0.15, 0.18, 0.2, 0.23, 0.09], [0.09, 0.18, 0.2, 0.13, 0.05, 0.16, 0.07], [0.08, 0.02, 0.16, 0.15, 0.1, 0.09, 0.12]]",0.13,0.16,51,"[0.08, 0.02, 0.89, 0.01]","[[0, 0, 0, 0, 0, 0, 0, 0], [0, 0, 1, 0, 2, 0, 3, 0], [0, 0, 0, 0, 0, 0, 0, 0], [0, 0, 0, 0, 0, 0, 0, 4]]",0.072
1004,0.0,4,"[[0.11, 0.22, 0.08, 0.2, 0.14, 0.03, 0.13], [0.17, 0.02, 0.02, 0.09, 0.21, 0.16, 0.15], [0.09, 0.18, 0.16, 0.17, 0.05, 0.09, 0.1], [0.18, 0.05, 0.09, 0.19, 0.24, 0.18, 0.12]]",0.13,0.2,51,"[0.33, 0.18, 0.11, 0.38]","[[0, 0, 0, 0, 0, 0, 0, 2], [0, 0, 4, 0, 0, 0, 0, 0], [0, 0, 0, 0, 0, 1, 0, 0], [0, 0, 0, 0, 0, 0, 0, 3]]",0.072
1005,0.0,5,"[[0.11, 0.13, 0.2, 0.15, 0.12, 0.07, 0.12], [0.17, 0.14, 0.08, 0.03, 0.14, 0.12, 0.21], [0.15, 0.05, 0.06, 0.08, 0.07, 0.16, 0.13], [0.11, 0.11, 0.13, 0.18, 0.08, 0.12, 0.15]]",0.13,0.07,51,"[0.11, 0.38, 0.34, 0.17]","[[0, 0, 0, 0, 0, 0, 0, 1], [0, 0, 2, 0, 0, 0, 4, 0], [0, 0, 0, 0, 7, 0, 5, 0], [0, 0, 3, 0, 0, 0, 6, 0]]",0.072
1006,0.0,7,"[[0.14, 0.16, 0.16, 0.21, 0.14, 0.04, 0.08], [0.06, 0.2, 0.17, 0.04, 0.15, 0.07, 0.15], [0.13, 0.19, 0.14, 0.02, 0.08, 0.23, 0.1], [0.15, 0.03, 0.13, 0.07, 0.13, 0.07, 0.19]]",0.13,0.19,51,"[0.26, 0.28, 0.24, 0.22]","[[0, 0, 3, 0, 0, 0, 1, 0], [0, 0, 4, 0, 2, 0, 0, 0], [0, 0, 0, 0, 0, 6, 7, 0], [0, 0, 5, 0, 0, 0, 0, 0]]",0.072
1007,0.0,5,"[[0.1, 0.1, 0.17, 0.08, 0.04, 0.09, 0.12], [0.18, 0.07, 0.12, 0.15, 0.14, 0.22, 0.18], [0.17, 0.02, 0.06, 0.16, 0.1, 0.2, 0.19], [0.23, 0.18, 0.17, 0.22, 0.21, 0.09, 0.19]]",0.13,0.14,51,"[0.21, 0.32, 0.34, 0.13]","[[0, 0, 0, 0, 3, 0, 0, 4], [0, 5, 0, 0, 0, 0, 0, 1], [0, 0, 0, 0, 2, 0, 0, 0], [0, 0, 0, 0, 0, 0, 0, 0]]",0.072
1008,0.0,6,"[[0.04, 0.14, 0.09, 0.06, 0.18, 0.1, 0.07], [0.09, 0.13, 0.01, 0.23, 0.07, 0.19, 0.05], [0.08, 0.2, 0.08, 0.21, 0.07, 0.04, 0.22], [0.12, 0.1, 0.09, 0.18, 0.18, 0.04, 0.15]]",0.13,0.1,51,"[0.05, 0.03, 0.07, 0.85]","[[0, 0, 0, 0, 0, 0, 0, 0], [0, 0, 0, 3, 0, 1, 0, 4], [0, 0, 0, 0, 0, 0, 0, 0], [0, 0, 0, 2, 0, 0, 0, 5]]",0.072
1009,0.0,4,"[[0.2, 0.21, 0.23, 0.23, 0.18, 0.14, 0.22], [0.2, 0.22, 0.22, 0.25, 0.05, 0.12, 0.09], [0.02, 0.05, 0.07, 0.23, 0.14, 0.19, 0.02], [0.12, 0.1, 0.13, 0.23, 0.18, 0.06, 0.24]]",0.13,0.23,51,"[0.08, 0.03, 0.87, 0.02]","[[0, 0, 0, 0, 0, 0, 0, 0], [0, 0, 0, 0, 0, 0, 0, 0], [0, 0, 0, 0, 1, 0, 0, 0], [0, 0, 0, 0, 2, 0, 0, 0]]",0.072
1010,0.0,6,"[[8.47, 2.82, 7.33, 4.03, 7.07, 2.75, 1.54], [4.68, 3.16, 0.97, 1.44, 5.2, 6.65, 9.25], [8.41, 7.04, 1.31, 3.23, 7.09, 7.67, 1.55], [6.28, 2.99, 4.33, 1.28, 9.25, 6.99, 2.35]]",5.0,6.99,51,"[0.01, 0.01, 0.01, 0.97]","[[0, 0, 0, 0, 0, 0, 0, 0], [0, 0, 0, 0, 0, 0, 3, 0], [0, 0, 0, 0, 0, 0, 0, 0], [0, 0, 0, 0, 1, 2, 4, 0]]",2.994
1011,0.0,6,"[[3.54, 3.18, 6.26, 3.39, 3.52, 5.47, 1.42], [3.13, 1.91, 7.14, 3.81, 4.58, 6.9, 8.39], [7.48, 1.27, 5.41, 7.63, 6.12, 1.81, 6.34], [6.09, 3.7, 4.25, 4.91, 0.8, 7.46, 7.59]]",5.0,1.81,51,"[0.04, 0.07, 0.88, 0.01]","[[0, 0, 0, 0, 8, 9, 10, 1], [0, 0, 0, 0, 0, 0, 0, 0], [0, 0, 0, 0, 0, 7, 6, 2], [0, 0, 0, 0, 0, 4, 3, 5]]",2.994
1012,0.0,7,"[[2.67, 1.86, 1.79, 5.75, 3.59, 3.3, 1.49], [1.18, 8.77, 6.89, 4.16, 3.25, 3.0, 9.34], [1.75, 2.03, 4.01, 8.67, 5.48, 1.04, 6.3], [4.37, 0.5, 5.19, 4.46, 0.43, 0.13, 6.06]]",5.0,6.3,51,"[0.24, 0.23, 0.24, 0.29]","[[0, 0, 1, 8, 0, 0, 0, 0], [0, 0, 2, 7, 0, 0, 0, 0], [0, 0, 3, 6, 0, 0, 0, 0], [0, 0, 4, 5, 9, 0, 10, 11]]",2.994
1013,0.0,1,"[[0.72, 5.25, 9.97, 4.85, 8.58, 2.57, 9.15], [5.48, 9.36, 2.36, 9.25, 3.72, 4.76, 6.74], [7.14, 7.36, 2.91, 4.13, 7.03, 8.48, 0.38], [5.84, 6.37, 7.56, 3.71, 4.02, 2.93, 0.09]]",5.0,5.48,51,"[0.03, 0.85, 0.06, 0.06]","[[0, 1, 0, 0, 0, 0, 0, 0], [0, 2, 0, 0, 0, 0, 0, 0], [0, 3, 0, 0, 0, 0, 0, 0], [0, 4, 0, 0, 0, 0, 0, 0]]",2.994
1014,0.0,4,"[[5.11, 2.17, 0.1, 9.47, 2.73, 6.4, 3.36], [4.31, 7.26, 6.36, 8.48, 2.98, 4.68, 5.77], [8.38, 2.0, 6.14, 7.53, 4.7, 1.99, 1.53], [7.09, 5.94, 3.03, 5.37, 2.51, 3.9, 2.79]]",5.0,9.47,51,"[0.31, 0.35, 0.15, 0.19]","[[0, 0, 0, 1, 5, 0, 0, 0], [0, 0, 0, 2, 6, 0, 0, 0], [0, 0, 0, 3, 7, 0, 0, 0], [0, 0, 0, 4, 8, 0, 0, 0]]",2.994
1015,0.0,3,"[[6.38, 4.4, 2.78, 4.02, 3.28, 4.56, 6.79], [6.89, 5.4, 5.87, 9.63, 0.42, 4.93, 4.29], [2.96, 2.23, 8.29, 4.74, 3.72, 2.39, 0.86], [5.36, 5.18, 6.28, 1.08, 2.81, 5.95, 9.65]]",5.0,2.78,51,"[0.2, 0.38, 0.3, 0.12]","[[0, 0, 0, 0, 0, 0, 0, 0], [0, 0, 0, 0, 0, 0, 0, 0], [0, 1, 2, 6, 0, 3, 4, 5], [0, 0, 0, 0, 0, 0, 0, 0]]",2.994
1016,0.0,5,"[[5.16, 3.84, 2.97, 6.89, 7.92, 3.02, 6.81], [6.93, 3.64, 5.33, 8.47, 3.82, 8.88, 7.83], [4.51, 5.38, 9.21, 3.79, 4.77, 9.29, 4.59], [3.55, 8.48, 4.66, 2.28, 3.95, 2.95, 5.67]]",5.0,7.92,51,"[0.86, 0.08, 0.05, 0.01]","[[0, 1, 2, 3, 6, 5, 4, 0], [0, 0, 0, 0, 0, 0, 0, 0], [0, 0, 0, 0, 0, 0, 0, 0], [0, 0, 0, 0, 0, 0, 0, 0]]",2.994
1017,0.0,1,"[[1.63, 4.7, 3.32, 2.64, 8.47, 3.24, 4.54], [8.67, 5.47, 1.74, 1.77, 1.06, 7.43, 3.25], [4.05, 4.33, 1.96, 6.68, 6.28, 9.52, 7.64], [3.95, 5.24, 1.85, 2.91, 0.64, 2.21, 1.85]]",5.0,1.63,51,"[0.05, 0.89, 0.05, 0.01]","[[0, 0, 0, 0, 0, 0, 0, 0], [0, 1, 2, 0, 0, 0, 0, 0], [0, 0, 0, 0, 0, 0, 0, 0], [0, 0, 0, 0, 0, 0, 0, 0]]",2.994
1018,0.0,1,"[[1.89, 1.68, 4.82, 0.64, 6.72, 5.82, 3.47], [2.81, 5.64, 4.93, 5.88, 1.19, 6.58, 2.91], [6.88, 4.96, 4.06, 5.77, 1.03, 4.24, 5.62], [0.22, 1.89, 4.63, 5.2, 4.1, 3.36, 6.44]]",5.0,1.89,51,"[0.25, 0.26, 0.31, 0.18]","[[0, 0, 0, 0, 0, 0, 0, 0], [0, 0, 0, 0, 0, 0, 0, 0], [0, 1, 5, 0, 2, 3, 0, 4], [0, 0, 0, 0, 0, 0, 0, 0]]",2.994
1019,0.0,4,"[[5.63, 2.91, 6.84, 6.5, 2.65, 5.91, 4.09], [5.16, 0.83, 2.41, 5.99, 6.15, 3.67, 6.12], [5.67, 9.08, 3.93, 7.57, 5.62, 2.51, 2.61], [4.59, 1.2, 4.42, 1.16, 8.17, 8.27, 1.11]]",5.0,5.99,51,"[0.14, 0.34, 0.35, 0.17]","[[0, 0, 0, 14, 10, 1, 5, 0], [0, 0, 0, 12, 9, 2, 6, 0], [0, 0, 0, 13, 8, 4, 0, 0], [0, 0, 0, 0, 11, 3, 7, 0]]",2.994
1020,0.0,5,"[[0.11, 0.22, 0.08, 0.2, 0.14, 0.03, 0.13], [0.17, 0.02, 0.02, 0.09, 0.21, 0.16, 0.15], [0.09, 0.18, 0.16, 0.17, 0.05, 0.09, 0.1], [0.18, 0.05, 0.09, 0.19, 0.24, 0.18, 0.12]]",0.13,0.14,52,"[0.33, 0.18, 0.11, 0.38]","[[0, 1, 2, 3, 4, 5, 0, 0], [0, 0, 0, 0, 0, 0, 0, 0], [0, 0, 0, 0, 0, 0, 0, 0], [0, 0, 6, 7, 0, 8, 9, 10]]",0.072
1021,0.0,7,"[[0.19, 0.11, 0.24, 0.23, 0.21, 0.14, 0.16], [0.12, 0.1, 0.02, 0.19, 0.1, 0.08, 0.14], [0.05, 0.21, 0.07, 0.2, 0.09, 0.02, 0.23], [0.09, 0.04, 0.09, 0.14, 0.18, 0.2, 0.23]]",0.13,0.23,52,"[0.03, 0.01, 0.92, 0.04]","[[0, 1, 28, 5, 22, 23, 26, 20], [0, 2, 9, 6, 19, 10, 12, 27], [0, 3, 8, 18, 11, 24, 25, 13], [0, 4, 7, 21, 17, 16, 15, 14]]",0.072
1022,0.0,5,"[[0.05, 0.08, 0.17, 0.15, 0.22, 0.07, 0.07], [0.06, 0.1, 0.12, 0.11, 0.19, 0.16, 0.05], [0.19, 0.16, 0.13, 0.06, 0.18, 0.04, 0.24], [0.15, 0.24, 0.11, 0.13, 0.14, 0.03, 0.01]]",0.13,0.14,52,"[0.86, 0.01, 0.05, 0.08]","[[0, 1, 5, 6, 7, 8, 9, 10], [0, 2, 16, 15, 14, 13, 12, 11], [0, 3, 17, 19, 21, 23, 25, 27], [0, 4, 18, 20, 22, 24, 26, 28]]",0.072
1023,0.0,7,"[[0.12, 0.17, 0.14, 0.13, 0.11, 0.07, 0.23], [0.21, 0.03, 0.18, 0.17, 0.22, 0.07, 0.12], [0.06, 0.15, 0.14, 0.1, 0.11, 0.15, 0.22], [0.13, 0.03, 0.18, 0.17, 0.07, 0.25, 0.1]]",0.13,0.23,52,"[0.39, 0.18, 0.15, 0.28]","[[0, 1, 5, 9, 16, 17, 23, 22], [0, 2, 6, 10, 15, 24, 25, 27], [0, 3, 7, 11, 14, 18, 26, 28], [0, 4, 8, 12, 13, 19, 20, 21]]",0.072
1024,0.0,2,"[[0.15, 0.08, 0.15, 0.12, 0.15, 0.08, 0.22], [0.12, 0.2, 0.22, 0.16, 0.25, 0.12, 0.11], [0.19, 0.22, 0.15, 0.08, 0.12, 0.14, 0.2], [0.21, 0.16, 0.09, 0.16, 0.22, 0.15, 0.19]]",0.13,0.22,52,"[0.05, 0.07, 0.86, 0.02]","[[0, 21, 19, 0, 0, 0, 17, 15], [0, 8, 9, 10, 11, 12, 13, 14], [0, 1, 2, 3, 4, 5, 6, 7], [0, 22, 20, 0, 0, 0, 18, 16]]",0.072
1025,0.0,3,"[[0.16, 0.11, 0.08, 0.09, 0.11, 0.11, 0.06], [0.14, 0.14, 0.15, 0.18, 0.2, 0.23, 0.09], [0.09, 0.18, 0.2, 0.13, 0.05, 0.16, 0.07], [0.08, 0.02, 0.16, 0.15, 0.1, 0.09, 0.12]]",0.13,0.2,52,"[0.08, 0.02, 0.89, 0.01]","[[0, 0, 14, 10, 0, 0, 17, 0], [0, 0, 13, 9, 0, 0, 16, 8], [0, 1, 2, 3, 4, 5, 6, 7], [0, 0, 12, 11, 0, 0, 15, 0]]",0.072
1026,0.0,5,"[[0.14, 0.15, 0.11, 0.2, 0.03, 0.13, 0.04], [0.03, 0.07, 0.1, 0.21, 0.1, 0.13, 0.08], [0.14, 0.03, 0.06, 0.05, 0.15, 0.08, 0.09], [0.13, 0.08, 0.16, 0.01, 0.21, 0.09, 0.05]]",0.13,0.15,52,"[0.06, 0.03, 0.86, 0.05]","[[0, 8, 9, 10, 11, 12, 13, 14], [0, 22, 0, 0, 0, 0, 0, 0], [0, 1, 2, 3, 4, 5, 6, 7], [0, 21, 20, 19, 18, 17, 16, 15]]",0.072
1027,0.0,5,"[[0.09, 0.06, 0.16, 0.11, 0.12, 0.22, 0.04], [0.11, 0.19, 0.13, 0.18, 0.2, 0.12, 0.12], [0.11, 0.08, 0.15, 0.06, 0.15, 0.13, 0.16], [0.08, 0.15, 0.2, 0.17, 0.24, 0.04, 0.12]]",0.13,0.2,52,"[0.15, 0.32, 0.21, 0.32]","[[0, 0, 0, 0, 0, 0, 0, 0], [0, 14, 13, 12, 11, 10, 9, 8], [0, 15, 16, 17, 18, 19, 20, 21], [0, 1, 2, 3, 4, 5, 6, 7]]",0.072
1028,0.0,1,"[[0.08, 0.08, 0.03, 0.08, 0.06, 0.11, 0.11], [0.21, 0.12, 0.16, 0.16, 0.17, 0.12, 0.08], [0.24, 0.22, 0.1, 0.12, 0.06, 0.2, 0.05], [0.13, 0.19, 0.1, 0.18, 0.14, 0.09, 0.16]]",0.13,0.21,52,"[0.12, 0.34, 0.21, 0.33]","[[0, 0, 0, 0, 0, 0, 0, 0], [0, 1, 2, 3, 4, 5, 6, 7], [0, 15, 16, 17, 18, 19, 20, 21], [0, 14, 13, 12, 11, 10, 9, 8]]",0.072
1029,0.0,6,"[[0.1, 0.1, 0.17, 0.08, 0.04, 0.09, 0.12], [0.18, 0.07, 0.12, 0.15, 0.14, 0.22, 0.18], [0.17, 0.02, 0.06, 0.16, 0.1, 0.2, 0.19], [0.23, 0.18, 0.17, 0.22, 0.21, 0.09, 0.19]]",0.13,0.09,52,"[0.21, 0.32, 0.34, 0.13]","[[0, 15, 16, 17, 18, 19, 20, 21], [0, 1, 2, 3, 4, 5, 6, 7], [0, 14, 13, 12, 11, 10, 9, 8], [0, 28, 27, 26, 25, 24, 23, 22]]",0.072
1030,0.0,2,"[[5.97, 8.23, 1.24, 7.62, 4.62, 4.29, 5.98], [8.29, 4.65, 5.55, 1.01, 2.98, 8.74, 8.92], [1.93, 2.81, 4.79, 6.01, 7.29, 6.55, 4.48], [9.09, 1.98, 6.38, 4.5, 3.08, 5.26, 4.47]]",5.0,4.65,52,"[0.86, 0.01, 0.12, 0.01]","[[0, 1, 8, 9, 10, 11, 12, 13], [0, 2, 7, 19, 20, 21, 22, 23], [0, 3, 6, 18, 17, 16, 15, 14], [0, 4, 5, 0, 0, 0, 0, 0]]",2.994
1031,0.0,2,"[[5.92, 9.68, 5.15, 2.59, 5.89, 7.38, 2.85], [1.22, 5.64, 6.3, 3.82, 9.13, 6.51, 3.36], [6.72, 1.0, 8.86, 8.25, 8.82, 6.13, 4.12], [7.5, 7.75, 5.39, 3.9, 7.48, 3.23, 1.98]]",5.0,1.0,52,"[0.3, 0.17, 0.24, 0.29]","[[0, 1, 2, 3, 4, 5, 6, 7], [0, 28, 27, 26, 25, 24, 23, 22], [0, 15, 16, 17, 18, 19, 20, 21], [0, 14, 13, 12, 11, 10, 9, 8]]",2.994
1032,0.0,1,"[[7.17, 3.46, 5.58, 3.93, 3.7, 2.49, 5.53], [9.77, 5.93, 5.47, 2.25, 8.04, 7.17, 0.39], [7.48, 1.53, 5.91, 7.74, 1.59, 6.73, 3.86], [5.1, 6.8, 2.11, 7.09, 7.57, 6.62, 8.34]]",5.0,7.17,52,"[0.88, 0.05, 0.05, 0.02]","[[0, 1, 2, 3, 4, 5, 6, 7], [0, 14, 13, 12, 11, 10, 9, 8], [0, 15, 16, 17, 18, 19, 20, 21], [0, 22, 0, 0, 0, 0, 0, 0]]",2.994
1033,0.0,3,"[[3.25, 0.97, 8.64, 8.18, 2.13, 6.22, 0.77], [5.88, 7.57, 5.25, 3.43, 6.13, 3.52, 3.61], [5.54, 4.65, 8.68, 9.8, 7.31, 3.42, 4.37], [7.14, 2.83, 7.59, 3.91, 6.6, 1.41, 1.96]]",5.0,7.59,52,"[0.06, 0.03, 0.01, 0.9]","[[0, 1, 14, 13, 12, 11, 10, 9], [0, 15, 16, 17, 18, 19, 20, 21], [0, 0, 0, 23, 22, 0, 0, 0], [0, 2, 4, 3, 5, 6, 7, 8]]",2.994
1034,0.0,4,"[[3.74, 4.35, 1.03, 5.02, 2.48, 7.72, 3.91], [9.52, 3.82, 4.46, 2.55, 5.65, 6.25, 0.76], [2.96, 5.49, 2.32, 7.63, 0.35, 8.21, 6.51], [4.09, 2.1, 9.56, 8.08, 0.89, 1.16, 4.1]]",5.0,8.08,52,"[0.04, 0.08, 0.02, 0.86]","[[0, 15, 16, 17, 18, 19, 20, 21], [0, 14, 13, 12, 11, 10, 9, 8], [0, 28, 27, 26, 25, 24, 23, 22], [0, 1, 2, 3, 4, 5, 6, 7]]",2.994
1035,0.0,5,"[[3.95, 8.96, 8.28, 6.18, 7.02, 4.65, 4.21], [7.39, 4.82, 4.44, 1.73, 7.35, 9.66, 2.04], [6.67, 2.62, 2.43, 7.24, 6.32, 7.33, 5.82], [4.75, 4.96, 2.68, 1.71, 6.22, 1.58, 9.11]]",5.0,7.02,52,"[0.25, 0.24, 0.28, 0.23]","[[0, 1, 2, 3, 4, 5, 6, 7], [0, 15, 16, 17, 18, 19, 20, 21], [0, 14, 13, 12, 11, 10, 9, 8], [0, 28, 27, 26, 25, 24, 23, 22]]",2.994
1036,0.0,3,"[[2.88, 2.6, 7.89, 4.77, 7.12, 4.23, 2.87], [3.29, 2.97, 3.82, 9.51, 9.45, 8.27, 5.42], [3.22, 3.81, 4.18, 2.52, 3.48, 3.16, 9.41], [1.89, 5.73, 6.1, 1.69, 4.58, 1.23, 3.5]]",5.0,6.1,52,"[0.2, 0.16, 0.26, 0.38]","[[0, 1, 15, 16, 18, 19, 20, 21], [0, 28, 27, 26, 25, 24, 23, 22], [0, 14, 17, 13, 12, 11, 10, 9], [0, 2, 3, 4, 5, 6, 7, 8]]",2.994
1037,0.0,4,"[[5.11, 2.17, 0.1, 9.47, 2.73, 6.4, 3.36], [4.31, 7.26, 6.36, 8.48, 2.98, 4.68, 5.77], [8.38, 2.0, 6.14, 7.53, 4.7, 1.99, 1.53], [7.09, 5.94, 3.03, 5.37, 2.51, 3.9, 2.79]]",5.0,9.47,52,"[0.31, 0.35, 0.15, 0.19]","[[0, 15, 17, 16, 18, 19, 20, 21], [0, 1, 2, 3, 4, 5, 6, 7], [0, 28, 27, 26, 25, 24, 23, 22], [0, 14, 13, 12, 11, 10, 9, 8]]",2.994
1038,0.0,6,"[[2.65, 1.66, 4.12, 6.28, 3.9, 4.24, 8.17], [4.84, 2.23, 5.57, 7.45, 3.35, 5.55, 3.39], [6.15, 3.53, 5.47, 2.82, 6.99, 9.09, 0.79], [2.47, 2.31, 1.36, 3.11, 4.52, 5.21, 3.31]]",5.0,5.21,52,"[0.01, 0.06, 0.02, 0.91]","[[0, 1, 2, 28, 27, 26, 25, 24], [0, 3, 18, 19, 20, 21, 22, 23], [0, 17, 16, 15, 14, 13, 12, 11], [0, 4, 6, 5, 7, 8, 9, 10]]",2.994
1039,0.0,3,"[[5.28, 9.9, 6.81, 1.61, 2.79, 8.92, 6.09], [3.46, 6.68, 6.44, 3.71, 3.55, 0.25, 8.07], [6.52, 2.17, 8.0, 8.5, 5.35, 1.81, 3.32], [5.89, 1.86, 6.44, 5.29, 3.29, 8.96, 7.12]]",5.0,8.0,52,"[0.23, 0.3, 0.24, 0.23]","[[0, 28, 27, 26, 25, 24, 23, 22], [0, 1, 2, 3, 4, 5, 6, 7], [0, 14, 12, 13, 11, 10, 9, 8], [0, 15, 16, 17, 18, 19, 20, 21]]",2.994
1040,0.01,4,"[[0.2, 0.14, 0.16, 0.12, 0.21, 0.18, 0.23], [0.06, 0.09, 0.16, 0.16, 0.14, 0.12, 0.15], [0.23, 0.08, 0.17, 0.11, 0.04, 0.14, 0.15], [0.06, 0.12, 0.16, 0.23, 0.08, 0.11, 0.15]]",0.13,0.23,53,"[0.33, 0.18, 0.11, 0.38]","[[0, 0, 0, 0, 5, 0, 0, 0], [0, 0, 0, 0, 0, 0, 0, 0], [0, 0, 0, 0, 0, 0, 0, 0], [0, 1, 0, 4, 2, 0, 3, 0]]",0.072
1041,0.01,2,"[[0.12, 0.13, 0.12, 0.14, 0.05, 0.1, 0.25], [0.16, 0.2, 0.2, 0.14, 0.09, 0.17, 0.09], [0.11, 0.12, 0.11, 0.11, 0.08, 0.05, 0.17], [0.19, 0.2, 0.07, 0.21, 0.07, 0.13, 0.2]]",0.13,0.12,53,"[0.17, 0.35, 0.31, 0.17]","[[0, 0, 0, 0, 0, 0, 0, 0], [0, 1, 5, 6, 2, 4, 7, 3], [0, 0, 8, 9, 0, 0, 0, 0], [0, 0, 0, 0, 0, 0, 0, 0]]",0.072
1042,0.01,2,"[[0.08, 0.23, 0.16, 0.14, 0.22, 0.12, 0.2], [0.17, 0.2, 0.03, 0.17, 0.21, 0.17, 0.07], [0.08, 0.2, 0.14, 0.22, 0.1, 0.13, 0.17], [0.07, 0.12, 0.01, 0.11, 0.05, 0.12, 0.17]]",0.13,0.23,53,"[0.86, 0.03, 0.04, 0.07]","[[0, 1, 6, 2, 5, 7, 4, 3], [0, 0, 0, 0, 0, 0, 0, 0], [0, 0, 0, 0, 0, 0, 0, 0], [0, 0, 0, 0, 0, 0, 0, 0]]",0.072
1043,0.01,2,"[[0.06, 0.22, 0.11, 0.12, 0.13, 0.09, 0.18], [0.2, 0.17, 0.05, 0.09, 0.17, 0.16, 0.24], [0.14, 0.03, 0.23, 0.14, 0.04, 0.13, 0.18], [0.16, 0.1, 0.17, 0.16, 0.14, 0.04, 0.05]]",0.13,0.22,53,"[0.87, 0.02, 0.1, 0.01]","[[0, 3, 6, 4, 5, 2, 7, 1], [0, 0, 0, 0, 0, 0, 0, 0], [0, 0, 0, 0, 0, 0, 0, 0], [0, 0, 0, 0, 0, 0, 0, 0]]",0.072
1044,0.01,1,"[[0.15, 0.06, 0.09, 0.11, 0.16, 0.04, 0.14], [0.13, 0.19, 0.06, 0.21, 0.14, 0.09, 0.14], [0.16, 0.13, 0.11, 0.14, 0.1, 0.12, 0.12], [0.2, 0.09, 0.2, 0.06, 0.12, 0.09, 0.16]]",0.13,0.15,53,"[0.08, 0.04, 0.87, 0.01]","[[0, 0, 0, 0, 0, 0, 0, 0], [0, 0, 0, 0, 0, 0, 0, 0], [0, 1, 4, 6, 3, 7, 5, 2], [0, 0, 0, 0, 0, 0, 0, 0]]",0.072
1045,0.01,2,"[[0.1, 0.22, 0.11, 0.07, 0.15, 0.15, 0.08], [0.22, 0.14, 0.05, 0.13, 0.2, 0.14, 0.2], [0.02, 0.25, 0.2, 0.08, 0.15, 0.02, 0.07], [0.11, 0.1, 0.17, 0.14, 0.2, 0.08, 0.11]]",0.13,0.22,53,"[0.87, 0.08, 0.02, 0.03]","[[0, 3, 1, 5, 6, 4, 2, 7], [0, 0, 0, 0, 0, 0, 0, 0], [0, 0, 0, 0, 0, 0, 0, 0], [0, 0, 0, 0, 0, 0, 0, 0]]",0.072
1046,0.01,6,"[[0.15, 0.2, 0.21, 0.14, 0.15, 0.21, 0.2], [0.1, 0.12, 0.15, 0.05, 0.19, 0.19, 0.19], [0.2, 0.18, 0.22, 0.07, 0.23, 0.17, 0.15], [0.25, 0.17, 0.14, 0.07, 0.06, 0.14, 0.21]]",0.13,0.19,53,"[0.33, 0.32, 0.13, 0.22]","[[0, 3, 7, 4, 1, 5, 6, 2], [0, 0, 10, 8, 0, 0, 9, 0], [0, 0, 0, 0, 0, 0, 0, 0], [0, 0, 0, 0, 0, 0, 0, 0]]",0.072
1047,0.01,1,"[[0.11, 0.13, 0.2, 0.15, 0.12, 0.07, 0.12], [0.17, 0.14, 0.08, 0.03, 0.14, 0.12, 0.21], [0.15, 0.05, 0.06, 0.08, 0.07, 0.16, 0.13], [0.11, 0.11, 0.13, 0.18, 0.08, 0.12, 0.15]]",0.13,0.15,53,"[0.11, 0.38, 0.34, 0.17]","[[0, 0, 0, 0, 0, 0, 0, 0], [0, 1, 0, 4, 8, 2, 10, 3], [0, 7, 6, 0, 9, 0, 11, 5], [0, 0, 0, 0, 0, 0, 0, 0]]",0.072
1048,0.01,5,"[[0.05, 0.08, 0.17, 0.15, 0.22, 0.07, 0.07], [0.06, 0.1, 0.12, 0.11, 0.19, 0.16, 0.05], [0.19, 0.16, 0.13, 0.06, 0.18, 0.04, 0.24], [0.15, 0.24, 0.11, 0.13, 0.14, 0.03, 0.01]]",0.13,0.22,53,"[0.86, 0.01, 0.05, 0.08]","[[0, 1, 5, 4, 0, 3, 0, 2], [0, 0, 0, 0, 0, 0, 0, 0], [0, 0, 0, 0, 0, 0, 0, 0], [0, 0, 0, 0, 0, 0, 0, 0]]",0.072
1049,0.01,5,"[[0.1, 0.1, 0.03, 0.13, 0.2, 0.08, 0.11], [0.08, 0.05, 0.11, 0.15, 0.22, 0.2, 0.17], [0.16, 0.24, 0.08, 0.04, 0.05, 0.19, 0.14], [0.1, 0.18, 0.15, 0.14, 0.18, 0.07, 0.19]]",0.13,0.2,53,"[0.36, 0.26, 0.19, 0.19]","[[0, 4, 1, 7, 3, 6, 2, 5], [0, 0, 0, 0, 0, 0, 0, 0], [0, 0, 0, 0, 0, 0, 0, 0], [0, 0, 0, 0, 0, 0, 0, 0]]",0.072
1050,0.01,2,"[[1.92, 6.77, 0.18, 0.58, 7.09, 4.34, 4.61], [2.63, 2.6, 4.89, 2.52, 8.42, 2.23, 4.37], [6.54, 7.27, 4.71, 3.86, 8.83, 4.81, 5.31], [5.47, 8.91, 3.37, 8.65, 6.85, 1.47, 5.12]]",5.0,8.91,53,"[0.31, 0.2, 0.17, 0.32]","[[0, 1, 3, 6, 7, 5, 4, 2], [0, 0, 0, 0, 0, 0, 0, 0], [0, 0, 0, 0, 0, 0, 0, 0], [0, 0, 9, 0, 0, 8, 0, 0]]",2.994
1051,0.01,5,"[[4.36, 8.7, 5.94, 4.41, 8.37, 5.83, 0.58], [9.58, 2.24, 8.49, 4.24, 4.63, 4.53, 5.29], [6.08, 4.31, 5.59, 3.3, 3.91, 4.21, 4.74], [9.25, 5.33, 1.67, 7.75, 5.64, 2.81, 3.02]]",5.0,8.37,53,"[0.31, 0.27, 0.14, 0.28]","[[0, 1, 2, 3, 4, 5, 6, 7], [0, 0, 10, 0, 0, 11, 0, 0], [0, 0, 0, 0, 0, 0, 0, 0], [0, 0, 8, 0, 0, 9, 0, 0]]",2.994
1052,0.01,2,"[[5.12, 1.51, 5.2, 6.71, 2.69, 8.45, 7.56], [1.26, 6.81, 6.02, 6.85, 3.83, 2.04, 5.15], [0.77, 1.29, 6.67, 1.6, 1.63, 0.54, 0.89], [4.2, 5.58, 3.29, 3.97, 3.54, 6.37, 4.95]]",5.0,5.58,53,"[0.21, 0.27, 0.19, 0.33]","[[0, 0, 0, 0, 0, 0, 0, 0], [0, 0, 9, 0, 0, 0, 8, 0], [0, 0, 0, 0, 0, 0, 0, 0], [0, 1, 2, 3, 4, 5, 6, 7]]",2.994
1053,0.01,4,"[[5.97, 8.23, 1.24, 7.62, 4.62, 4.29, 5.98], [8.29, 4.65, 5.55, 1.01, 2.98, 8.74, 8.92], [1.93, 2.81, 4.79, 6.01, 7.29, 6.55, 4.48], [9.09, 1.98, 6.38, 4.5, 3.08, 5.26, 4.47]]",5.0,7.62,53,"[0.86, 0.01, 0.12, 0.01]","[[0, 1, 2, 3, 4, 5, 6, 7], [0, 0, 0, 0, 0, 0, 0, 0], [0, 0, 8, 0, 9, 0, 0, 0], [0, 0, 0, 0, 0, 0, 0, 0]]",2.994
1054,0.01,1,"[[2.54, 7.44, 2.24, 4.32, 2.76, 9.01, 8.48], [1.82, 8.34, 6.23, 3.89, 6.94, 3.11, 6.18], [7.6, 3.71, 5.31, 9.83, 1.09, 3.87, 7.81], [7.76, 7.0, 2.77, 7.48, 3.83, 0.31, 3.13]]",5.0,7.76,53,"[0.04, 0.07, 0.03, 0.86]","[[0, 0, 0, 0, 0, 0, 0, 0], [0, 0, 0, 0, 0, 0, 0, 0], [0, 0, 0, 0, 0, 0, 0, 0], [0, 1, 2, 3, 4, 5, 6, 7]]",2.994
1055,0.01,4,"[[7.74, 3.22, 6.43, 3.71, 7.81, 4.87, 5.0], [6.79, 7.24, 2.38, 4.86, 3.87, 6.17, 4.92], [3.15, 9.58, 2.44, 5.2, 8.45, 2.58, 2.29], [4.2, 1.81, 5.9, 9.47, 8.69, 2.45, 6.94]]",5.0,4.86,53,"[0.15, 0.38, 0.14, 0.33]","[[0, 0, 0, 0, 0, 0, 0, 0], [0, 1, 2, 3, 4, 5, 6, 7], [0, 0, 0, 0, 0, 0, 0, 0], [0, 10, 9, 0, 11, 0, 8, 0]]",2.994
1056,0.01,1,"[[1.63, 4.7, 3.32, 2.64, 8.47, 3.24, 4.54], [8.67, 5.47, 1.74, 1.77, 1.06, 7.43, 3.25], [4.05, 4.33, 1.96, 6.68, 6.28, 9.52, 7.64], [3.95, 5.24, 1.85, 2.91, 0.64, 2.21, 1.85]]",5.0,8.67,53,"[0.05, 0.89, 0.05, 0.01]","[[0, 0, 0, 0, 0, 0, 0, 0], [0, 1, 2, 3, 4, 5, 6, 7], [0, 0, 0, 0, 0, 0, 0, 0], [0, 0, 0, 0, 0, 0, 0, 0]]",2.994
1057,0.01,5,"[[4.41, 7.98, 5.03, 0.94, 6.07, 7.96, 3.08], [7.18, 6.38, 1.11, 4.77, 7.21, 4.82, 4.9], [5.63, 7.2, 7.79, 1.19, 2.56, 6.05, 3.13], [2.67, 2.05, 5.91, 4.15, 9.55, 4.46, 9.22]]",5.0,6.07,53,"[0.04, 0.02, 0.05, 0.89]","[[0, 0, 0, 0, 0, 0, 0, 0], [0, 0, 0, 0, 0, 0, 0, 0], [0, 0, 0, 0, 0, 0, 0, 0], [0, 1, 2, 3, 4, 5, 6, 7]]",2.994
1058,0.01,1,"[[1.32, 1.79, 4.74, 6.52, 9.55, 1.49, 3.36], [2.67, 2.3, 3.39, 7.85, 3.89, 7.4, 8.55], [4.18, 0.46, 4.32, 2.27, 3.18, 8.62, 2.94], [6.02, 2.09, 4.16, 3.95, 2.34, 3.36, 2.27]]",5.0,1.32,53,"[0.16, 0.11, 0.34, 0.39]","[[0, 0, 0, 0, 0, 0, 0, 0], [0, 0, 0, 0, 0, 0, 0, 0], [0, 8, 0, 9, 10, 0, 0, 0], [0, 1, 2, 3, 4, 5, 6, 7]]",2.994
1059,0.01,3,"[[3.74, 4.35, 1.03, 5.02, 2.48, 7.72, 3.91], [9.52, 3.82, 4.46, 2.55, 5.65, 6.25, 0.76], [2.96, 5.49, 2.32, 7.63, 0.35, 8.21, 6.51], [4.09, 2.1, 9.56, 8.08, 0.89, 1.16, 4.1]]",5.0,9.56,53,"[0.04, 0.08, 0.02, 0.86]","[[0, 0, 0, 0, 0, 0, 0, 0], [0, 0, 0, 0, 0, 0, 0, 0], [0, 0, 0, 0, 0, 0, 0, 0], [0, 1, 2, 3, 4, 5, 6, 7]]",2.994
1060,0.0,5,"[[0.19, 0.11, 0.24, 0.23, 0.21, 0.14, 0.16], [0.12, 0.1, 0.02, 0.19, 0.1, 0.08, 0.14], [0.05, 0.21, 0.07, 0.2, 0.09, 0.02, 0.23], [0.09, 0.04, 0.09, 0.14, 0.18, 0.2, 0.23]]",0.13,0.09,54,"[0.03, 0.01, 0.92, 0.04]","[[0, 7, 15, 12, 26, 2, 13, 4], [0, 27, 22, 16, 8, 20, 9, 14], [0, 11, 23, 3, 18, 21, 1, 19], [0, 10, 5, 24, 25, 17, 28, 6]]",0.072
1061,0.0,2,"[[0.06, 0.11, 0.17, 0.23, 0.15, 0.14, 0.21], [0.16, 0.17, 0.08, 0.04, 0.07, 0.21, 0.12], [0.2, 0.19, 0.13, 0.12, 0.17, 0.2, 0.16], [0.1, 0.1, 0.12, 0.16, 0.01, 0.17, 0.09]]",0.13,0.19,54,"[0.23, 0.25, 0.3, 0.22]","[[0, 0, 0, 0, 0, 0, 0, 0], [0, 0, 0, 0, 0, 2, 0, 0], [0, 1, 0, 0, 0, 0, 0, 0], [0, 0, 0, 0, 0, 0, 0, 0]]",0.072
1062,0.0,7,"[[0.14, 0.15, 0.11, 0.2, 0.03, 0.13, 0.04], [0.03, 0.07, 0.1, 0.21, 0.1, 0.13, 0.08], [0.14, 0.03, 0.06, 0.05, 0.15, 0.08, 0.09], [0.13, 0.08, 0.16, 0.01, 0.21, 0.09, 0.05]]",0.13,0.09,54,"[0.06, 0.03, 0.86, 0.05]","[[0, 1, 0, 3, 0, 0, 0, 7], [0, 0, 0, 0, 4, 5, 0, 0], [0, 0, 0, 0, 0, 0, 0, 0], [0, 0, 2, 0, 0, 0, 6, 0]]",0.072
1063,0.0,5,"[[0.21, 0.14, 0.05, 0.18, 0.12, 0.1, 0.15], [0.03, 0.07, 0.04, 0.14, 0.13, 0.15, 0.2], [0.05, 0.14, 0.08, 0.16, 0.04, 0.13, 0.08], [0.19, 0.12, 0.09, 0.06, 0.18, 0.05, 0.09]]",0.13,0.18,54,"[0.01, 0.02, 0.88, 0.09]","[[0, 0, 2, 3, 0, 0, 0, 0], [0, 0, 0, 0, 4, 5, 6, 7], [0, 1, 0, 0, 0, 0, 0, 0], [0, 0, 0, 0, 0, 0, 0, 0]]",0.072
1064,0.0,4,"[[0.09, 0.06, 0.16, 0.11, 0.12, 0.22, 0.04], [0.11, 0.19, 0.13, 0.18, 0.2, 0.12, 0.12], [0.11, 0.08, 0.15, 0.06, 0.15, 0.13, 0.16], [0.08, 0.15, 0.2, 0.17, 0.24, 0.04, 0.12]]",0.13,0.17,54,"[0.15, 0.32, 0.21, 0.32]","[[0, 0, 0, 0, 0, 5, 0, 0], [0, 0, 2, 3, 4, 0, 0, 7], [0, 0, 0, 0, 0, 0, 6, 0], [0, 1, 0, 0, 0, 0, 0, 0]]",0.072
1065,0.0,2,"[[0.11, 0.18, 0.17, 0.05, 0.02, 0.11, 0.14], [0.16, 0.12, 0.11, 0.08, 0.11, 0.16, 0.08], [0.12, 0.16, 0.05, 0.23, 0.13, 0.08, 0.03], [0.17, 0.24, 0.1, 0.22, 0.06, 0.14, 0.05]]",0.13,0.24,54,"[0.01, 0.08, 0.86, 0.05]","[[0, 1, 0, 0, 0, 0, 0, 7], [0, 0, 0, 0, 4, 0, 0, 0], [0, 0, 2, 3, 0, 0, 6, 0], [0, 0, 0, 0, 0, 5, 0, 0]]",0.072
1066,0.0,7,"[[0.07, 0.07, 0.17, 0.05, 0.08, 0.18, 0.15], [0.19, 0.17, 0.06, 0.13, 0.2, 0.13, 0.2], [0.08, 0.18, 0.04, 0.21, 0.15, 0.15, 0.18], [0.06, 0.08, 0.09, 0.02, 0.12, 0.19, 0.09]]",0.13,0.2,54,"[0.31, 0.27, 0.19, 0.23]","[[0, 0, 0, 0, 0, 5, 0, 0], [0, 1, 2, 0, 4, 0, 6, 7], [0, 0, 0, 3, 0, 0, 0, 0], [0, 0, 0, 0, 0, 0, 0, 0]]",0.072
1067,0.0,3,"[[0.14, 0.16, 0.16, 0.21, 0.14, 0.04, 0.08], [0.06, 0.2, 0.17, 0.04, 0.15, 0.07, 0.15], [0.13, 0.19, 0.14, 0.02, 0.08, 0.23, 0.1], [0.15, 0.03, 0.13, 0.07, 0.13, 0.07, 0.19]]",0.13,0.17,54,"[0.26, 0.28, 0.24, 0.22]","[[0, 0, 2, 0, 0, 0, 6, 0], [0, 1, 0, 0, 4, 0, 0, 0], [0, 0, 0, 3, 0, 0, 0, 7], [0, 0, 0, 0, 0, 5, 0, 0]]",0.072
1068,0.0,2,"[[0.05, 0.08, 0.17, 0.15, 0.22, 0.07, 0.07], [0.06, 0.1, 0.12, 0.11, 0.19, 0.16, 0.05], [0.19, 0.16, 0.13, 0.06, 0.18, 0.04, 0.24], [0.15, 0.24, 0.11, 0.13, 0.14, 0.03, 0.01]]",0.13,0.08,54,"[0.86, 0.01, 0.05, 0.08]","[[0, 0, 0, 0, 0, 0, 0, 0], [0, 0, 0, 0, 0, 0, 0, 0], [0, 0, 0, 0, 4, 0, 0, 0], [0, 1, 2, 3, 0, 5, 6, 7]]",0.072
1069,0.0,1,"[[0.23, 0.06, 0.08, 0.13, 0.11, 0.05, 0.11], [0.17, 0.17, 0.17, 0.13, 0.09, 0.2, 0.07], [0.21, 0.11, 0.17, 0.05, 0.13, 0.11, 0.17], [0.16, 0.02, 0.2, 0.19, 0.23, 0.13, 0.13]]",0.13,0.17,54,"[0.24, 0.22, 0.21, 0.33]","[[0, 0, 0, 0, 4, 0, 0, 0], [0, 0, 0, 3, 0, 5, 0, 0], [0, 0, 2, 0, 0, 0, 0, 0], [0, 1, 0, 0, 0, 0, 6, 7]]",0.072
1070,0.0,6,"[[6.38, 4.4, 2.78, 4.02, 3.28, 4.56, 6.79], [6.89, 5.4, 5.87, 9.63, 0.42, 4.93, 4.29], [2.96, 2.23, 8.29, 4.74, 3.72, 2.39, 0.86], [5.36, 5.18, 6.28, 1.08, 2.81, 5.95, 9.65]]",5.0,4.93,54,"[0.2, 0.38, 0.3, 0.12]","[[0, 0, 0, 3, 0, 5, 0, 0], [0, 1, 0, 0, 4, 0, 6, 7], [0, 0, 2, 0, 0, 0, 0, 0], [0, 0, 0, 0, 0, 0, 0, 0]]",2.994
1071,0.0,5,"[[3.25, 0.97, 8.64, 8.18, 2.13, 6.22, 0.77], [5.88, 7.57, 5.25, 3.43, 6.13, 3.52, 3.61], [5.54, 4.65, 8.68, 9.8, 7.31, 3.42, 4.37], [7.14, 2.83, 7.59, 3.91, 6.6, 1.41, 1.96]]",5.0,6.6,54,"[0.06, 0.03, 0.01, 0.9]","[[0, 0, 0, 0, 0, 0, 6, 0], [0, 0, 0, 0, 4, 0, 0, 0], [0, 0, 2, 0, 0, 0, 0, 0], [0, 1, 0, 3, 0, 5, 0, 7]]",2.994
1072,0.0,4,"[[0.72, 5.25, 9.97, 4.85, 8.58, 2.57, 9.15], [5.48, 9.36, 2.36, 9.25, 3.72, 4.76, 6.74], [7.14, 7.36, 2.91, 4.13, 7.03, 8.48, 0.38], [5.84, 6.37, 7.56, 3.71, 4.02, 2.93, 0.09]]",5.0,9.25,54,"[0.03, 0.85, 0.06, 0.06]","[[0, 0, 2, 0, 0, 5, 0, 7], [0, 1, 0, 0, 4, 0, 6, 0], [0, 0, 0, 3, 0, 0, 0, 0], [0, 0, 0, 0, 0, 0, 0, 0]]",2.994
1073,0.0,6,"[[3.89, 7.03, 1.42, 3.85, 5.57, 3.85, 2.09], [1.42, 3.42, 3.49, 1.78, 8.76, 8.52, 6.88], [3.98, 7.53, 6.94, 2.68, 5.16, 4.6, 0.82], [7.43, 7.31, 6.36, 5.75, 9.0, 9.88, 3.78]]",5.0,3.85,54,"[0.86, 0.01, 0.02, 0.11]","[[0, 1, 0, 0, 0, 5, 0, 0], [0, 0, 0, 3, 0, 0, 6, 0], [0, 0, 2, 0, 0, 0, 0, 7], [0, 0, 0, 0, 4, 0, 0, 0]]",2.994
1074,0.0,3,"[[6.26, 0.19, 5.42, 8.23, 3.15, 1.79, 3.82], [4.19, 3.39, 2.75, 9.2, 5.7, 3.44, 3.56], [5.45, 5.72, 8.61, 4.63, 8.16, 8.36, 7.19], [3.14, 2.27, 7.83, 9.11, 0.69, 3.38, 9.35]]",5.0,7.83,54,"[0.1, 0.01, 0.01, 0.88]","[[0, 0, 0, 0, 0, 0, 6, 7], [0, 1, 0, 0, 0, 0, 0, 0], [0, 0, 2, 0, 0, 0, 0, 0], [0, 0, 0, 3, 4, 5, 0, 0]]",2.994
1075,0.0,4,"[[3.74, 4.35, 1.03, 5.02, 2.48, 7.72, 3.91], [9.52, 3.82, 4.46, 2.55, 5.65, 6.25, 0.76], [2.96, 5.49, 2.32, 7.63, 0.35, 8.21, 6.51], [4.09, 2.1, 9.56, 8.08, 0.89, 1.16, 4.1]]",5.0,8.08,54,"[0.04, 0.08, 0.02, 0.86]","[[0, 1, 0, 0, 0, 5, 0, 0], [0, 0, 2, 0, 0, 0, 6, 7], [0, 0, 0, 3, 0, 0, 0, 0], [0, 0, 0, 0, 4, 0, 0, 0]]",2.994
1076,0.0,2,"[[5.63, 2.91, 6.84, 6.5, 2.65, 5.91, 4.09], [5.16, 0.83, 2.41, 5.99, 6.15, 3.67, 6.12], [5.67, 9.08, 3.93, 7.57, 5.62, 2.51, 2.61], [4.59, 1.2, 4.42, 1.16, 8.17, 8.27, 1.11]]",5.0,9.08,54,"[0.14, 0.34, 0.35, 0.17]","[[0, 0, 0, 0, 4, 0, 6, 0], [0, 0, 0, 0, 0, 5, 0, 0], [0, 1, 2, 3, 0, 0, 0, 0], [0, 0, 0, 0, 0, 0, 0, 7]]",2.994
1077,0.0,4,"[[5.12, 1.51, 5.2, 6.71, 2.69, 8.45, 7.56], [1.26, 6.81, 6.02, 6.85, 3.83, 2.04, 5.15], [0.77, 1.29, 6.67, 1.6, 1.63, 0.54, 0.89], [4.2, 5.58, 3.29, 3.97, 3.54, 6.37, 4.95]]",5.0,6.85,54,"[0.21, 0.27, 0.19, 0.33]","[[0, 0, 0, 3, 4, 0, 0, 0], [0, 0, 0, 0, 0, 0, 0, 7], [0, 0, 0, 0, 0, 5, 6, 0], [0, 1, 2, 0, 0, 0, 0, 0]]",2.994
1078,0.0,6,"[[2.88, 2.6, 7.89, 4.77, 7.12, 4.23, 2.87], [3.29, 2.97, 3.82, 9.51, 9.45, 8.27, 5.42], [3.22, 3.81, 4.18, 2.52, 3.48, 3.16, 9.41], [1.89, 5.73, 6.1, 1.69, 4.58, 1.23, 3.5]]",5.0,4.23,54,"[0.2, 0.16, 0.26, 0.38]","[[0, 0, 0, 0, 4, 0, 0, 7], [0, 0, 2, 0, 0, 0, 6, 0], [0, 0, 0, 3, 0, 0, 0, 0], [0, 1, 0, 0, 0, 5, 0, 0]]",2.994
1079,0.0,3,"[[7.29, 4.26, 4.93, 3.96, 3.34, 8.54, 6.49], [0.79, 3.44, 2.71, 8.71, 2.86, 7.09, 3.94], [9.61, 8.74, 7.3, 3.82, 1.83, 1.17, 5.37], [2.04, 1.98, 8.39, 1.63, 1.8, 1.97, 7.71]]",5.0,7.3,54,"[0.21, 0.28, 0.29, 0.22]","[[0, 0, 0, 0, 0, 5, 0, 0], [0, 0, 2, 0, 0, 0, 0, 0], [0, 0, 0, 0, 4, 0, 6, 0], [0, 1, 0, 3, 0, 0, 0, 7]]",2.994
1080,0.01,1,"[[5.92, 9.68, 5.15, 2.59, 5.89, 7.38, 2.85], [1.22, 5.64, 6.3, 3.82, 9.13, 6.51, 3.36], [6.72, 1.0, 8.86, 8.25, 8.82, 6.13, 4.12], [7.5, 7.75, 5.39, 3.9, 7.48, 3.23, 1.98]]",5.0,7.5,55,"[0.3, 0.17, 0.24, 0.29]","[[0, 1, 0, 0, 0, 0, 6, 7], [0, 0, 0, 3, 0, 5, 0, 0], [0, 0, 2, 0, 0, 0, 0, 0], [0, 0, 0, 0, 4, 0, 0, 0]]",2.994
1081,0.01,5,"[[6.19, 1.85, 1.16, 4.28, 2.66, 3.25, 7.93], [4.16, 3.03, 5.34, 3.93, 5.82, 4.05, 2.14], [6.53, 8.89, 6.73, 7.28, 2.75, 0.6, 4.09], [4.95, 6.55, 6.81, 6.9, 1.07, 2.2, 5.26]]",5.0,2.75,55,"[0.03, 0.86, 0.04, 0.07]","[[0, 0, 0, 0, 0, 0, 0, 0], [0, 1, 8, 3, 4, 5, 6, 7], [0, 0, 2, 0, 0, 0, 0, 0], [0, 0, 0, 0, 0, 0, 0, 0]]",2.994
1082,0.01,7,"[[8.51, 2.86, 5.22, 3.29, 7.8, 7.12, 2.91], [7.85, 5.63, 4.76, 5.73, 4.36, 4.99, 0.21], [1.1, 2.64, 4.86, 7.57, 7.15, 0.31, 2.34], [6.38, 5.91, 3.08, 6.0, 7.58, 3.85, 6.26]]",5.0,6.26,55,"[0.19, 0.32, 0.23, 0.26]","[[0, 0, 0, 0, 0, 0, 0, 0], [0, 0, 0, 0, 0, 0, 0, 0], [0, 0, 0, 0, 0, 0, 0, 0], [0, 0, 0, 0, 0, 0, 0, 0]]",2.994
1083,0.01,5,"[[0.95, 2.78, 3.25, 5.38, 7.09, 3.77, 4.83], [7.13, 8.96, 5.39, 2.27, 8.34, 7.96, 4.55], [9.77, 5.61, 8.97, 8.09, 6.52, 2.37, 9.08], [8.52, 1.84, 1.06, 3.62, 0.7, 3.27, 0.14]]",5.0,7.09,55,"[0.85, 0.07, 0.07, 0.01]","[[0, 1, 2, 3, 4, 5, 6, 7], [0, 0, 0, 0, 0, 0, 0, 0], [0, 0, 0, 0, 0, 0, 0, 0], [0, 0, 0, 0, 0, 0, 0, 0]]",2.994
1084,0.01,6,"[[2.65, 1.66, 4.12, 6.28, 3.9, 4.24, 8.17], [4.84, 2.23, 5.57, 7.45, 3.35, 5.55, 3.39], [6.15, 3.53, 5.47, 2.82, 6.99, 9.09, 0.79], [2.47, 2.31, 1.36, 3.11, 4.52, 5.21, 3.31]]",5.0,5.21,55,"[0.01, 0.06, 0.02, 0.91]","[[0, 0, 0, 0, 0, 0, 0, 0], [0, 0, 0, 0, 0, 0, 0, 0], [0, 0, 0, 0, 0, 0, 0, 0], [0, 1, 2, 3, 4, 5, 6, 7]]",2.994
1085,0.01,3,"[[4.36, 8.7, 5.94, 4.41, 8.37, 5.83, 0.58], [9.58, 2.24, 8.49, 4.24, 4.63, 4.53, 5.29], [6.08, 4.31, 5.59, 3.3, 3.91, 4.21, 4.74], [9.25, 5.33, 1.67, 7.75, 5.64, 2.81, 3.02]]",5.0,8.49,55,"[0.31, 0.27, 0.14, 0.28]","[[0, 0, 0, 0, 0, 0, 0, 0], [0, 0, 0, 0, 0, 0, 0, 0], [0, 0, 0, 0, 0, 0, 0, 0], [0, 0, 0, 0, 0, 0, 0, 0]]",2.994
1086,0.01,2,"[[5.97, 8.23, 1.24, 7.62, 4.62, 4.29, 5.98], [8.29, 4.65, 5.55, 1.01, 2.98, 8.74, 8.92], [1.93, 2.81, 4.79, 6.01, 7.29, 6.55, 4.48], [9.09, 1.98, 6.38, 4.5, 3.08, 5.26, 4.47]]",5.0,8.23,55,"[0.86, 0.01, 0.12, 0.01]","[[0, 1, 2, 3, 4, 5, 6, 7], [0, 0, 0, 0, 0, 0, 0, 0], [0, 0, 0, 0, 0, 0, 0, 0], [0, 0, 0, 0, 0, 0, 0, 0]]",2.994
1087,0.01,5,"[[7.29, 4.26, 4.93, 3.96, 3.34, 8.54, 6.49], [0.79, 3.44, 2.71, 8.71, 2.86, 7.09, 3.94], [9.61, 8.74, 7.3, 3.82, 1.83, 1.17, 5.37], [2.04, 1.98, 8.39, 1.63, 1.8, 1.97, 7.71]]",5.0,2.86,55,"[0.21, 0.28, 0.29, 0.22]","[[0, 0, 0, 0, 0, 0, 0, 0], [0, 0, 0, 0, 0, 0, 0, 0], [0, 0, 0, 0, 0, 0, 0, 0], [0, 0, 0, 0, 0, 0, 0, 0]]",2.994
1088,0.01,5,"[[5.77, 3.99, 6.61, 4.81, 8.16, 4.87, 2.84], [5.38, 5.12, 5.88, 4.67, 7.45, 7.64, 1.41], [2.86, 1.79, 4.9, 7.89, 6.3, 3.05, 5.2], [5.28, 6.58, 1.34, 2.2, 4.69, 6.92, 5.01]]",5.0,7.45,55,"[0.34, 0.23, 0.11, 0.32]","[[0, 1, 0, 3, 0, 5, 9, 10], [0, 0, 0, 0, 0, 0, 0, 0], [0, 0, 0, 0, 0, 0, 0, 0], [0, 0, 2, 8, 4, 7, 6, 0]]",2.994
1089,0.01,3,"[[7.04, 7.27, 1.99, 4.87, 6.53, 6.34, 1.47], [5.29, 2.16, 9.06, 4.67, 7.92, 5.41, 7.56], [6.95, 5.35, 1.7, 4.81, 6.84, 1.21, 8.92], [6.63, 5.53, 4.35, 1.42, 5.69, 5.92, 4.12]]",5.0,9.06,55,"[0.07, 0.87, 0.03, 0.03]","[[0, 0, 0, 0, 0, 0, 0, 0], [0, 1, 2, 3, 4, 5, 6, 7], [0, 0, 0, 0, 0, 0, 0, 0], [0, 0, 0, 0, 0, 0, 0, 0]]",2.994
1090,0.01,4,"[[0.07, 0.07, 0.17, 0.05, 0.08, 0.18, 0.15], [0.19, 0.17, 0.06, 0.13, 0.2, 0.13, 0.2], [0.08, 0.18, 0.04, 0.21, 0.15, 0.15, 0.18], [0.06, 0.08, 0.09, 0.02, 0.12, 0.19, 0.09]]",0.13,0.02,55,"[0.31, 0.27, 0.19, 0.23]","[[0, 0, 0, 0, 0, 0, 0, 0], [0, 0, 0, 0, 0, 0, 0, 0], [0, 0, 0, 0, 0, 0, 0, 0], [0, 0, 0, 0, 0, 0, 0, 0]]",0.072
1091,0.01,6,"[[0.15, 0.17, 0.12, 0.06, 0.06, 0.22, 0.15], [0.19, 0.17, 0.21, 0.18, 0.06, 0.19, 0.04], [0.07, 0.13, 0.08, 0.09, 0.18, 0.11, 0.12], [0.16, 0.1, 0.02, 0.11, 0.21, 0.13, 0.19]]",0.13,0.13,55,"[0.09, 0.05, 0.01, 0.85]","[[0, 0, 0, 0, 0, 0, 0, 0], [0, 0, 0, 0, 0, 0, 0, 0], [0, 0, 0, 0, 0, 0, 0, 0], [0, 0, 0, 0, 0, 0, 0, 0]]",0.072
1092,0.01,2,"[[0.22, 0.12, 0.18, 0.2, 0.04, 0.04, 0.16], [0.19, 0.18, 0.17, 0.17, 0.18, 0.2, 0.15], [0.03, 0.13, 0.18, 0.12, 0.17, 0.16, 0.08], [0.21, 0.09, 0.16, 0.11, 0.25, 0.1, 0.16]]",0.13,0.09,55,"[0.34, 0.12, 0.22, 0.32]","[[0, 0, 0, 0, 0, 0, 0, 0], [0, 0, 0, 0, 0, 0, 0, 0], [0, 0, 0, 0, 0, 0, 0, 0], [0, 0, 0, 0, 0, 0, 0, 0]]",0.072
1093,0.01,1,"[[0.16, 0.11, 0.08, 0.09, 0.11, 0.11, 0.06], [0.14, 0.14, 0.15, 0.18, 0.2, 0.23, 0.09], [0.09, 0.18, 0.2, 0.13, 0.05, 0.16, 0.07], [0.08, 0.02, 0.16, 0.15, 0.1, 0.09, 0.12]]",0.13,0.09,55,"[0.08, 0.02, 0.89, 0.01]","[[0, 0, 0, 0, 0, 0, 0, 0], [0, 0, 0, 0, 0, 0, 0, 0], [0, 0, 0, 0, 0, 0, 0, 0], [0, 0, 0, 0, 0, 0, 0, 0]]",0.072
1094,0.01,7,"[[0.18, 0.08, 0.04, 0.19, 0.05, 0.05, 0.16], [0.09, 0.22, 0.23, 0.17, 0.13, 0.24, 0.18], [0.21, 0.2, 0.1, 0.14, 0.11, 0.11, 0.19], [0.23, 0.14, 0.16, 0.18, 0.12, 0.18, 0.03]]",0.13,0.03,55,"[0.02, 0.92, 0.02, 0.04]","[[0, 0, 0, 0, 0, 0, 0, 0], [0, 0, 0, 0, 0, 0, 0, 0], [0, 0, 0, 0, 0, 0, 0, 0], [0, 0, 0, 0, 0, 0, 0, 0]]",0.072
1095,0.01,7,"[[0.2, 0.14, 0.16, 0.12, 0.21, 0.18, 0.23], [0.06, 0.09, 0.16, 0.16, 0.14, 0.12, 0.15], [0.23, 0.08, 0.17, 0.11, 0.04, 0.14, 0.15], [0.06, 0.12, 0.16, 0.23, 0.08, 0.11, 0.15]]",0.13,0.15,55,"[0.33, 0.18, 0.11, 0.38]","[[0, 0, 0, 0, 0, 0, 0, 0], [0, 0, 0, 0, 0, 0, 0, 0], [0, 0, 0, 0, 0, 0, 0, 0], [0, 0, 0, 0, 0, 0, 0, 0]]",0.072
1096,0.01,2,"[[0.08, 0.08, 0.03, 0.08, 0.06, 0.11, 0.11], [0.21, 0.12, 0.16, 0.16, 0.17, 0.12, 0.08], [0.24, 0.22, 0.1, 0.12, 0.06, 0.2, 0.05], [0.13, 0.19, 0.1, 0.18, 0.14, 0.09, 0.16]]",0.13,0.19,55,"[0.12, 0.34, 0.21, 0.33]","[[0, 0, 0, 0, 0, 0, 0, 0], [0, 0, 0, 0, 0, 0, 0, 0], [0, 0, 0, 0, 0, 0, 0, 0], [0, 0, 0, 0, 0, 0, 0, 0]]",0.072
1097,0.01,6,"[[0.09, 0.06, 0.16, 0.11, 0.12, 0.22, 0.04], [0.11, 0.19, 0.13, 0.18, 0.2, 0.12, 0.12], [0.11, 0.08, 0.15, 0.06, 0.15, 0.13, 0.16], [0.08, 0.15, 0.2, 0.17, 0.24, 0.04, 0.12]]",0.13,0.22,55,"[0.15, 0.32, 0.21, 0.32]","[[0, 0, 0, 0, 0, 0, 0, 0], [0, 0, 0, 0, 0, 0, 0, 0], [0, 0, 0, 0, 0, 0, 0, 0], [0, 0, 0, 0, 0, 0, 0, 0]]",0.072
1098,0.01,6,"[[0.02, 0.1, 0.05, 0.19, 0.09, 0.05, 0.06], [0.03, 0.12, 0.22, 0.08, 0.02, 0.07, 0.12], [0.18, 0.19, 0.1, 0.18, 0.18, 0.13, 0.15], [0.08, 0.17, 0.23, 0.11, 0.13, 0.16, 0.07]]",0.13,0.16,55,"[0.06, 0.06, 0.03, 0.85]","[[0, 0, 0, 0, 0, 0, 0, 0], [0, 0, 0, 0, 0, 0, 0, 0], [0, 0, 0, 0, 0, 0, 0, 0], [0, 0, 0, 0, 0, 0, 0, 0]]",0.072
1099,0.01,1,"[[0.21, 0.14, 0.05, 0.18, 0.12, 0.1, 0.15], [0.03, 0.07, 0.04, 0.14, 0.13, 0.15, 0.2], [0.05, 0.14, 0.08, 0.16, 0.04, 0.13, 0.08], [0.19, 0.12, 0.09, 0.06, 0.18, 0.05, 0.09]]",0.13,0.05,55,"[0.01, 0.02, 0.88, 0.09]","[[0, 0, 0, 0, 0, 0, 0, 0], [0, 0, 0, 0, 0, 0, 0, 0], [0, 0, 0, 0, 0, 0, 0, 0], [0, 0, 0, 0, 0, 0, 0, 0]]",0.072
1100,0.01,5,"[[1.89, 1.68, 4.82, 0.64, 6.72, 5.82, 3.47], [2.81, 5.64, 4.93, 5.88, 1.19, 6.58, 2.91], [6.88, 4.96, 4.06, 5.77, 1.03, 4.24, 5.62], [0.22, 1.89, 4.63, 5.2, 4.1, 3.36, 6.44]]",5.0,1.19,56,"[0.25, 0.26, 0.31, 0.18]","[[0, 0, 1, 12, 0, 3, 0, 11], [0, 7, 0, 0, 6, 0, 5, 0], [0, 0, 0, 2, 0, 0, 0, 4], [0, 0, 0, 0, 10, 8, 9, 0]]",2.994
1101,0.01,1,"[[7.91, 1.03, 5.87, 7.52, 6.88, 7.18, 6.1], [5.88, 5.55, 1.78, 3.0, 4.69, 4.52, 8.75], [5.71, 1.25, 6.22, 6.17, 8.38, 7.26, 4.32], [6.4, 8.88, 5.28, 4.23, 1.08, 0.7, 3.39]]",5.0,7.91,56,"[0.3, 0.18, 0.2, 0.32]","[[0, 9, 2, 0, 0, 0, 4, 7], [0, 0, 0, 0, 0, 0, 0, 0], [0, 0, 0, 0, 0, 0, 0, 0], [0, 8, 1, 0, 3, 0, 5, 6]]",2.994
1102,0.01,6,"[[2.65, 1.66, 4.12, 6.28, 3.9, 4.24, 8.17], [4.84, 2.23, 5.57, 7.45, 3.35, 5.55, 3.39], [6.15, 3.53, 5.47, 2.82, 6.99, 9.09, 0.79], [2.47, 2.31, 1.36, 3.11, 4.52, 5.21, 3.31]]",5.0,5.21,56,"[0.01, 0.06, 0.02, 0.91]","[[0, 0, 0, 0, 0, 0, 0, 0], [0, 0, 0, 0, 0, 0, 0, 0], [0, 0, 0, 0, 0, 0, 0, 0], [0, 1, 2, 3, 4, 5, 6, 7]]",2.994
1103,0.01,2,"[[0.72, 5.25, 9.97, 4.85, 8.58, 2.57, 9.15], [5.48, 9.36, 2.36, 9.25, 3.72, 4.76, 6.74], [7.14, 7.36, 2.91, 4.13, 7.03, 8.48, 0.38], [5.84, 6.37, 7.56, 3.71, 4.02, 2.93, 0.09]]",5.0,9.36,56,"[0.03, 0.85, 0.06, 0.06]","[[0, 0, 0, 0, 0, 0, 0, 0], [0, 1, 2, 3, 4, 5, 6, 7], [0, 0, 0, 0, 0, 0, 0, 0], [0, 0, 0, 0, 0, 0, 0, 0]]",2.994
1104,0.01,3,"[[3.74, 4.35, 1.03, 5.02, 2.48, 7.72, 3.91], [9.52, 3.82, 4.46, 2.55, 5.65, 6.25, 0.76], [2.96, 5.49, 2.32, 7.63, 0.35, 8.21, 6.51], [4.09, 2.1, 9.56, 8.08, 0.89, 1.16, 4.1]]",5.0,1.03,56,"[0.04, 0.08, 0.02, 0.86]","[[0, 0, 0, 0, 0, 0, 0, 0], [0, 0, 0, 0, 0, 0, 0, 0], [0, 0, 0, 0, 0, 0, 0, 0], [0, 1, 2, 3, 4, 5, 6, 7]]",2.994
1105,0.01,7,"[[5.28, 9.9, 6.81, 1.61, 2.79, 8.92, 6.09], [3.46, 6.68, 6.44, 3.71, 3.55, 0.25, 8.07], [6.52, 2.17, 8.0, 8.5, 5.35, 1.81, 3.32], [5.89, 1.86, 6.44, 5.29, 3.29, 8.96, 7.12]]",5.0,3.32,56,"[0.23, 0.3, 0.24, 0.23]","[[0, 0, 0, 0, 0, 0, 0, 0], [0, 0, 0, 0, 0, 0, 0, 7], [0, 0, 2, 0, 0, 4, 0, 5], [0, 1, 0, 0, 3, 0, 0, 6]]",2.994
1106,0.01,6,"[[3.4, 2.14, 9.33, 2.59, 4.55, 1.09, 2.85], [2.69, 7.17, 4.91, 8.03, 6.07, 6.49, 2.28], [2.24, 5.15, 4.83, 2.39, 2.78, 7.43, 5.61], [3.01, 5.69, 6.66, 3.22, 3.6, 8.48, 3.28]]",5.0,1.09,56,"[0.07, 0.01, 0.9, 0.02]","[[0, 0, 0, 0, 0, 0, 0, 0], [0, 0, 0, 0, 0, 0, 0, 0], [0, 1, 2, 3, 4, 5, 6, 7], [0, 0, 0, 0, 0, 0, 0, 0]]",2.994
1107,0.01,4,"[[2.67, 1.86, 1.79, 5.75, 3.59, 3.3, 1.49], [1.18, 8.77, 6.89, 4.16, 3.25, 3.0, 9.34], [1.75, 2.03, 4.01, 8.67, 5.48, 1.04, 6.3], [4.37, 0.5, 5.19, 4.46, 0.43, 0.13, 6.06]]",5.0,5.75,56,"[0.24, 0.23, 0.24, 0.29]","[[0, 0, 0, 0, 0, 0, 0, 0], [0, 0, 2, 0, 4, 0, 6, 0], [0, 0, 0, 3, 0, 5, 0, 7], [0, 1, 8, 0, 9, 0, 0, 0]]",2.994
1108,0.01,7,"[[0.94, 9.58, 9.58, 1.68, 3.99, 3.26, 9.98], [7.2, 6.69, 3.6, 6.35, 1.28, 0.52, 9.84], [4.59, 4.33, 3.41, 2.69, 0.89, 3.28, 2.91], [7.61, 5.48, 8.81, 6.78, 0.6, 7.91, 3.87]]",5.0,2.91,56,"[0.01, 0.89, 0.08, 0.02]","[[0, 0, 0, 0, 0, 0, 0, 0], [0, 1, 2, 3, 4, 5, 6, 7], [0, 0, 0, 0, 0, 0, 0, 0], [0, 0, 0, 0, 0, 0, 0, 0]]",2.994
1109,0.01,4,"[[4.36, 8.7, 5.94, 4.41, 8.37, 5.83, 0.58], [9.58, 2.24, 8.49, 4.24, 4.63, 4.53, 5.29], [6.08, 4.31, 5.59, 3.3, 3.91, 4.21, 4.74], [9.25, 5.33, 1.67, 7.75, 5.64, 2.81, 3.02]]",5.0,4.24,56,"[0.31, 0.27, 0.14, 0.28]","[[0, 1, 0, 3, 0, 5, 0, 7], [0, 0, 2, 0, 4, 0, 6, 0], [0, 0, 0, 0, 0, 0, 0, 0], [0, 0, 0, 0, 8, 0, 0, 0]]",2.994
1110,0.01,5,"[[0.11, 0.18, 0.17, 0.05, 0.02, 0.11, 0.14], [0.16, 0.12, 0.11, 0.08, 0.11, 0.16, 0.08], [0.12, 0.16, 0.05, 0.23, 0.13, 0.08, 0.03], [0.17, 0.24, 0.1, 0.22, 0.06, 0.14, 0.05]]",0.13,0.06,56,"[0.01, 0.08, 0.86, 0.05]","[[0, 0, 0, 0, 0, 0, 0, 0], [0, 0, 0, 0, 0, 0, 0, 0], [0, 1, 0, 2, 0, 3, 0, 4], [0, 0, 0, 0, 0, 0, 0, 0]]",0.072
1111,0.01,6,"[[0.1, 0.1, 0.17, 0.08, 0.04, 0.09, 0.12], [0.18, 0.07, 0.12, 0.15, 0.14, 0.22, 0.18], [0.17, 0.02, 0.06, 0.16, 0.1, 0.2, 0.19], [0.23, 0.18, 0.17, 0.22, 0.21, 0.09, 0.19]]",0.13,0.22,56,"[0.21, 0.32, 0.34, 0.13]","[[0, 0, 0, 0, 0, 0, 0, 0], [0, 0, 0, 0, 0, 0, 0, 0], [0, 0, 0, 0, 0, 0, 0, 0], [0, 0, 0, 0, 0, 0, 0, 0]]",0.072
1112,0.01,1,"[[0.06, 0.1, 0.22, 0.17, 0.09, 0.03, 0.08], [0.24, 0.07, 0.1, 0.11, 0.11, 0.15, 0.16], [0.04, 0.05, 0.2, 0.13, 0.03, 0.1, 0.19], [0.2, 0.09, 0.17, 0.15, 0.2, 0.1, 0.15]]",0.13,0.2,56,"[0.01, 0.1, 0.04, 0.85]","[[0, 0, 0, 0, 0, 0, 0, 0], [0, 6, 0, 0, 0, 5, 0, 0], [0, 0, 0, 0, 0, 0, 0, 0], [0, 1, 0, 2, 0, 3, 0, 4]]",0.072
1113,0.01,3,"[[0.11, 0.13, 0.2, 0.15, 0.12, 0.07, 0.12], [0.17, 0.14, 0.08, 0.03, 0.14, 0.12, 0.21], [0.15, 0.05, 0.06, 0.08, 0.07, 0.16, 0.13], [0.11, 0.11, 0.13, 0.18, 0.08, 0.12, 0.15]]",0.13,0.06,56,"[0.11, 0.38, 0.34, 0.17]","[[0, 0, 0, 0, 0, 0, 0, 0], [0, 0, 0, 0, 0, 0, 0, 0], [0, 0, 0, 0, 0, 0, 0, 0], [0, 0, 0, 0, 0, 0, 0, 0]]",0.072
1114,0.01,4,"[[0.21, 0.14, 0.05, 0.18, 0.12, 0.1, 0.15], [0.03, 0.07, 0.04, 0.14, 0.13, 0.15, 0.2], [0.05, 0.14, 0.08, 0.16, 0.04, 0.13, 0.08], [0.19, 0.12, 0.09, 0.06, 0.18, 0.05, 0.09]]",0.13,0.06,56,"[0.01, 0.02, 0.88, 0.09]","[[0, 0, 0, 0, 0, 0, 0, 0], [0, 0, 0, 0, 0, 0, 0, 0], [0, 7, 1, 6, 2, 5, 3, 4], [0, 0, 0, 0, 0, 0, 0, 0]]",0.072
1115,0.01,3,"[[0.15, 0.08, 0.16, 0.16, 0.12, 0.04, 0.13], [0.17, 0.17, 0.2, 0.1, 0.06, 0.16, 0.12], [0.04, 0.25, 0.2, 0.11, 0.04, 0.11, 0.24], [0.15, 0.14, 0.05, 0.11, 0.22, 0.22, 0.2]]",0.13,0.2,56,"[0.01, 0.89, 0.09, 0.01]","[[0, 0, 0, 0, 0, 0, 0, 0], [0, 1, 0, 2, 0, 0, 0, 0], [0, 0, 0, 0, 0, 0, 0, 0], [0, 0, 0, 0, 0, 0, 0, 0]]",0.072
1116,0.01,5,"[[0.11, 0.22, 0.08, 0.2, 0.14, 0.03, 0.13], [0.17, 0.02, 0.02, 0.09, 0.21, 0.16, 0.15], [0.09, 0.18, 0.16, 0.17, 0.05, 0.09, 0.1], [0.18, 0.05, 0.09, 0.19, 0.24, 0.18, 0.12]]",0.13,0.24,56,"[0.33, 0.18, 0.11, 0.38]","[[0, 0, 0, 0, 0, 0, 0, 0], [0, 0, 0, 0, 0, 0, 0, 0], [0, 0, 0, 0, 0, 0, 0, 0], [0, 0, 0, 0, 0, 0, 0, 0]]",0.072
1117,0.01,7,"[[0.16, 0.21, 0.19, 0.12, 0.21, 0.05, 0.2], [0.14, 0.1, 0.04, 0.07, 0.08, 0.16, 0.22], [0.03, 0.17, 0.22, 0.13, 0.04, 0.22, 0.12], [0.16, 0.14, 0.16, 0.16, 0.18, 0.13, 0.14]]",0.13,0.22,56,"[0.06, 0.89, 0.04, 0.01]","[[0, 0, 0, 0, 0, 0, 0, 0], [0, 1, 0, 2, 0, 3, 0, 4], [0, 0, 0, 0, 0, 0, 0, 0], [0, 0, 0, 0, 0, 0, 0, 0]]",0.072
1118,0.01,1,"[[0.09, 0.06, 0.16, 0.11, 0.12, 0.22, 0.04], [0.11, 0.19, 0.13, 0.18, 0.2, 0.12, 0.12], [0.11, 0.08, 0.15, 0.06, 0.15, 0.13, 0.16], [0.08, 0.15, 0.2, 0.17, 0.24, 0.04, 0.12]]",0.13,0.09,56,"[0.15, 0.32, 0.21, 0.32]","[[0, 0, 0, 0, 0, 0, 0, 0], [0, 0, 0, 0, 0, 0, 0, 0], [0, 0, 0, 0, 0, 0, 0, 0], [0, 0, 0, 0, 0, 0, 0, 0]]",0.072
1119,0.01,3,"[[0.14, 0.12, 0.08, 0.02, 0.14, 0.19, 0.09], [0.2, 0.01, 0.13, 0.03, 0.11, 0.06, 0.23], [0.19, 0.12, 0.16, 0.15, 0.16, 0.07, 0.21], [0.09, 0.14, 0.24, 0.12, 0.1, 0.2, 0.16]]",0.13,0.13,56,"[0.36, 0.17, 0.12, 0.35]","[[0, 0, 0, 0, 0, 0, 0, 0], [0, 0, 0, 0, 0, 0, 0, 0], [0, 0, 0, 0, 0, 0, 0, 0], [0, 0, 0, 0, 0, 0, 0, 0]]",0.072
1120,0.01,7,"[[0.16, 0.21, 0.19, 0.12, 0.21, 0.05, 0.2], [0.14, 0.1, 0.04, 0.07, 0.08, 0.16, 0.22], [0.03, 0.17, 0.22, 0.13, 0.04, 0.22, 0.12], [0.16, 0.14, 0.16, 0.16, 0.18, 0.13, 0.14]]",0.13,0.22,57,"[0.06, 0.89, 0.04, 0.01]","[[0, 1, 8, 9, 13, 0, 0, 0], [0, 2, 7, 10, 14, 17, 18, 19], [0, 3, 6, 11, 15, 0, 0, 0], [0, 4, 5, 12, 16, 0, 0, 0]]",0.072
1121,0.01,7,"[[0.15, 0.08, 0.15, 0.12, 0.15, 0.08, 0.22], [0.12, 0.2, 0.22, 0.16, 0.25, 0.12, 0.11], [0.19, 0.22, 0.15, 0.08, 0.12, 0.14, 0.2], [0.21, 0.16, 0.09, 0.16, 0.22, 0.15, 0.19]]",0.13,0.2,57,"[0.05, 0.07, 0.86, 0.02]","[[0, 0, 9, 0, 0, 0, 0, 13], [0, 0, 8, 0, 0, 0, 0, 12], [0, 1, 2, 3, 4, 5, 6, 7], [0, 0, 10, 0, 0, 0, 0, 11]]",0.072
1122,0.01,7,"[[0.15, 0.2, 0.21, 0.14, 0.15, 0.21, 0.2], [0.1, 0.12, 0.15, 0.05, 0.19, 0.19, 0.19], [0.2, 0.18, 0.22, 0.07, 0.23, 0.17, 0.15], [0.25, 0.17, 0.14, 0.07, 0.06, 0.14, 0.21]]",0.13,0.21,57,"[0.33, 0.32, 0.13, 0.22]","[[0, 1, 2, 3, 4, 5, 6, 7], [0, 0, 10, 9, 0, 0, 8, 11], [0, 0, 0, 0, 0, 0, 0, 14], [0, 0, 0, 0, 0, 0, 12, 13]]",0.072
1123,0.01,7,"[[0.11, 0.06, 0.11, 0.08, 0.17, 0.11, 0.11], [0.14, 0.12, 0.06, 0.14, 0.09, 0.14, 0.12], [0.04, 0.15, 0.09, 0.13, 0.15, 0.18, 0.21], [0.1, 0.08, 0.17, 0.08, 0.19, 0.13, 0.19]]",0.13,0.11,57,"[0.26, 0.2, 0.27, 0.27]","[[0, 0, 0, 0, 0, 7, 0, 12], [0, 0, 0, 0, 0, 8, 0, 11], [0, 0, 2, 0, 0, 6, 0, 10], [0, 1, 3, 0, 4, 5, 0, 9]]",0.072
1124,0.01,5,"[[0.1, 0.1, 0.03, 0.13, 0.2, 0.08, 0.11], [0.08, 0.05, 0.11, 0.15, 0.22, 0.2, 0.17], [0.16, 0.24, 0.08, 0.04, 0.05, 0.19, 0.14], [0.1, 0.18, 0.15, 0.14, 0.18, 0.07, 0.19]]",0.13,0.2,57,"[0.36, 0.26, 0.19, 0.19]","[[0, 1, 2, 3, 4, 5, 6, 7], [0, 0, 0, 0, 0, 8, 0, 0], [0, 0, 0, 0, 0, 0, 0, 0], [0, 0, 0, 0, 0, 0, 0, 0]]",0.072
1125,0.01,1,"[[0.08, 0.08, 0.03, 0.08, 0.06, 0.11, 0.11], [0.21, 0.12, 0.16, 0.16, 0.17, 0.12, 0.08], [0.24, 0.22, 0.1, 0.12, 0.06, 0.2, 0.05], [0.13, 0.19, 0.1, 0.18, 0.14, 0.09, 0.16]]",0.13,0.13,57,"[0.12, 0.34, 0.21, 0.33]","[[0, 0, 0, 0, 0, 0, 0, 0], [0, 1, 2, 4, 5, 8, 7, 6], [0, 0, 0, 0, 0, 0, 0, 0], [0, 3, 0, 0, 0, 9, 0, 0]]",0.072
1126,0.01,2,"[[0.05, 0.17, 0.08, 0.07, 0.16, 0.13, 0.05], [0.1, 0.16, 0.24, 0.2, 0.19, 0.19, 0.23], [0.18, 0.13, 0.06, 0.19, 0.17, 0.21, 0.13], [0.16, 0.18, 0.2, 0.12, 0.19, 0.08, 0.19]]",0.13,0.17,57,"[0.85, 0.1, 0.02, 0.03]","[[0, 1, 2, 3, 4, 5, 6, 7], [0, 0, 0, 0, 0, 0, 0, 0], [0, 0, 0, 0, 0, 0, 0, 0], [0, 0, 0, 0, 0, 0, 0, 0]]",0.072
1127,0.01,4,"[[0.04, 0.14, 0.09, 0.06, 0.18, 0.1, 0.07], [0.09, 0.13, 0.01, 0.23, 0.07, 0.19, 0.05], [0.08, 0.2, 0.08, 0.21, 0.07, 0.04, 0.22], [0.12, 0.1, 0.09, 0.18, 0.18, 0.04, 0.15]]",0.13,0.18,57,"[0.05, 0.03, 0.07, 0.85]","[[0, 0, 0, 0, 0, 0, 0, 0], [0, 0, 0, 0, 0, 0, 0, 0], [0, 0, 0, 0, 9, 8, 0, 0], [0, 1, 2, 3, 4, 5, 6, 7]]",0.072
1128,0.01,1,"[[0.15, 0.06, 0.09, 0.11, 0.16, 0.04, 0.14], [0.13, 0.19, 0.06, 0.21, 0.14, 0.09, 0.14], [0.16, 0.13, 0.11, 0.14, 0.1, 0.12, 0.12], [0.2, 0.09, 0.2, 0.06, 0.12, 0.09, 0.16]]",0.13,0.16,57,"[0.08, 0.04, 0.87, 0.01]","[[0, 0, 0, 0, 0, 0, 0, 0], [0, 0, 0, 0, 0, 0, 0, 0], [0, 1, 2, 3, 4, 5, 6, 7], [0, 0, 0, 0, 0, 0, 0, 0]]",0.072
1129,0.01,4,"[[0.2, 0.14, 0.16, 0.12, 0.21, 0.18, 0.23], [0.06, 0.09, 0.16, 0.16, 0.14, 0.12, 0.15], [0.23, 0.08, 0.17, 0.11, 0.04, 0.14, 0.15], [0.06, 0.12, 0.16, 0.23, 0.08, 0.11, 0.15]]",0.13,0.12,57,"[0.33, 0.18, 0.11, 0.38]","[[0, 0, 0, 9, 5, 0, 0, 0], [0, 0, 0, 0, 0, 0, 0, 0], [0, 0, 0, 0, 0, 0, 0, 0], [0, 1, 2, 3, 4, 6, 7, 8]]",0.072
1130,0.01,6,"[[6.18, 4.93, 6.72, 3.3, 6.34, 6.06, 5.41], [7.2, 2.38, 3.93, 9.67, 4.79, 7.96, 3.99], [0.82, 2.25, 1.43, 2.43, 5.42, 7.07, 9.93], [9.97, 3.97, 5.79, 8.9, 4.27, 7.39, 5.81]]",5.0,6.06,57,"[0.28, 0.28, 0.19, 0.25]","[[0, 1, 2, 3, 4, 5, 6, 7], [0, 9, 0, 8, 0, 10, 11, 0], [0, 0, 0, 0, 0, 0, 12, 0], [0, 0, 0, 0, 0, 0, 13, 0]]",2.994
1131,0.01,3,"[[3.25, 0.97, 8.64, 8.18, 2.13, 6.22, 0.77], [5.88, 7.57, 5.25, 3.43, 6.13, 3.52, 3.61], [5.54, 4.65, 8.68, 9.8, 7.31, 3.42, 4.37], [7.14, 2.83, 7.59, 3.91, 6.6, 1.41, 1.96]]",5.0,7.59,57,"[0.06, 0.03, 0.01, 0.9]","[[0, 0, 0, 0, 0, 0, 0, 0], [0, 0, 0, 0, 0, 0, 0, 0], [0, 0, 0, 0, 0, 0, 0, 0], [0, 1, 2, 3, 4, 5, 6, 7]]",2.994
1132,0.01,7,"[[7.74, 3.22, 6.43, 3.71, 7.81, 4.87, 5.0], [6.79, 7.24, 2.38, 4.86, 3.87, 6.17, 4.92], [3.15, 9.58, 2.44, 5.2, 8.45, 2.58, 2.29], [4.2, 1.81, 5.9, 9.47, 8.69, 2.45, 6.94]]",5.0,6.94,57,"[0.15, 0.38, 0.14, 0.33]","[[0, 0, 0, 0, 0, 0, 0, 13], [0, 1, 2, 3, 6, 7, 8, 9], [0, 0, 0, 0, 0, 0, 0, 12], [0, 5, 4, 0, 0, 0, 11, 10]]",2.994
1133,0.01,1,"[[7.91, 1.03, 5.87, 7.52, 6.88, 7.18, 6.1], [5.88, 5.55, 1.78, 3.0, 4.69, 4.52, 8.75], [5.71, 1.25, 6.22, 6.17, 8.38, 7.26, 4.32], [6.4, 8.88, 5.28, 4.23, 1.08, 0.7, 3.39]]",5.0,5.71,57,"[0.3, 0.18, 0.2, 0.32]","[[0, 2, 5, 0, 0, 0, 0, 0], [0, 3, 0, 0, 0, 0, 0, 0], [0, 4, 0, 0, 0, 0, 0, 0], [0, 1, 0, 0, 0, 0, 0, 0]]",2.994
1134,0.01,2,"[[5.97, 8.23, 1.24, 7.62, 4.62, 4.29, 5.98], [8.29, 4.65, 5.55, 1.01, 2.98, 8.74, 8.92], [1.93, 2.81, 4.79, 6.01, 7.29, 6.55, 4.48], [9.09, 1.98, 6.38, 4.5, 3.08, 5.26, 4.47]]",5.0,8.23,57,"[0.86, 0.01, 0.12, 0.01]","[[0, 1, 2, 0, 0, 0, 0, 0], [0, 0, 4, 0, 0, 0, 0, 0], [0, 0, 3, 0, 0, 0, 0, 0], [0, 0, 0, 0, 0, 0, 0, 0]]",2.994
1135,0.01,1,"[[1.32, 1.79, 4.74, 6.52, 9.55, 1.49, 3.36], [2.67, 2.3, 3.39, 7.85, 3.89, 7.4, 8.55], [4.18, 0.46, 4.32, 2.27, 3.18, 8.62, 2.94], [6.02, 2.09, 4.16, 3.95, 2.34, 3.36, 2.27]]",5.0,2.67,57,"[0.16, 0.11, 0.34, 0.39]","[[0, 0, 0, 0, 0, 0, 0, 0], [0, 0, 0, 0, 0, 0, 0, 0], [0, 8, 0, 0, 0, 0, 0, 0], [0, 1, 2, 3, 4, 5, 6, 7]]",2.994
1136,0.01,6,"[[3.55, 2.94, 0.08, 3.13, 2.15, 9.59, 4.77], [4.35, 5.83, 1.82, 2.79, 3.6, 4.35, 6.66], [4.91, 4.62, 9.06, 2.02, 4.04, 2.21, 7.62], [0.78, 5.9, 1.77, 4.45, 7.63, 4.39, 2.86]]",5.0,2.21,57,"[0.34, 0.11, 0.27, 0.28]","[[0, 1, 2, 3, 4, 5, 6, 7], [0, 0, 0, 0, 0, 0, 8, 0], [0, 0, 0, 0, 0, 0, 9, 0], [0, 0, 0, 0, 0, 0, 10, 0]]",2.994
1137,0.01,3,"[[9.88, 3.37, 6.84, 6.02, 5.72, 2.47, 6.83], [4.66, 3.57, 1.89, 8.02, 4.52, 4.58, 0.56], [5.57, 8.71, 8.98, 7.3, 1.41, 5.09, 6.3], [2.79, 3.58, 9.87, 3.61, 3.51, 7.13, 2.78]]",5.0,9.87,57,"[0.02, 0.05, 0.05, 0.88]","[[0, 0, 0, 6, 0, 0, 0, 0], [0, 0, 0, 5, 0, 0, 0, 0], [0, 0, 0, 4, 0, 0, 0, 0], [0, 1, 2, 3, 0, 0, 0, 0]]",2.994
1138,0.01,2,"[[3.89, 7.03, 1.42, 3.85, 5.57, 3.85, 2.09], [1.42, 3.42, 3.49, 1.78, 8.76, 8.52, 6.88], [3.98, 7.53, 6.94, 2.68, 5.16, 4.6, 0.82], [7.43, 7.31, 6.36, 5.75, 9.0, 9.88, 3.78]]",5.0,7.03,57,"[0.86, 0.01, 0.02, 0.11]","[[0, 1, 2, 3, 4, 5, 6, 7], [0, 0, 0, 0, 0, 0, 0, 0], [0, 0, 0, 0, 0, 0, 0, 0], [0, 0, 0, 0, 0, 0, 0, 0]]",2.994
1139,0.01,4,"[[7.32, 4.38, 4.99, 7.76, 5.0, 5.94, 2.36], [8.4, 3.61, 8.45, 4.23, 7.02, 4.36, 9.23], [1.69, 3.23, 3.54, 3.86, 3.72, 2.06, 0.61], [7.94, 7.02, 6.73, 4.28, 8.5, 0.13, 2.63]]",5.0,7.76,57,"[0.85, 0.03, 0.11, 0.01]","[[0, 1, 2, 3, 4, 5, 6, 7], [0, 0, 0, 0, 0, 0, 0, 0], [0, 0, 0, 0, 0, 0, 0, 0], [0, 0, 0, 0, 0, 0, 0, 0]]",2.994
1140,0.01,6,"[[3.4, 2.14, 9.33, 2.59, 4.55, 1.09, 2.85], [2.69, 7.17, 4.91, 8.03, 6.07, 6.49, 2.28], [2.24, 5.15, 4.83, 2.39, 2.78, 7.43, 5.61], [3.01, 5.69, 6.66, 3.22, 3.6, 8.48, 3.28]]",5.0,7.43,58,"[0.07, 0.01, 0.9, 0.02]","[[0, 0, 0, 0, 0, 0, 0, 0], [0, 0, 1, 0, 0, 0, 0, 0], [0, 8, 2, 7, 3, 6, 4, 5], [0, 0, 0, 0, 0, 0, 0, 0]]",2.994
1141,0.01,2,"[[2.09, 7.52, 9.74, 6.72, 2.88, 5.9, 5.87], [6.25, 4.49, 6.66, 2.68, 2.62, 7.58, 4.86], [0.33, 4.49, 3.44, 6.0, 4.73, 0.87, 2.63], [7.63, 1.46, 3.24, 5.72, 7.53, 7.25, 3.01]]",5.0,1.46,58,"[0.34, 0.23, 0.2, 0.23]","[[0, 0, 2, 0, 0, 0, 1, 0], [0, 0, 0, 0, 0, 0, 0, 0], [0, 0, 0, 0, 0, 0, 0, 0], [0, 0, 0, 0, 0, 0, 0, 0]]",2.994
1142,0.01,7,"[[8.39, 1.9, 3.96, 5.78, 2.24, 5.8, 4.1], [0.94, 5.02, 2.49, 5.54, 6.54, 4.33, 9.65], [7.94, 7.8, 4.1, 9.82, 1.59, 4.84, 8.58], [8.96, 7.49, 1.94, 3.92, 0.76, 2.82, 6.17]]",5.0,9.65,58,"[0.11, 0.85, 0.02, 0.02]","[[0, 0, 0, 0, 0, 0, 0, 0], [0, 0, 1, 0, 0, 2, 0, 3], [0, 0, 0, 0, 0, 0, 0, 0], [0, 0, 0, 0, 0, 0, 0, 0]]",2.994
1143,0.01,3,"[[9.88, 3.37, 6.84, 6.02, 5.72, 2.47, 6.83], [4.66, 3.57, 1.89, 8.02, 4.52, 4.58, 0.56], [5.57, 8.71, 8.98, 7.3, 1.41, 5.09, 6.3], [2.79, 3.58, 9.87, 3.61, 3.51, 7.13, 2.78]]",5.0,9.87,58,"[0.02, 0.05, 0.05, 0.88]","[[0, 0, 0, 0, 0, 0, 0, 0], [0, 0, 0, 0, 0, 0, 0, 0], [0, 0, 0, 0, 0, 0, 0, 0], [0, 1, 5, 0, 3, 4, 0, 2]]",2.994
1144,0.01,2,"[[3.89, 7.03, 1.42, 3.85, 5.57, 3.85, 2.09], [1.42, 3.42, 3.49, 1.78, 8.76, 8.52, 6.88], [3.98, 7.53, 6.94, 2.68, 5.16, 4.6, 0.82], [7.43, 7.31, 6.36, 5.75, 9.0, 9.88, 3.78]]",5.0,7.03,58,"[0.86, 0.01, 0.02, 0.11]","[[0, 4, 1, 7, 3, 6, 2, 5], [0, 0, 0, 0, 0, 0, 0, 0], [0, 0, 0, 0, 0, 0, 0, 0], [0, 0, 0, 0, 0, 0, 0, 0]]",2.994
1145,0.01,4,"[[7.91, 1.03, 5.87, 7.52, 6.88, 7.18, 6.1], [5.88, 5.55, 1.78, 3.0, 4.69, 4.52, 8.75], [5.71, 1.25, 6.22, 6.17, 8.38, 7.26, 4.32], [6.4, 8.88, 5.28, 4.23, 1.08, 0.7, 3.39]]",5.0,6.17,58,"[0.3, 0.18, 0.2, 0.32]","[[0, 0, 5, 6, 0, 0, 0, 0], [0, 0, 0, 0, 0, 0, 0, 0], [0, 0, 0, 0, 0, 0, 0, 0], [0, 3, 4, 1, 0, 0, 2, 0]]",2.994
1146,0.01,6,"[[3.55, 2.94, 0.08, 3.13, 2.15, 9.59, 4.77], [4.35, 5.83, 1.82, 2.79, 3.6, 4.35, 6.66], [4.91, 4.62, 9.06, 2.02, 4.04, 2.21, 7.62], [0.78, 5.9, 1.77, 4.45, 7.63, 4.39, 2.86]]",5.0,4.39,58,"[0.34, 0.11, 0.27, 0.28]","[[0, 1, 0, 4, 11, 0, 5, 7], [0, 0, 0, 0, 0, 0, 13, 0], [0, 0, 0, 0, 10, 0, 9, 0], [0, 2, 0, 3, 12, 0, 6, 8]]",2.994
1147,0.01,4,"[[7.74, 3.22, 6.43, 3.71, 7.81, 4.87, 5.0], [6.79, 7.24, 2.38, 4.86, 3.87, 6.17, 4.92], [3.15, 9.58, 2.44, 5.2, 8.45, 2.58, 2.29], [4.2, 1.81, 5.9, 9.47, 8.69, 2.45, 6.94]]",5.0,3.71,58,"[0.15, 0.38, 0.14, 0.33]","[[0, 0, 0, 0, 0, 0, 0, 0], [0, 1, 0, 0, 3, 0, 5, 7], [0, 0, 0, 0, 0, 0, 0, 0], [0, 2, 0, 0, 4, 0, 6, 8]]",2.994
1148,0.01,4,"[[2.67, 1.86, 1.79, 5.75, 3.59, 3.3, 1.49], [1.18, 8.77, 6.89, 4.16, 3.25, 3.0, 9.34], [1.75, 2.03, 4.01, 8.67, 5.48, 1.04, 6.3], [4.37, 0.5, 5.19, 4.46, 0.43, 0.13, 6.06]]",5.0,8.67,58,"[0.24, 0.23, 0.24, 0.29]","[[0, 0, 0, 0, 4, 0, 0, 0], [0, 0, 0, 0, 0, 0, 0, 0], [0, 0, 0, 0, 3, 0, 0, 0], [0, 1, 0, 0, 0, 0, 2, 0]]",2.994
1149,0.01,1,"[[7.17, 3.46, 5.58, 3.93, 3.7, 2.49, 5.53], [9.77, 5.93, 5.47, 2.25, 8.04, 7.17, 0.39], [7.48, 1.53, 5.91, 7.74, 1.59, 6.73, 3.86], [5.1, 6.8, 2.11, 7.09, 7.57, 6.62, 8.34]]",5.0,7.17,58,"[0.88, 0.05, 0.05, 0.02]","[[0, 7, 6, 1, 5, 4, 2, 3], [0, 0, 0, 0, 0, 0, 0, 0], [0, 0, 0, 0, 0, 0, 0, 0], [0, 0, 0, 0, 0, 0, 0, 0]]",2.994
1150,0.01,7,"[[0.16, 0.21, 0.19, 0.12, 0.21, 0.05, 0.2], [0.14, 0.1, 0.04, 0.07, 0.08, 0.16, 0.22], [0.03, 0.17, 0.22, 0.13, 0.04, 0.22, 0.12], [0.16, 0.14, 0.16, 0.16, 0.18, 0.13, 0.14]]",0.13,0.22,58,"[0.06, 0.89, 0.04, 0.01]","[[0, 0, 0, 0, 0, 0, 0, 0], [0, 0, 1, 0, 0, 2, 0, 3], [0, 0, 0, 0, 0, 0, 0, 0], [0, 0, 0, 0, 0, 0, 0, 0]]",0.072
1151,0.01,3,"[[0.19, 0.12, 0.08, 0.18, 0.08, 0.2, 0.22], [0.05, 0.04, 0.19, 0.18, 0.18, 0.05, 0.1], [0.21, 0.13, 0.15, 0.13, 0.16, 0.15, 0.08], [0.19, 0.06, 0.09, 0.07, 0.04, 0.2, 0.08]]",0.13,0.19,58,"[0.16, 0.28, 0.23, 0.33]","[[0, 0, 0, 0, 0, 0, 0, 0], [0, 0, 0, 2, 0, 0, 0, 0], [0, 0, 0, 0, 0, 0, 0, 0], [0, 0, 0, 1, 0, 0, 0, 0]]",0.072
1152,0.01,4,"[[0.11, 0.18, 0.17, 0.05, 0.02, 0.11, 0.14], [0.16, 0.12, 0.11, 0.08, 0.11, 0.16, 0.08], [0.12, 0.16, 0.05, 0.23, 0.13, 0.08, 0.03], [0.17, 0.24, 0.1, 0.22, 0.06, 0.14, 0.05]]",0.13,0.23,58,"[0.01, 0.08, 0.86, 0.05]","[[0, 0, 0, 0, 0, 0, 0, 0], [0, 0, 0, 0, 0, 0, 0, 0], [0, 0, 0, 0, 1, 0, 0, 0], [0, 0, 0, 0, 0, 0, 0, 0]]",0.072
1153,0.01,7,"[[0.12, 0.17, 0.14, 0.13, 0.11, 0.07, 0.23], [0.21, 0.03, 0.18, 0.17, 0.22, 0.07, 0.12], [0.06, 0.15, 0.14, 0.1, 0.11, 0.15, 0.22], [0.13, 0.03, 0.18, 0.17, 0.07, 0.25, 0.1]]",0.13,0.23,58,"[0.39, 0.18, 0.15, 0.28]","[[0, 0, 1, 0, 0, 2, 0, 3], [0, 0, 0, 0, 0, 0, 0, 0], [0, 0, 0, 0, 0, 0, 0, 0], [0, 0, 0, 0, 0, 0, 0, 0]]",0.072
1154,0.01,3,"[[0.02, 0.1, 0.05, 0.19, 0.09, 0.05, 0.06], [0.03, 0.12, 0.22, 0.08, 0.02, 0.07, 0.12], [0.18, 0.19, 0.1, 0.18, 0.18, 0.13, 0.15], [0.08, 0.17, 0.23, 0.11, 0.13, 0.16, 0.07]]",0.13,0.23,58,"[0.06, 0.06, 0.03, 0.85]","[[0, 0, 0, 0, 0, 0, 0, 0], [0, 0, 0, 0, 0, 0, 0, 0], [0, 0, 0, 0, 0, 0, 0, 0], [0, 5, 1, 6, 4, 2, 0, 3]]",0.072
1155,0.01,5,"[[0.15, 0.17, 0.12, 0.06, 0.06, 0.22, 0.15], [0.19, 0.17, 0.21, 0.18, 0.06, 0.19, 0.04], [0.07, 0.13, 0.08, 0.09, 0.18, 0.11, 0.12], [0.16, 0.1, 0.02, 0.11, 0.21, 0.13, 0.19]]",0.13,0.21,58,"[0.09, 0.05, 0.01, 0.85]","[[0, 0, 0, 0, 0, 0, 0, 0], [0, 0, 0, 0, 0, 0, 0, 0], [0, 0, 0, 0, 0, 0, 0, 0], [0, 0, 1, 0, 0, 2, 0, 0]]",0.072
1156,0.01,3,"[[0.14, 0.16, 0.16, 0.21, 0.14, 0.04, 0.08], [0.06, 0.2, 0.17, 0.04, 0.15, 0.07, 0.15], [0.13, 0.19, 0.14, 0.02, 0.08, 0.23, 0.1], [0.15, 0.03, 0.13, 0.07, 0.13, 0.07, 0.19]]",0.13,0.17,58,"[0.26, 0.28, 0.24, 0.22]","[[0, 0, 0, 0, 0, 0, 0, 0], [0, 0, 0, 1, 0, 0, 0, 0], [0, 0, 0, 0, 0, 0, 0, 0], [0, 0, 0, 3, 2, 0, 0, 0]]",0.072
1157,0.01,2,"[[0.08, 0.23, 0.16, 0.14, 0.22, 0.12, 0.2], [0.17, 0.2, 0.03, 0.17, 0.21, 0.17, 0.07], [0.08, 0.2, 0.14, 0.22, 0.1, 0.13, 0.17], [0.07, 0.12, 0.01, 0.11, 0.05, 0.12, 0.17]]",0.13,0.23,58,"[0.86, 0.03, 0.04, 0.07]","[[0, 4, 5, 1, 3, 0, 2, 0], [0, 0, 0, 0, 0, 0, 0, 0], [0, 0, 0, 0, 0, 0, 0, 0], [0, 0, 0, 0, 0, 0, 0, 0]]",0.072
1158,0.01,2,"[[0.08, 0.08, 0.03, 0.08, 0.06, 0.11, 0.11], [0.21, 0.12, 0.16, 0.16, 0.17, 0.12, 0.08], [0.24, 0.22, 0.1, 0.12, 0.06, 0.2, 0.05], [0.13, 0.19, 0.1, 0.18, 0.14, 0.09, 0.16]]",0.13,0.19,58,"[0.12, 0.34, 0.21, 0.33]","[[0, 0, 0, 0, 0, 0, 0, 0], [0, 0, 3, 0, 0, 0, 0, 0], [0, 0, 0, 0, 0, 0, 0, 0], [0, 4, 1, 0, 0, 2, 0, 0]]",0.072
1159,0.01,2,"[[0.15, 0.2, 0.21, 0.14, 0.15, 0.21, 0.2], [0.1, 0.12, 0.15, 0.05, 0.19, 0.19, 0.19], [0.2, 0.18, 0.22, 0.07, 0.23, 0.17, 0.15], [0.25, 0.17, 0.14, 0.07, 0.06, 0.14, 0.21]]",0.13,0.12,58,"[0.33, 0.32, 0.13, 0.22]","[[0, 0, 2, 0, 0, 0, 0, 0], [0, 0, 1, 0, 0, 0, 0, 0], [0, 0, 0, 0, 0, 0, 0, 0], [0, 0, 0, 0, 0, 0, 0, 0]]",0.072
1160,0.01,4,"[[0.21, 0.18, 0.18, 0.07, 0.17, 0.09, 0.08], [0.07, 0.09, 0.01, 0.16, 0.02, 0.06, 0.25], [0.21, 0.16, 0.24, 0.08, 0.24, 0.16, 0.09], [0.17, 0.08, 0.18, 0.24, 0.11, 0.09, 0.22]]",0.13,0.24,59,"[0.21, 0.27, 0.2, 0.32]","[[0, 0, 0, 0, 0, 0, 5, 0], [0, 0, 0, 0, 2, 0, 4, 0], [0, 0, 0, 1, 0, 3, 0, 0], [0, 0, 0, 0, 0, 0, 0, 0]]",0.072
1161,0.01,5,"[[0.23, 0.06, 0.08, 0.13, 0.11, 0.05, 0.11], [0.17, 0.17, 0.17, 0.13, 0.09, 0.2, 0.07], [0.21, 0.11, 0.17, 0.05, 0.13, 0.11, 0.17], [0.16, 0.02, 0.2, 0.19, 0.23, 0.13, 0.13]]",0.13,0.13,59,"[0.24, 0.22, 0.21, 0.33]","[[0, 0, 0, 0, 0, 1, 0, 0], [0, 0, 0, 0, 0, 0, 0, 0], [0, 0, 0, 0, 0, 0, 0, 0], [0, 0, 0, 0, 0, 0, 0, 0]]",0.072
1162,0.01,3,"[[0.15, 0.17, 0.12, 0.06, 0.06, 0.22, 0.15], [0.19, 0.17, 0.21, 0.18, 0.06, 0.19, 0.04], [0.07, 0.13, 0.08, 0.09, 0.18, 0.11, 0.12], [0.16, 0.1, 0.02, 0.11, 0.21, 0.13, 0.19]]",0.13,0.02,59,"[0.09, 0.05, 0.01, 0.85]","[[0, 0, 0, 0, 0, 0, 0, 0], [0, 0, 0, 0, 0, 0, 0, 0], [0, 0, 0, 0, 0, 0, 0, 0], [0, 0, 0, 0, 0, 0, 0, 0]]",0.072
1163,0.01,5,"[[0.22, 0.12, 0.18, 0.2, 0.04, 0.04, 0.16], [0.19, 0.18, 0.17, 0.17, 0.18, 0.2, 0.15], [0.03, 0.13, 0.18, 0.12, 0.17, 0.16, 0.08], [0.21, 0.09, 0.16, 0.11, 0.25, 0.1, 0.16]]",0.13,0.04,59,"[0.34, 0.12, 0.22, 0.32]","[[0, 0, 0, 0, 0, 0, 0, 0], [0, 0, 0, 0, 0, 0, 0, 0], [0, 0, 0, 0, 0, 0, 0, 0], [0, 0, 0, 0, 0, 0, 0, 0]]",0.072
1164,0.01,2,"[[0.15, 0.06, 0.09, 0.11, 0.16, 0.04, 0.14], [0.13, 0.19, 0.06, 0.21, 0.14, 0.09, 0.14], [0.16, 0.13, 0.11, 0.14, 0.1, 0.12, 0.12], [0.2, 0.09, 0.2, 0.06, 0.12, 0.09, 0.16]]",0.13,0.13,59,"[0.08, 0.04, 0.87, 0.01]","[[0, 0, 0, 0, 0, 0, 0, 0], [0, 0, 0, 0, 0, 0, 0, 0], [0, 0, 0, 0, 0, 0, 0, 0], [0, 0, 0, 0, 0, 0, 0, 0]]",0.072
1165,0.01,6,"[[0.15, 0.2, 0.21, 0.14, 0.15, 0.21, 0.2], [0.1, 0.12, 0.15, 0.05, 0.19, 0.19, 0.19], [0.2, 0.18, 0.22, 0.07, 0.23, 0.17, 0.15], [0.25, 0.17, 0.14, 0.07, 0.06, 0.14, 0.21]]",0.13,0.19,59,"[0.33, 0.32, 0.13, 0.22]","[[0, 0, 0, 0, 0, 0, 0, 0], [0, 0, 0, 0, 0, 0, 1, 0], [0, 0, 0, 0, 3, 2, 0, 0], [0, 0, 0, 4, 0, 0, 0, 0]]",0.072
1166,0.01,7,"[[0.05, 0.08, 0.17, 0.15, 0.22, 0.07, 0.07], [0.06, 0.1, 0.12, 0.11, 0.19, 0.16, 0.05], [0.19, 0.16, 0.13, 0.06, 0.18, 0.04, 0.24], [0.15, 0.24, 0.11, 0.13, 0.14, 0.03, 0.01]]",0.13,0.07,59,"[0.86, 0.01, 0.05, 0.08]","[[0, 0, 0, 0, 0, 0, 0, 0], [0, 0, 0, 0, 0, 0, 0, 0], [0, 0, 0, 0, 0, 0, 0, 0], [0, 0, 0, 0, 0, 0, 0, 0]]",0.072
1167,0.01,7,"[[0.12, 0.04, 0.15, 0.03, 0.12, 0.21, 0.16], [0.15, 0.15, 0.1, 0.11, 0.22, 0.11, 0.06], [0.06, 0.07, 0.19, 0.11, 0.05, 0.07, 0.16], [0.05, 0.12, 0.14, 0.09, 0.12, 0.13, 0.02]]",0.13,0.16,59,"[0.04, 0.05, 0.89, 0.02]","[[0, 0, 0, 0, 0, 0, 0, 0], [0, 0, 0, 0, 0, 0, 0, 0], [0, 0, 0, 0, 0, 0, 0, 0], [0, 0, 0, 0, 0, 0, 0, 0]]",0.072
1168,0.01,3,"[[0.18, 0.08, 0.14, 0.2, 0.12, 0.1, 0.1], [0.1, 0.05, 0.2, 0.13, 0.11, 0.09, 0.04], [0.15, 0.11, 0.22, 0.09, 0.14, 0.12, 0.12], [0.17, 0.01, 0.14, 0.05, 0.14, 0.07, 0.08]]",0.13,0.14,59,"[0.3, 0.22, 0.27, 0.21]","[[0, 0, 0, 0, 0, 0, 0, 0], [0, 0, 0, 0, 0, 0, 0, 0], [0, 0, 0, 0, 0, 0, 0, 0], [0, 0, 0, 0, 0, 0, 0, 0]]",0.072
1169,0.01,1,"[[0.07, 0.16, 0.11, 0.2, 0.2, 0.19, 0.16], [0.15, 0.22, 0.24, 0.17, 0.18, 0.12, 0.12], [0.11, 0.16, 0.11, 0.12, 0.21, 0.06, 0.16], [0.17, 0.22, 0.15, 0.11, 0.24, 0.11, 0.17]]",0.13,0.17,59,"[0.09, 0.03, 0.01, 0.87]","[[0, 0, 0, 0, 0, 0, 0, 0], [0, 0, 0, 0, 0, 0, 0, 0], [0, 0, 0, 0, 0, 0, 0, 0], [0, 0, 0, 0, 0, 0, 0, 0]]",0.072
1170,0.01,6,"[[2.54, 7.44, 2.24, 4.32, 2.76, 9.01, 8.48], [1.82, 8.34, 6.23, 3.89, 6.94, 3.11, 6.18], [7.6, 3.71, 5.31, 9.83, 1.09, 3.87, 7.81], [7.76, 7.0, 2.77, 7.48, 3.83, 0.31, 3.13]]",5.0,0.31,59,"[0.04, 0.07, 0.03, 0.86]","[[0, 0, 0, 0, 0, 0, 0, 0], [0, 0, 0, 0, 0, 0, 0, 0], [0, 0, 0, 0, 0, 0, 0, 0], [0, 0, 0, 0, 0, 0, 0, 0]]",2.994
1171,0.01,5,"[[5.12, 1.51, 5.2, 6.71, 2.69, 8.45, 7.56], [1.26, 6.81, 6.02, 6.85, 3.83, 2.04, 5.15], [0.77, 1.29, 6.67, 1.6, 1.63, 0.54, 0.89], [4.2, 5.58, 3.29, 3.97, 3.54, 6.37, 4.95]]",5.0,3.54,59,"[0.21, 0.27, 0.19, 0.33]","[[0, 0, 0, 0, 0, 0, 0, 0], [0, 0, 0, 0, 0, 1, 0, 0], [0, 0, 0, 0, 0, 0, 0, 0], [0, 0, 0, 0, 0, 0, 0, 0]]",2.994
1172,0.01,2,"[[0.72, 5.25, 9.97, 4.85, 8.58, 2.57, 9.15], [5.48, 9.36, 2.36, 9.25, 3.72, 4.76, 6.74], [7.14, 7.36, 2.91, 4.13, 7.03, 8.48, 0.38], [5.84, 6.37, 7.56, 3.71, 4.02, 2.93, 0.09]]",5.0,9.36,59,"[0.03, 0.85, 0.06, 0.06]","[[0, 0, 0, 0, 0, 0, 0, 0], [0, 0, 0, 0, 0, 0, 0, 0], [0, 0, 0, 0, 0, 0, 0, 0], [0, 0, 0, 0, 0, 0, 0, 0]]",2.994
1173,0.01,6,"[[2.44, 7.36, 6.46, 5.15, 7.43, 1.32, 0.71], [3.96, 8.36, 4.6, 6.91, 2.69, 5.0, 1.64], [8.24, 5.23, 2.67, 1.92, 6.03, 2.88, 7.54], [1.43, 5.93, 6.77, 1.1, 3.47, 5.78, 6.1]]",5.0,1.32,59,"[0.02, 0.06, 0.89, 0.03]","[[0, 0, 0, 0, 0, 0, 0, 0], [0, 0, 0, 0, 0, 0, 0, 0], [0, 0, 0, 0, 0, 0, 0, 0], [0, 0, 0, 0, 0, 0, 0, 0]]",2.994
1174,0.01,4,"[[4.36, 8.7, 5.94, 4.41, 8.37, 5.83, 0.58], [9.58, 2.24, 8.49, 4.24, 4.63, 4.53, 5.29], [6.08, 4.31, 5.59, 3.3, 3.91, 4.21, 4.74], [9.25, 5.33, 1.67, 7.75, 5.64, 2.81, 3.02]]",5.0,3.3,59,"[0.31, 0.27, 0.14, 0.28]","[[0, 0, 0, 0, 0, 0, 0, 0], [0, 0, 0, 0, 0, 0, 0, 0], [0, 0, 0, 0, 0, 0, 0, 0], [0, 0, 0, 0, 0, 0, 0, 0]]",2.994
1175,0.01,7,"[[7.11, 5.78, 4.85, 4.33, 7.33, 7.89, 5.26], [5.95, 7.87, 3.44, 7.0, 6.97, 5.22, 6.26], [3.72, 9.35, 7.04, 6.38, 7.42, 6.47, 5.89], [5.94, 4.84, 1.39, 4.52, 3.41, 2.82, 3.73]]",5.0,5.89,59,"[0.33, 0.2, 0.24, 0.23]","[[0, 0, 0, 0, 0, 0, 0, 0], [0, 0, 0, 0, 0, 0, 0, 0], [0, 0, 0, 0, 0, 0, 0, 0], [0, 0, 0, 0, 0, 0, 0, 0]]",2.994
1176,0.01,5,"[[6.18, 4.93, 6.72, 3.3, 6.34, 6.06, 5.41], [7.2, 2.38, 3.93, 9.67, 4.79, 7.96, 3.99], [0.82, 2.25, 1.43, 2.43, 5.42, 7.07, 9.93], [9.97, 3.97, 5.79, 8.9, 4.27, 7.39, 5.81]]",5.0,6.34,59,"[0.28, 0.28, 0.19, 0.25]","[[0, 0, 0, 0, 0, 0, 0, 0], [0, 0, 0, 0, 0, 0, 0, 0], [0, 0, 0, 0, 0, 0, 0, 0], [0, 0, 0, 0, 0, 0, 0, 0]]",2.994
1177,0.01,5,"[[5.11, 2.17, 0.1, 9.47, 2.73, 6.4, 3.36], [4.31, 7.26, 6.36, 8.48, 2.98, 4.68, 5.77], [8.38, 2.0, 6.14, 7.53, 4.7, 1.99, 1.53], [7.09, 5.94, 3.03, 5.37, 2.51, 3.9, 2.79]]",5.0,2.73,59,"[0.31, 0.35, 0.15, 0.19]","[[0, 0, 0, 0, 0, 0, 0, 0], [0, 0, 0, 0, 0, 0, 0, 0], [0, 0, 0, 0, 0, 0, 0, 0], [0, 0, 0, 0, 0, 0, 0, 0]]",2.994
1178,0.01,3,"[[0.95, 2.78, 3.25, 5.38, 7.09, 3.77, 4.83], [7.13, 8.96, 5.39, 2.27, 8.34, 7.96, 4.55], [9.77, 5.61, 8.97, 8.09, 6.52, 2.37, 9.08], [8.52, 1.84, 1.06, 3.62, 0.7, 3.27, 0.14]]",5.0,3.25,59,"[0.85, 0.07, 0.07, 0.01]","[[0, 0, 0, 0, 0, 0, 0, 0], [0, 0, 0, 0, 0, 0, 0, 0], [0, 0, 0, 0, 0, 0, 0, 0], [0, 0, 0, 0, 0, 0, 0, 0]]",2.994
1179,0.01,4,"[[5.16, 3.84, 2.97, 6.89, 7.92, 3.02, 6.81], [6.93, 3.64, 5.33, 8.47, 3.82, 8.88, 7.83], [4.51, 5.38, 9.21, 3.79, 4.77, 9.29, 4.59], [3.55, 8.48, 4.66, 2.28, 3.95, 2.95, 5.67]]",5.0,6.89,59,"[0.86, 0.08, 0.05, 0.01]","[[0, 0, 0, 0, 0, 0, 0, 0], [0, 0, 0, 0, 0, 0, 0, 0], [0, 0, 0, 0, 0, 0, 0, 0], [0, 0, 0, 0, 0, 0, 0, 0]]",2.994
1180,0.01,4,"[[0.16, 0.14, 0.08, 0.14, 0.11, 0.13, 0.09], [0.19, 0.11, 0.19, 0.08, 0.11, 0.19, 0.13], [0.21, 0.23, 0.11, 0.11, 0.1, 0.18, 0.03], [0.04, 0.14, 0.12, 0.13, 0.05, 0.04, 0.05]]",0.13,0.11,60,"[0.31, 0.22, 0.18, 0.29]","[[0, 0, 0, 0, 0, 1, 0, 0], [0, 0, 0, 0, 0, 0, 0, 0], [0, 0, 0, 0, 0, 0, 0, 0], [0, 0, 0, 0, 2, 0, 0, 0]]",0.072
1181,0.01,6,"[[0.17, 0.04, 0.18, 0.09, 0.04, 0.16, 0.22], [0.22, 0.14, 0.04, 0.11, 0.04, 0.23, 0.13], [0.09, 0.1, 0.01, 0.06, 0.15, 0.17, 0.05], [0.04, 0.06, 0.1, 0.03, 0.1, 0.03, 0.15]]",0.13,0.03,60,"[0.35, 0.15, 0.13, 0.37]","[[0, 0, 0, 0, 0, 0, 0, 0], [0, 0, 0, 0, 0, 0, 0, 0], [0, 0, 0, 0, 0, 0, 0, 0], [0, 0, 0, 0, 0, 0, 0, 0]]",0.072
1182,0.01,4,"[[0.18, 0.08, 0.04, 0.19, 0.05, 0.05, 0.16], [0.09, 0.22, 0.23, 0.17, 0.13, 0.24, 0.18], [0.21, 0.2, 0.1, 0.14, 0.11, 0.11, 0.19], [0.23, 0.14, 0.16, 0.18, 0.12, 0.18, 0.03]]",0.13,0.14,60,"[0.02, 0.92, 0.02, 0.04]","[[0, 0, 0, 0, 0, 0, 0, 0], [0, 0, 0, 0, 0, 0, 0, 0], [0, 0, 0, 0, 0, 0, 0, 0], [0, 0, 0, 0, 0, 0, 0, 0]]",0.072
1183,0.01,2,"[[0.06, 0.22, 0.11, 0.12, 0.13, 0.09, 0.18], [0.2, 0.17, 0.05, 0.09, 0.17, 0.16, 0.24], [0.14, 0.03, 0.23, 0.14, 0.04, 0.13, 0.18], [0.16, 0.1, 0.17, 0.16, 0.14, 0.04, 0.05]]",0.13,0.03,60,"[0.87, 0.02, 0.1, 0.01]","[[0, 1, 0, 0, 0, 0, 0, 0], [0, 0, 0, 0, 0, 0, 0, 0], [0, 0, 0, 0, 0, 0, 0, 0], [0, 0, 0, 0, 0, 0, 0, 0]]",0.072
1184,0.01,4,"[[0.05, 0.17, 0.08, 0.07, 0.16, 0.13, 0.05], [0.1, 0.16, 0.24, 0.2, 0.19, 0.19, 0.23], [0.18, 0.13, 0.06, 0.19, 0.17, 0.21, 0.13], [0.16, 0.18, 0.2, 0.12, 0.19, 0.08, 0.19]]",0.13,0.07,60,"[0.85, 0.1, 0.02, 0.03]","[[0, 0, 0, 0, 0, 0, 0, 0], [0, 0, 0, 0, 0, 0, 0, 0], [0, 0, 0, 0, 0, 0, 0, 0], [0, 0, 0, 0, 0, 0, 0, 0]]",0.072
1185,0.01,3,"[[0.15, 0.2, 0.21, 0.14, 0.15, 0.21, 0.2], [0.1, 0.12, 0.15, 0.05, 0.19, 0.19, 0.19], [0.2, 0.18, 0.22, 0.07, 0.23, 0.17, 0.15], [0.25, 0.17, 0.14, 0.07, 0.06, 0.14, 0.21]]",0.13,0.21,60,"[0.33, 0.32, 0.13, 0.22]","[[0, 0, 0, 0, 0, 0, 0, 0], [0, 0, 0, 0, 0, 0, 0, 0], [0, 0, 0, 0, 0, 0, 0, 0], [0, 0, 0, 0, 0, 0, 0, 0]]",0.072
1186,0.01,3,"[[0.07, 0.16, 0.11, 0.2, 0.2, 0.19, 0.16], [0.15, 0.22, 0.24, 0.17, 0.18, 0.12, 0.12], [0.11, 0.16, 0.11, 0.12, 0.21, 0.06, 0.16], [0.17, 0.22, 0.15, 0.11, 0.24, 0.11, 0.17]]",0.13,0.15,60,"[0.09, 0.03, 0.01, 0.87]","[[0, 0, 0, 0, 0, 0, 0, 0], [0, 0, 0, 0, 0, 0, 0, 0], [0, 0, 0, 0, 0, 0, 0, 0], [0, 0, 0, 0, 0, 0, 0, 0]]",0.072
1187,0.01,3,"[[0.14, 0.07, 0.05, 0.18, 0.03, 0.01, 0.18], [0.19, 0.23, 0.07, 0.1, 0.08, 0.19, 0.2], [0.17, 0.24, 0.03, 0.21, 0.19, 0.07, 0.21], [0.14, 0.09, 0.21, 0.08, 0.19, 0.05, 0.09]]",0.13,0.21,60,"[0.15, 0.26, 0.26, 0.33]","[[0, 0, 0, 0, 0, 0, 0, 0], [0, 0, 0, 0, 0, 0, 0, 0], [0, 0, 0, 0, 0, 0, 0, 0], [0, 0, 0, 0, 0, 0, 0, 0]]",0.072
1188,0.01,3,"[[0.15, 0.17, 0.12, 0.06, 0.06, 0.22, 0.15], [0.19, 0.17, 0.21, 0.18, 0.06, 0.19, 0.04], [0.07, 0.13, 0.08, 0.09, 0.18, 0.11, 0.12], [0.16, 0.1, 0.02, 0.11, 0.21, 0.13, 0.19]]",0.13,0.02,60,"[0.09, 0.05, 0.01, 0.85]","[[0, 0, 0, 0, 0, 0, 0, 0], [0, 0, 0, 0, 0, 0, 0, 0], [0, 0, 0, 0, 0, 0, 0, 0], [0, 0, 0, 0, 0, 0, 0, 0]]",0.072
1189,0.01,5,"[[0.1, 0.1, 0.17, 0.08, 0.04, 0.09, 0.12], [0.18, 0.07, 0.12, 0.15, 0.14, 0.22, 0.18], [0.17, 0.02, 0.06, 0.16, 0.1, 0.2, 0.19], [0.23, 0.18, 0.17, 0.22, 0.21, 0.09, 0.19]]",0.13,0.14,60,"[0.21, 0.32, 0.34, 0.13]","[[0, 0, 0, 0, 0, 0, 0, 0], [0, 0, 0, 0, 0, 0, 0, 0], [0, 0, 0, 0, 0, 0, 0, 0], [0, 0, 0, 0, 0, 0, 0, 0]]",0.072
1190,0.01,6,"[[5.28, 9.9, 6.81, 1.61, 2.79, 8.92, 6.09], [3.46, 6.68, 6.44, 3.71, 3.55, 0.25, 8.07], [6.52, 2.17, 8.0, 8.5, 5.35, 1.81, 3.32], [5.89, 1.86, 6.44, 5.29, 3.29, 8.96, 7.12]]",5.0,8.92,60,"[0.23, 0.3, 0.24, 0.23]","[[0, 0, 0, 0, 0, 0, 0, 0], [0, 0, 0, 0, 0, 0, 0, 0], [0, 0, 0, 0, 0, 0, 0, 0], [0, 0, 0, 0, 0, 0, 0, 0]]",2.994
1191,0.01,4,"[[4.36, 8.7, 5.94, 4.41, 8.37, 5.83, 0.58], [9.58, 2.24, 8.49, 4.24, 4.63, 4.53, 5.29], [6.08, 4.31, 5.59, 3.3, 3.91, 4.21, 4.74], [9.25, 5.33, 1.67, 7.75, 5.64, 2.81, 3.02]]",5.0,7.75,60,"[0.31, 0.27, 0.14, 0.28]","[[0, 0, 0, 0, 0, 0, 0, 0], [0, 0, 0, 0, 0, 0, 0, 0], [0, 0, 0, 0, 0, 0, 0, 0], [0, 0, 0, 0, 0, 0, 0, 0]]",2.994
1192,0.01,6,"[[3.4, 2.14, 9.33, 2.59, 4.55, 1.09, 2.85], [2.69, 7.17, 4.91, 8.03, 6.07, 6.49, 2.28], [2.24, 5.15, 4.83, 2.39, 2.78, 7.43, 5.61], [3.01, 5.69, 6.66, 3.22, 3.6, 8.48, 3.28]]",5.0,7.43,60,"[0.07, 0.01, 0.9, 0.02]","[[0, 0, 0, 0, 0, 0, 0, 0], [0, 0, 0, 0, 0, 0, 0, 0], [0, 0, 0, 0, 0, 0, 1, 0], [0, 0, 0, 0, 0, 0, 0, 0]]",2.994
1193,0.01,6,"[[5.12, 1.51, 5.2, 6.71, 2.69, 8.45, 7.56], [1.26, 6.81, 6.02, 6.85, 3.83, 2.04, 5.15], [0.77, 1.29, 6.67, 1.6, 1.63, 0.54, 0.89], [4.2, 5.58, 3.29, 3.97, 3.54, 6.37, 4.95]]",5.0,2.04,60,"[0.21, 0.27, 0.19, 0.33]","[[0, 0, 0, 0, 0, 0, 0, 0], [0, 0, 0, 0, 0, 0, 0, 0], [0, 0, 0, 0, 0, 0, 0, 0], [0, 0, 0, 0, 0, 0, 0, 0]]",2.994
1194,0.01,5,"[[4.41, 7.98, 5.03, 0.94, 6.07, 7.96, 3.08], [7.18, 6.38, 1.11, 4.77, 7.21, 4.82, 4.9], [5.63, 7.2, 7.79, 1.19, 2.56, 6.05, 3.13], [2.67, 2.05, 5.91, 4.15, 9.55, 4.46, 9.22]]",5.0,9.55,60,"[0.04, 0.02, 0.05, 0.89]","[[0, 0, 0, 0, 0, 0, 0, 0], [0, 0, 0, 0, 0, 0, 0, 0], [0, 0, 0, 0, 0, 0, 0, 0], [0, 0, 1, 0, 0, 2, 0, 0]]",2.994
1195,0.01,5,"[[1.92, 6.77, 0.18, 0.58, 7.09, 4.34, 4.61], [2.63, 2.6, 4.89, 2.52, 8.42, 2.23, 4.37], [6.54, 7.27, 4.71, 3.86, 8.83, 4.81, 5.31], [5.47, 8.91, 3.37, 8.65, 6.85, 1.47, 5.12]]",5.0,8.83,60,"[0.31, 0.2, 0.17, 0.32]","[[0, 0, 0, 0, 0, 0, 0, 0], [0, 0, 0, 0, 0, 0, 0, 0], [0, 0, 0, 0, 0, 0, 0, 0], [0, 0, 0, 0, 0, 0, 0, 0]]",2.994
1196,0.01,4,"[[5.97, 8.23, 1.24, 7.62, 4.62, 4.29, 5.98], [8.29, 4.65, 5.55, 1.01, 2.98, 8.74, 8.92], [1.93, 2.81, 4.79, 6.01, 7.29, 6.55, 4.48], [9.09, 1.98, 6.38, 4.5, 3.08, 5.26, 4.47]]",5.0,7.62,60,"[0.86, 0.01, 0.12, 0.01]","[[0, 0, 0, 0, 2, 1, 0, 0], [0, 0, 0, 0, 0, 0, 0, 0], [0, 0, 0, 0, 0, 0, 0, 0], [0, 0, 0, 0, 0, 0, 0, 0]]",2.994
1197,0.01,3,"[[6.26, 0.19, 5.42, 8.23, 3.15, 1.79, 3.82], [4.19, 3.39, 2.75, 9.2, 5.7, 3.44, 3.56], [5.45, 5.72, 8.61, 4.63, 8.16, 8.36, 7.19], [3.14, 2.27, 7.83, 9.11, 0.69, 3.38, 9.35]]",5.0,7.83,60,"[0.1, 0.01, 0.01, 0.88]","[[0, 0, 0, 0, 0, 0, 0, 0], [0, 0, 0, 0, 0, 0, 0, 0], [0, 0, 0, 0, 0, 0, 0, 0], [0, 0, 0, 2, 0, 1, 0, 0]]",2.994
1198,0.01,5,"[[2.44, 7.36, 6.46, 5.15, 7.43, 1.32, 0.71], [3.96, 8.36, 4.6, 6.91, 2.69, 5.0, 1.64], [8.24, 5.23, 2.67, 1.92, 6.03, 2.88, 7.54], [1.43, 5.93, 6.77, 1.1, 3.47, 5.78, 6.1]]",5.0,6.03,60,"[0.02, 0.06, 0.89, 0.03]","[[0, 0, 0, 0, 0, 0, 0, 0], [0, 0, 0, 0, 0, 0, 0, 0], [0, 0, 2, 0, 1, 3, 0, 0], [0, 0, 0, 0, 0, 0, 0, 0]]",2.994
1199,0.01,5,"[[7.11, 5.78, 4.85, 4.33, 7.33, 7.89, 5.26], [5.95, 7.87, 3.44, 7.0, 6.97, 5.22, 6.26], [3.72, 9.35, 7.04, 6.38, 7.42, 6.47, 5.89], [5.94, 4.84, 1.39, 4.52, 3.41, 2.82, 3.73]]",5.0,7.42,60,"[0.33, 0.2, 0.24, 0.23]","[[0, 0, 0, 0, 0, 1, 0, 0], [0, 0, 0, 0, 0, 0, 0, 0], [0, 0, 0, 0, 0, 0, 0, 0], [0, 0, 0, 0, 0, 0, 0, 0]]",2.994
1200,0.0,3,"[[3.4, 2.14, 9.33, 2.59, 4.55, 1.09, 2.85], [2.69, 7.17, 4.91, 8.03, 6.07, 6.49, 2.28], [2.24, 5.15, 4.83, 2.39, 2.78, 7.43, 5.61], [3.01, 5.69, 6.66, 3.22, 3.6, 8.48, 3.28]]",5.0,6.66,61,"[0.07, 0.01, 0.9, 0.02]","[[0, 0, 0, 4, 0, 0, 0, 0], [0, 0, 0, 0, 2, 0, 0, 0], [0, 0, 1, 0, 0, 0, 0, 0], [0, 0, 0, 3, 0, 5, 0, 0]]",2.994
1201,0.0,1,"[[7.91, 1.03, 5.87, 7.52, 6.88, 7.18, 6.1], [5.88, 5.55, 1.78, 3.0, 4.69, 4.52, 8.75], [5.71, 1.25, 6.22, 6.17, 8.38, 7.26, 4.32], [6.4, 8.88, 5.28, 4.23, 1.08, 0.7, 3.39]]",5.0,5.88,61,"[0.3, 0.18, 0.2, 0.32]","[[0, 3, 10, 2, 0, 0, 19, 14], [0, 5, 9, 0, 4, 11, 12, 13], [0, 6, 8, 0, 0, 0, 18, 15], [0, 7, 1, 0, 0, 0, 17, 16]]",2.994
1202,0.0,1,"[[5.63, 2.91, 6.84, 6.5, 2.65, 5.91, 4.09], [5.16, 0.83, 2.41, 5.99, 6.15, 3.67, 6.12], [5.67, 9.08, 3.93, 7.57, 5.62, 2.51, 2.61], [4.59, 1.2, 4.42, 1.16, 8.17, 8.27, 1.11]]",5.0,5.67,61,"[0.14, 0.34, 0.35, 0.17]","[[0, 1, 25, 20, 18, 8, 9, 7], [0, 26, 2, 21, 19, 16, 6, 10], [0, 27, 24, 3, 17, 5, 14, 11], [0, 28, 23, 22, 4, 15, 13, 12]]",2.994
1203,0.0,4,"[[7.74, 3.22, 6.43, 3.71, 7.81, 4.87, 5.0], [6.79, 7.24, 2.38, 4.86, 3.87, 6.17, 4.92], [3.15, 9.58, 2.44, 5.2, 8.45, 2.58, 2.29], [4.2, 1.81, 5.9, 9.47, 8.69, 2.45, 6.94]]",5.0,9.47,61,"[0.15, 0.38, 0.14, 0.33]","[[0, 1, 2, 3, 4, 7, 6, 5], [0, 14, 13, 12, 11, 10, 9, 8], [0, 28, 27, 26, 22, 23, 24, 25], [0, 15, 16, 17, 18, 19, 20, 21]]",2.994
1204,0.0,4,"[[5.97, 8.23, 1.24, 7.62, 4.62, 4.29, 5.98], [8.29, 4.65, 5.55, 1.01, 2.98, 8.74, 8.92], [1.93, 2.81, 4.79, 6.01, 7.29, 6.55, 4.48], [9.09, 1.98, 6.38, 4.5, 3.08, 5.26, 4.47]]",5.0,7.62,61,"[0.86, 0.01, 0.12, 0.01]","[[0, 1, 9, 8, 12, 15, 13, 14], [0, 2, 7, 10, 16, 0, 0, 0], [0, 3, 6, 11, 17, 0, 0, 0], [0, 4, 5, 19, 18, 0, 0, 0]]",2.994
1205,0.0,5,"[[8.47, 2.82, 7.33, 4.03, 7.07, 2.75, 1.54], [4.68, 3.16, 0.97, 1.44, 5.2, 6.65, 9.25], [8.41, 7.04, 1.31, 3.23, 7.09, 7.67, 1.55], [6.28, 2.99, 4.33, 1.28, 9.25, 6.99, 2.35]]",5.0,9.25,61,"[0.01, 0.01, 0.01, 0.97]","[[0, 1, 24, 26, 27, 13, 16, 17], [0, 2, 23, 28, 25, 12, 15, 18], [0, 3, 22, 21, 20, 11, 14, 19], [0, 4, 5, 6, 7, 8, 9, 10]]",2.994
1206,0.0,7,"[[5.71, 4.0, 7.87, 3.26, 8.95, 9.97, 6.35], [4.81, 5.73, 5.74, 5.66, 5.51, 4.81, 7.59], [6.14, 5.62, 3.6, 6.94, 3.42, 3.6, 6.26], [1.09, 4.7, 1.56, 4.05, 2.65, 4.29, 5.33]]",5.0,5.33,61,"[0.02, 0.08, 0.03, 0.87]","[[0, 0, 0, 0, 0, 0, 0, 10], [0, 0, 0, 0, 0, 0, 0, 9], [0, 0, 0, 0, 0, 0, 0, 8], [0, 1, 2, 3, 4, 5, 6, 7]]",2.994
1207,0.0,6,"[[1.89, 1.68, 4.82, 0.64, 6.72, 5.82, 3.47], [2.81, 5.64, 4.93, 5.88, 1.19, 6.58, 2.91], [6.88, 4.96, 4.06, 5.77, 1.03, 4.24, 5.62], [0.22, 1.89, 4.63, 5.2, 4.1, 3.36, 6.44]]",5.0,6.58,61,"[0.25, 0.26, 0.31, 0.18]","[[0, 1, 4, 5, 12, 14, 11, 13], [0, 2, 3, 7, 6, 8, 9, 10], [0, 28, 25, 24, 21, 20, 15, 17], [0, 27, 26, 23, 22, 19, 16, 18]]",2.994
1208,0.0,4,"[[6.2, 4.19, 3.44, 8.27, 6.51, 4.65, 4.01], [2.89, 4.13, 4.82, 8.89, 9.25, 0.96, 6.04], [8.8, 2.84, 4.5, 4.81, 3.19, 0.46, 7.31], [5.12, 1.87, 1.91, 7.0, 2.08, 5.06, 2.86]]",5.0,4.81,61,"[0.15, 0.21, 0.3, 0.34]","[[0, 0, 0, 0, 10, 0, 0, 0], [0, 0, 0, 0, 9, 0, 0, 0], [0, 0, 0, 0, 8, 0, 0, 0], [0, 1, 2, 3, 4, 5, 6, 7]]",2.994
1209,0.0,5,"[[0.95, 2.78, 3.25, 5.38, 7.09, 3.77, 4.83], [7.13, 8.96, 5.39, 2.27, 8.34, 7.96, 4.55], [9.77, 5.61, 8.97, 8.09, 6.52, 2.37, 9.08], [8.52, 1.84, 1.06, 3.62, 0.7, 3.27, 0.14]]",5.0,7.09,61,"[0.85, 0.07, 0.07, 0.01]","[[0, 1, 2, 3, 4, 5, 6, 7], [0, 0, 0, 0, 0, 8, 0, 0], [0, 0, 0, 0, 0, 9, 0, 0], [0, 0, 0, 0, 0, 10, 0, 0]]",2.994
1210,0.0,3,"[[0.12, 0.04, 0.15, 0.03, 0.12, 0.21, 0.16], [0.15, 0.15, 0.1, 0.11, 0.22, 0.11, 0.06], [0.06, 0.07, 0.19, 0.11, 0.05, 0.07, 0.16], [0.05, 0.12, 0.14, 0.09, 0.12, 0.13, 0.02]]",0.13,0.19,61,"[0.04, 0.05, 0.89, 0.02]","[[0, 1, 0, 11, 0, 0, 0, 14], [0, 0, 0, 10, 0, 0, 0, 13], [0, 2, 3, 4, 5, 6, 7, 8], [0, 0, 0, 9, 0, 0, 0, 12]]",0.072
1211,0.0,3,"[[0.21, 0.18, 0.18, 0.07, 0.17, 0.09, 0.08], [0.07, 0.09, 0.01, 0.16, 0.02, 0.06, 0.25], [0.21, 0.16, 0.24, 0.08, 0.24, 0.16, 0.09], [0.17, 0.08, 0.18, 0.24, 0.11, 0.09, 0.22]]",0.13,0.18,61,"[0.21, 0.27, 0.2, 0.32]","[[0, 4, 5, 12, 16, 17, 24, 27], [0, 3, 6, 11, 15, 18, 23, 25], [0, 2, 7, 10, 14, 19, 22, 26], [0, 1, 8, 9, 13, 20, 21, 28]]",0.072
1212,0.0,3,"[[0.14, 0.16, 0.16, 0.21, 0.14, 0.04, 0.08], [0.06, 0.2, 0.17, 0.04, 0.15, 0.07, 0.15], [0.13, 0.19, 0.14, 0.02, 0.08, 0.23, 0.1], [0.15, 0.03, 0.13, 0.07, 0.13, 0.07, 0.19]]",0.13,0.16,61,"[0.26, 0.28, 0.24, 0.22]","[[0, 1, 8, 12, 13, 20, 21, 22], [0, 2, 7, 9, 14, 19, 24, 23], [0, 3, 6, 10, 15, 18, 26, 25], [0, 4, 5, 11, 16, 17, 28, 27]]",0.072
1213,0.0,3,"[[0.16, 0.11, 0.08, 0.09, 0.11, 0.11, 0.06], [0.14, 0.14, 0.15, 0.18, 0.2, 0.23, 0.09], [0.09, 0.18, 0.2, 0.13, 0.05, 0.16, 0.07], [0.08, 0.02, 0.16, 0.15, 0.1, 0.09, 0.12]]",0.13,0.2,61,"[0.08, 0.02, 0.89, 0.01]","[[0, 0, 13, 9, 0, 0, 16, 0], [0, 0, 12, 8, 0, 0, 15, 0], [0, 1, 2, 3, 4, 5, 6, 7], [0, 0, 11, 10, 0, 0, 14, 0]]",0.072
1214,0.0,7,"[[0.06, 0.22, 0.11, 0.12, 0.13, 0.09, 0.18], [0.2, 0.17, 0.05, 0.09, 0.17, 0.16, 0.24], [0.14, 0.03, 0.23, 0.14, 0.04, 0.13, 0.18], [0.16, 0.1, 0.17, 0.16, 0.14, 0.04, 0.05]]",0.13,0.18,61,"[0.87, 0.02, 0.1, 0.01]","[[0, 1, 2, 3, 4, 5, 6, 7], [0, 0, 8, 0, 0, 0, 0, 11], [0, 0, 9, 0, 0, 0, 0, 12], [0, 0, 10, 0, 0, 0, 0, 13]]",0.072
1215,0.0,2,"[[0.08, 0.23, 0.16, 0.14, 0.22, 0.12, 0.2], [0.17, 0.2, 0.03, 0.17, 0.21, 0.17, 0.07], [0.08, 0.2, 0.14, 0.22, 0.1, 0.13, 0.17], [0.07, 0.12, 0.01, 0.11, 0.05, 0.12, 0.17]]",0.13,0.23,61,"[0.86, 0.03, 0.04, 0.07]","[[0, 1, 2, 3, 4, 5, 6, 7], [0, 0, 14, 0, 0, 8, 0, 13], [0, 0, 15, 0, 0, 9, 0, 12], [0, 0, 16, 0, 0, 10, 0, 11]]",0.072
1216,0.0,4,"[[0.04, 0.14, 0.09, 0.06, 0.18, 0.1, 0.07], [0.09, 0.13, 0.01, 0.23, 0.07, 0.19, 0.05], [0.08, 0.2, 0.08, 0.21, 0.07, 0.04, 0.22], [0.12, 0.1, 0.09, 0.18, 0.18, 0.04, 0.15]]",0.13,0.18,61,"[0.05, 0.03, 0.07, 0.85]","[[0, 0, 0, 0, 13, 10, 0, 0], [0, 0, 0, 0, 12, 9, 0, 0], [0, 0, 0, 0, 11, 8, 0, 0], [0, 1, 2, 3, 4, 5, 6, 7]]",0.072
1217,0.0,6,"[[0.07, 0.07, 0.17, 0.05, 0.08, 0.18, 0.15], [0.19, 0.17, 0.06, 0.13, 0.2, 0.13, 0.2], [0.08, 0.18, 0.04, 0.21, 0.15, 0.15, 0.18], [0.06, 0.08, 0.09, 0.02, 0.12, 0.19, 0.09]]",0.13,0.19,61,"[0.31, 0.27, 0.19, 0.23]","[[0, 3, 8, 9, 16, 20, 21, 28], [0, 2, 6, 10, 15, 19, 22, 27], [0, 1, 7, 11, 14, 18, 23, 26], [0, 4, 5, 12, 13, 17, 24, 25]]",0.072
1218,0.0,7,"[[0.17, 0.04, 0.18, 0.09, 0.04, 0.16, 0.22], [0.22, 0.14, 0.04, 0.11, 0.04, 0.23, 0.13], [0.09, 0.1, 0.01, 0.06, 0.15, 0.17, 0.05], [0.04, 0.06, 0.1, 0.03, 0.1, 0.03, 0.15]]",0.13,0.22,61,"[0.35, 0.15, 0.13, 0.37]","[[0, 1, 2, 3, 4, 5, 6, 7], [0, 0, 0, 0, 0, 0, 13, 8], [0, 0, 0, 0, 0, 0, 12, 9], [0, 18, 17, 16, 15, 14, 11, 10]]",0.072
1219,0.0,4,"[[0.2, 0.14, 0.16, 0.12, 0.21, 0.18, 0.23], [0.06, 0.09, 0.16, 0.16, 0.14, 0.12, 0.15], [0.23, 0.08, 0.17, 0.11, 0.04, 0.14, 0.15], [0.06, 0.12, 0.16, 0.23, 0.08, 0.11, 0.15]]",0.13,0.11,61,"[0.33, 0.18, 0.11, 0.38]","[[0, 0, 0, 0, 10, 0, 0, 0], [0, 0, 0, 0, 9, 0, 0, 0], [0, 0, 0, 0, 8, 0, 0, 0], [0, 1, 2, 3, 4, 5, 6, 7]]",0.072
1220,0.0,5,"[[0.15, 0.17, 0.12, 0.06, 0.06, 0.22, 0.15], [0.19, 0.17, 0.21, 0.18, 0.06, 0.19, 0.04], [0.07, 0.13, 0.08, 0.09, 0.18, 0.11, 0.12], [0.16, 0.1, 0.02, 0.11, 0.21, 0.13, 0.19]]",0.13,0.21,62,"[0.09, 0.05, 0.01, 0.85]","[[0, 1, 0, 0, 0, 12, 0, 15], [0, 0, 2, 0, 0, 11, 0, 14], [0, 0, 0, 0, 0, 10, 0, 13], [0, 3, 4, 5, 6, 7, 8, 9]]",0.072
1221,0.0,2,"[[0.15, 0.08, 0.15, 0.12, 0.15, 0.08, 0.22], [0.12, 0.2, 0.22, 0.16, 0.25, 0.12, 0.11], [0.19, 0.22, 0.15, 0.08, 0.12, 0.14, 0.2], [0.21, 0.16, 0.09, 0.16, 0.22, 0.15, 0.19]]",0.13,0.22,62,"[0.05, 0.07, 0.86, 0.02]","[[0, 0, 0, 0, 0, 0, 0, 0], [0, 19, 20, 21, 18, 17, 16, 15], [0, 1, 2, 3, 4, 5, 6, 7], [0, 8, 9, 10, 11, 12, 13, 14]]",0.072
1222,0.0,2,"[[0.08, 0.23, 0.16, 0.14, 0.22, 0.12, 0.2], [0.17, 0.2, 0.03, 0.17, 0.21, 0.17, 0.07], [0.08, 0.2, 0.14, 0.22, 0.1, 0.13, 0.17], [0.07, 0.12, 0.01, 0.11, 0.05, 0.12, 0.17]]",0.13,0.23,62,"[0.86, 0.03, 0.04, 0.07]","[[0, 1, 2, 3, 4, 5, 6, 7], [0, 17, 8, 20, 21, 11, 0, 14], [0, 18, 9, 23, 22, 12, 0, 15], [0, 19, 10, 0, 24, 13, 0, 16]]",0.072
1223,0.0,6,"[[0.06, 0.11, 0.17, 0.23, 0.15, 0.14, 0.21], [0.16, 0.17, 0.08, 0.04, 0.07, 0.21, 0.12], [0.2, 0.19, 0.13, 0.12, 0.17, 0.2, 0.16], [0.1, 0.1, 0.12, 0.16, 0.01, 0.17, 0.09]]",0.13,0.2,62,"[0.23, 0.25, 0.3, 0.22]","[[0, 8, 9, 10, 11, 12, 13, 14], [0, 21, 20, 19, 18, 17, 16, 15], [0, 1, 2, 3, 4, 5, 7, 6], [0, 0, 0, 0, 0, 0, 22, 0]]",0.072
1224,0.0,6,"[[0.16, 0.14, 0.08, 0.14, 0.11, 0.13, 0.09], [0.19, 0.11, 0.19, 0.08, 0.11, 0.19, 0.13], [0.21, 0.23, 0.11, 0.11, 0.1, 0.18, 0.03], [0.04, 0.14, 0.12, 0.13, 0.05, 0.04, 0.05]]",0.13,0.18,62,"[0.31, 0.22, 0.18, 0.29]","[[0, 1, 2, 3, 4, 5, 6, 7], [0, 0, 19, 0, 15, 0, 17, 0], [0, 0, 20, 0, 16, 0, 18, 0], [0, 8, 9, 10, 11, 14, 12, 13]]",0.072
1225,0.0,2,"[[0.12, 0.13, 0.12, 0.14, 0.05, 0.1, 0.25], [0.16, 0.2, 0.2, 0.14, 0.09, 0.17, 0.09], [0.11, 0.12, 0.11, 0.11, 0.08, 0.05, 0.17], [0.19, 0.2, 0.07, 0.21, 0.07, 0.13, 0.2]]",0.13,0.2,62,"[0.17, 0.35, 0.31, 0.17]","[[0, 0, 15, 18, 19, 21, 23, 0], [0, 1, 3, 5, 7, 9, 11, 13], [0, 2, 4, 6, 8, 10, 12, 14], [0, 0, 16, 17, 20, 22, 24, 0]]",0.072
1226,0.0,5,"[[0.09, 0.06, 0.16, 0.11, 0.12, 0.22, 0.04], [0.11, 0.19, 0.13, 0.18, 0.2, 0.12, 0.12], [0.11, 0.08, 0.15, 0.06, 0.15, 0.13, 0.16], [0.08, 0.15, 0.2, 0.17, 0.24, 0.04, 0.12]]",0.13,0.15,62,"[0.15, 0.32, 0.21, 0.32]","[[0, 19, 21, 17, 23, 15, 0, 0], [0, 1, 2, 3, 4, 5, 6, 7], [0, 20, 22, 18, 24, 16, 0, 0], [0, 14, 13, 12, 10, 11, 9, 8]]",0.072
1227,0.0,3,"[[0.02, 0.1, 0.05, 0.19, 0.09, 0.05, 0.06], [0.03, 0.12, 0.22, 0.08, 0.02, 0.07, 0.12], [0.18, 0.19, 0.1, 0.18, 0.18, 0.13, 0.15], [0.08, 0.17, 0.23, 0.11, 0.13, 0.16, 0.07]]",0.13,0.23,62,"[0.06, 0.06, 0.03, 0.85]","[[0, 0, 0, 0, 0, 0, 0, 0], [0, 1, 0, 0, 0, 0, 0, 0], [0, 0, 0, 0, 0, 0, 0, 0], [0, 2, 4, 3, 5, 6, 7, 8]]",0.072
1228,0.0,6,"[[0.19, 0.12, 0.08, 0.18, 0.08, 0.2, 0.22], [0.05, 0.04, 0.19, 0.18, 0.18, 0.05, 0.1], [0.21, 0.13, 0.15, 0.13, 0.16, 0.15, 0.08], [0.19, 0.06, 0.09, 0.07, 0.04, 0.2, 0.08]]",0.13,0.2,62,"[0.16, 0.28, 0.23, 0.33]","[[0, 23, 22, 21, 20, 19, 11, 18], [0, 12, 13, 14, 15, 16, 10, 17], [0, 0, 0, 0, 0, 5, 9, 0], [0, 1, 2, 3, 4, 6, 7, 8]]",0.072
1229,0.0,4,"[[0.2, 0.21, 0.23, 0.23, 0.18, 0.14, 0.22], [0.2, 0.22, 0.22, 0.25, 0.05, 0.12, 0.09], [0.02, 0.05, 0.07, 0.23, 0.14, 0.19, 0.02], [0.12, 0.1, 0.13, 0.23, 0.18, 0.06, 0.24]]",0.13,0.23,62,"[0.08, 0.03, 0.87, 0.02]","[[0, 0, 0, 0, 0, 0, 0, 0], [0, 0, 0, 0, 0, 0, 0, 0], [0, 1, 2, 3, 4, 5, 6, 7], [0, 0, 0, 0, 0, 0, 0, 0]]",0.072
1230,0.0,5,"[[5.16, 3.84, 2.97, 6.89, 7.92, 3.02, 6.81], [6.93, 3.64, 5.33, 8.47, 3.82, 8.88, 7.83], [4.51, 5.38, 9.21, 3.79, 4.77, 9.29, 4.59], [3.55, 8.48, 4.66, 2.28, 3.95, 2.95, 5.67]]",5.0,7.92,62,"[0.86, 0.08, 0.05, 0.01]","[[0, 1, 2, 3, 4, 5, 6, 7], [0, 0, 0, 0, 0, 0, 0, 0], [0, 0, 0, 0, 0, 0, 0, 0], [0, 0, 0, 0, 0, 0, 0, 0]]",2.994
1231,0.0,7,"[[7.29, 4.26, 4.93, 3.96, 3.34, 8.54, 6.49], [0.79, 3.44, 2.71, 8.71, 2.86, 7.09, 3.94], [9.61, 8.74, 7.3, 3.82, 1.83, 1.17, 5.37], [2.04, 1.98, 8.39, 1.63, 1.8, 1.97, 7.71]]",5.0,6.49,62,"[0.21, 0.28, 0.29, 0.22]","[[0, 1, 2, 3, 4, 5, 6, 7], [0, 22, 23, 24, 25, 26, 27, 28], [0, 8, 9, 10, 11, 12, 13, 14], [0, 21, 20, 19, 18, 17, 16, 15]]",2.994
1232,0.0,7,"[[8.39, 1.9, 3.96, 5.78, 2.24, 5.8, 4.1], [0.94, 5.02, 2.49, 5.54, 6.54, 4.33, 9.65], [7.94, 7.8, 4.1, 9.82, 1.59, 4.84, 8.58], [8.96, 7.49, 1.94, 3.92, 0.76, 2.82, 6.17]]",5.0,9.65,62,"[0.11, 0.85, 0.02, 0.02]","[[0, 0, 0, 0, 0, 0, 0, 0], [0, 1, 2, 3, 4, 5, 6, 7], [0, 0, 0, 0, 0, 0, 0, 0], [0, 0, 0, 0, 0, 0, 0, 0]]",2.994
1233,0.0,4,"[[5.11, 2.17, 0.1, 9.47, 2.73, 6.4, 3.36], [4.31, 7.26, 6.36, 8.48, 2.98, 4.68, 5.77], [8.38, 2.0, 6.14, 7.53, 4.7, 1.99, 1.53], [7.09, 5.94, 3.03, 5.37, 2.51, 3.9, 2.79]]",5.0,7.53,62,"[0.31, 0.35, 0.15, 0.19]","[[0, 9, 10, 11, 12, 13, 14, 15], [0, 1, 2, 3, 4, 5, 8, 7], [0, 16, 17, 18, 19, 20, 6, 21], [0, 28, 27, 26, 25, 24, 23, 22]]",2.994
1234,0.0,5,"[[1.92, 6.77, 0.18, 0.58, 7.09, 4.34, 4.61], [2.63, 2.6, 4.89, 2.52, 8.42, 2.23, 4.37], [6.54, 7.27, 4.71, 3.86, 8.83, 4.81, 5.31], [5.47, 8.91, 3.37, 8.65, 6.85, 1.47, 5.12]]",5.0,6.85,62,"[0.31, 0.2, 0.17, 0.32]","[[0, 8, 9, 10, 11, 12, 13, 14], [0, 15, 16, 17, 18, 19, 20, 21], [0, 28, 27, 26, 25, 24, 23, 22], [0, 1, 2, 3, 4, 5, 6, 7]]",2.994
1235,0.0,7,"[[4.41, 7.98, 5.03, 0.94, 6.07, 7.96, 3.08], [7.18, 6.38, 1.11, 4.77, 7.21, 4.82, 4.9], [5.63, 7.2, 7.79, 1.19, 2.56, 6.05, 3.13], [2.67, 2.05, 5.91, 4.15, 9.55, 4.46, 9.22]]",5.0,9.22,62,"[0.04, 0.02, 0.05, 0.89]","[[0, 0, 0, 0, 0, 0, 0, 0], [0, 0, 0, 0, 0, 0, 0, 0], [0, 0, 0, 0, 0, 0, 0, 0], [0, 1, 2, 3, 4, 5, 6, 7]]",2.994
1236,0.0,6,"[[5.12, 1.51, 5.2, 6.71, 2.69, 8.45, 7.56], [1.26, 6.81, 6.02, 6.85, 3.83, 2.04, 5.15], [0.77, 1.29, 6.67, 1.6, 1.63, 0.54, 0.89], [4.2, 5.58, 3.29, 3.97, 3.54, 6.37, 4.95]]",5.0,8.45,62,"[0.21, 0.27, 0.19, 0.33]","[[0, 22, 23, 24, 25, 26, 27, 28], [0, 8, 9, 10, 11, 12, 13, 14], [0, 21, 20, 19, 18, 17, 16, 15], [0, 1, 2, 3, 4, 5, 6, 7]]",2.994
1237,0.0,1,"[[7.17, 3.46, 5.58, 3.93, 3.7, 2.49, 5.53], [9.77, 5.93, 5.47, 2.25, 8.04, 7.17, 0.39], [7.48, 1.53, 5.91, 7.74, 1.59, 6.73, 3.86], [5.1, 6.8, 2.11, 7.09, 7.57, 6.62, 8.34]]",5.0,7.17,62,"[0.88, 0.05, 0.05, 0.02]","[[0, 1, 2, 3, 4, 5, 6, 7], [0, 8, 0, 0, 0, 0, 0, 0], [0, 9, 0, 0, 0, 0, 0, 0], [0, 10, 0, 0, 0, 0, 0, 0]]",2.994
1238,0.0,7,"[[0.94, 9.58, 9.58, 1.68, 3.99, 3.26, 9.98], [7.2, 6.69, 3.6, 6.35, 1.28, 0.52, 9.84], [4.59, 4.33, 3.41, 2.69, 0.89, 3.28, 2.91], [7.61, 5.48, 8.81, 6.78, 0.6, 7.91, 3.87]]",5.0,9.84,62,"[0.01, 0.89, 0.08, 0.02]","[[0, 11, 0, 0, 0, 0, 0, 8], [0, 1, 2, 3, 4, 5, 6, 7], [0, 12, 0, 0, 0, 0, 0, 9], [0, 13, 0, 0, 0, 0, 0, 10]]",2.994
1239,0.0,6,"[[1.89, 1.68, 4.82, 0.64, 6.72, 5.82, 3.47], [2.81, 5.64, 4.93, 5.88, 1.19, 6.58, 2.91], [6.88, 4.96, 4.06, 5.77, 1.03, 4.24, 5.62], [0.22, 1.89, 4.63, 5.2, 4.1, 3.36, 6.44]]",5.0,4.24,62,"[0.25, 0.26, 0.31, 0.18]","[[0, 15, 16, 17, 18, 19, 20, 21], [0, 8, 9, 10, 11, 12, 13, 14], [0, 1, 2, 3, 4, 5, 6, 7], [0, 28, 27, 26, 25, 24, 22, 23]]",2.994
1240,0.0,3,"[[0.18, 0.08, 0.14, 0.2, 0.12, 0.1, 0.1], [0.1, 0.05, 0.2, 0.13, 0.11, 0.09, 0.04], [0.15, 0.11, 0.22, 0.09, 0.14, 0.12, 0.12], [0.17, 0.01, 0.14, 0.05, 0.14, 0.07, 0.08]]",0.13,0.14,63,"[0.3, 0.22, 0.27, 0.21]","[[0, 1, 0, 17, 18, 0, 0, 0], [0, 2, 0, 16, 19, 0, 0, 0], [0, 3, 8, 7, 9, 10, 11, 12], [0, 4, 5, 6, 15, 0, 14, 13]]",0.072
1241,0.0,5,"[[0.09, 0.06, 0.16, 0.11, 0.12, 0.22, 0.04], [0.11, 0.19, 0.13, 0.18, 0.2, 0.12, 0.12], [0.11, 0.08, 0.15, 0.06, 0.15, 0.13, 0.16], [0.08, 0.15, 0.2, 0.17, 0.24, 0.04, 0.12]]",0.13,0.2,63,"[0.15, 0.32, 0.21, 0.32]","[[0, 1, 2, 3, 4, 5, 6, 8], [0, 22, 26, 27, 28, 15, 12, 7], [0, 23, 24, 25, 17, 16, 11, 9], [0, 21, 20, 19, 18, 14, 13, 10]]",0.072
1242,0.0,2,"[[0.14, 0.16, 0.16, 0.21, 0.14, 0.04, 0.08], [0.06, 0.2, 0.17, 0.04, 0.15, 0.07, 0.15], [0.13, 0.19, 0.14, 0.02, 0.08, 0.23, 0.1], [0.15, 0.03, 0.13, 0.07, 0.13, 0.07, 0.19]]",0.13,0.16,63,"[0.26, 0.28, 0.24, 0.22]","[[0, 2, 4, 8, 16, 18, 17, 28], [0, 3, 5, 9, 15, 19, 20, 27], [0, 1, 6, 10, 14, 22, 21, 26], [0, 7, 12, 11, 13, 23, 24, 25]]",0.072
1243,0.0,1,"[[0.14, 0.07, 0.05, 0.18, 0.03, 0.01, 0.18], [0.19, 0.23, 0.07, 0.1, 0.08, 0.19, 0.2], [0.17, 0.24, 0.03, 0.21, 0.19, 0.07, 0.21], [0.14, 0.09, 0.21, 0.08, 0.19, 0.05, 0.09]]",0.13,0.14,63,"[0.15, 0.26, 0.26, 0.33]","[[0, 1, 8, 9, 16, 17, 18, 19], [0, 2, 7, 10, 15, 27, 28, 20], [0, 3, 6, 11, 14, 26, 25, 21], [0, 4, 5, 12, 13, 24, 23, 22]]",0.072
1244,0.0,5,"[[0.19, 0.09, 0.13, 0.2, 0.03, 0.17, 0.2], [0.08, 0.14, 0.18, 0.15, 0.19, 0.11, 0.07], [0.15, 0.06, 0.07, 0.11, 0.19, 0.02, 0.14], [0.12, 0.04, 0.06, 0.04, 0.06, 0.19, 0.09]]",0.13,0.19,63,"[0.02, 0.85, 0.05, 0.08]","[[0, 2, 3, 5, 7, 9, 11, 13], [0, 1, 4, 6, 8, 10, 12, 14], [0, 28, 26, 24, 22, 20, 18, 15], [0, 27, 25, 23, 21, 19, 17, 16]]",0.072
1245,0.0,2,"[[0.05, 0.17, 0.08, 0.07, 0.16, 0.13, 0.05], [0.1, 0.16, 0.24, 0.2, 0.19, 0.19, 0.23], [0.18, 0.13, 0.06, 0.19, 0.17, 0.21, 0.13], [0.16, 0.18, 0.2, 0.12, 0.19, 0.08, 0.19]]",0.13,0.18,63,"[0.85, 0.1, 0.02, 0.03]","[[0, 5, 4, 6, 7, 8, 9, 10], [0, 18, 11, 13, 14, 15, 16, 17], [0, 0, 12, 0, 0, 0, 0, 0], [0, 1, 2, 3, 0, 0, 0, 0]]",0.072
1246,0.0,7,"[[0.19, 0.11, 0.24, 0.23, 0.21, 0.14, 0.16], [0.12, 0.1, 0.02, 0.19, 0.1, 0.08, 0.14], [0.05, 0.21, 0.07, 0.2, 0.09, 0.02, 0.23], [0.09, 0.04, 0.09, 0.14, 0.18, 0.2, 0.23]]",0.13,0.23,63,"[0.03, 0.01, 0.92, 0.04]","[[0, 1, 0, 0, 0, 0, 15, 12], [0, 2, 0, 0, 0, 0, 16, 11], [0, 4, 5, 6, 7, 8, 9, 10], [0, 3, 0, 0, 0, 0, 14, 13]]",0.072
1247,0.0,2,"[[0.06, 0.22, 0.11, 0.12, 0.13, 0.09, 0.18], [0.2, 0.17, 0.05, 0.09, 0.17, 0.16, 0.24], [0.14, 0.03, 0.23, 0.14, 0.04, 0.13, 0.18], [0.16, 0.1, 0.17, 0.16, 0.14, 0.04, 0.05]]",0.13,0.22,63,"[0.87, 0.02, 0.1, 0.01]","[[0, 1, 2, 3, 4, 5, 6, 7], [0, 0, 0, 0, 0, 0, 0, 0], [0, 14, 13, 11, 12, 10, 9, 8], [0, 0, 0, 0, 0, 0, 0, 0]]",0.072
1248,0.0,4,"[[0.04, 0.14, 0.09, 0.06, 0.18, 0.1, 0.07], [0.09, 0.13, 0.01, 0.23, 0.07, 0.19, 0.05], [0.08, 0.2, 0.08, 0.21, 0.07, 0.04, 0.22], [0.12, 0.1, 0.09, 0.18, 0.18, 0.04, 0.15]]",0.13,0.18,63,"[0.05, 0.03, 0.07, 0.85]","[[0, 0, 0, 0, 13, 12, 0, 0], [0, 0, 0, 0, 10, 11, 0, 0], [0, 0, 0, 0, 9, 8, 0, 0], [0, 1, 2, 3, 4, 5, 6, 7]]",0.072
1249,0.0,7,"[[0.11, 0.13, 0.2, 0.15, 0.12, 0.07, 0.12], [0.17, 0.14, 0.08, 0.03, 0.14, 0.12, 0.21], [0.15, 0.05, 0.06, 0.08, 0.07, 0.16, 0.13], [0.11, 0.11, 0.13, 0.18, 0.08, 0.12, 0.15]]",0.13,0.12,63,"[0.11, 0.38, 0.34, 0.17]","[[0, 0, 0, 0, 0, 0, 0, 0], [0, 1, 3, 6, 7, 9, 11, 13], [0, 2, 4, 5, 8, 10, 12, 14], [0, 0, 0, 0, 0, 0, 0, 15]]",0.072
1250,0.0,6,"[[3.4, 2.14, 9.33, 2.59, 4.55, 1.09, 2.85], [2.69, 7.17, 4.91, 8.03, 6.07, 6.49, 2.28], [2.24, 5.15, 4.83, 2.39, 2.78, 7.43, 5.61], [3.01, 5.69, 6.66, 3.22, 3.6, 8.48, 3.28]]",5.0,7.43,63,"[0.07, 0.01, 0.9, 0.02]","[[0, 0, 0, 0, 0, 0, 0, 0], [0, 0, 0, 0, 0, 0, 0, 0], [0, 1, 2, 3, 4, 5, 6, 7], [0, 0, 0, 0, 0, 0, 0, 0]]",2.994
1251,0.0,4,"[[3.54, 3.18, 6.26, 3.39, 3.52, 5.47, 1.42], [3.13, 1.91, 7.14, 3.81, 4.58, 6.9, 8.39], [7.48, 1.27, 5.41, 7.63, 6.12, 1.81, 6.34], [6.09, 3.7, 4.25, 4.91, 0.8, 7.46, 7.59]]",5.0,7.63,63,"[0.04, 0.07, 0.88, 0.01]","[[0, 13, 0, 0, 10, 0, 0, 0], [0, 11, 0, 0, 9, 0, 0, 0], [0, 1, 2, 3, 4, 5, 6, 7], [0, 12, 0, 0, 8, 0, 0, 0]]",2.994
1252,0.0,6,"[[7.11, 5.78, 4.85, 4.33, 7.33, 7.89, 5.26], [5.95, 7.87, 3.44, 7.0, 6.97, 5.22, 6.26], [3.72, 9.35, 7.04, 6.38, 7.42, 6.47, 5.89], [5.94, 4.84, 1.39, 4.52, 3.41, 2.82, 3.73]]",5.0,5.22,63,"[0.33, 0.2, 0.24, 0.23]","[[0, 3, 5, 7, 8, 9, 10, 11], [0, 4, 6, 0, 0, 0, 12, 0], [0, 2, 0, 0, 0, 0, 13, 0], [0, 1, 0, 0, 0, 0, 14, 0]]",2.994
1253,0.0,3,"[[3.25, 0.97, 8.64, 8.18, 2.13, 6.22, 0.77], [5.88, 7.57, 5.25, 3.43, 6.13, 3.52, 3.61], [5.54, 4.65, 8.68, 9.8, 7.31, 3.42, 4.37], [7.14, 2.83, 7.59, 3.91, 6.6, 1.41, 1.96]]",5.0,5.25,63,"[0.06, 0.03, 0.01, 0.9]","[[0, 9, 0, 8, 0, 0, 0, 0], [0, 0, 0, 10, 0, 0, 0, 0], [0, 0, 0, 11, 0, 0, 0, 0], [0, 1, 2, 3, 4, 5, 6, 7]]",2.994
1254,0.0,4,"[[8.51, 2.86, 5.22, 3.29, 7.8, 7.12, 2.91], [7.85, 5.63, 4.76, 5.73, 4.36, 4.99, 0.21], [1.1, 2.64, 4.86, 7.57, 7.15, 0.31, 2.34], [6.38, 5.91, 3.08, 6.0, 7.58, 3.85, 6.26]]",5.0,6.0,63,"[0.19, 0.32, 0.23, 0.26]","[[0, 0, 0, 0, 0, 0, 0, 0], [0, 1, 2, 3, 4, 5, 6, 7], [0, 9, 11, 13, 15, 17, 19, 20], [0, 8, 10, 12, 14, 16, 18, 21]]",2.994
1255,0.0,2,"[[0.72, 5.25, 9.97, 4.85, 8.58, 2.57, 9.15], [5.48, 9.36, 2.36, 9.25, 3.72, 4.76, 6.74], [7.14, 7.36, 2.91, 4.13, 7.03, 8.48, 0.38], [5.84, 6.37, 7.56, 3.71, 4.02, 2.93, 0.09]]",5.0,9.36,63,"[0.03, 0.85, 0.06, 0.06]","[[0, 0, 8, 0, 9, 0, 0, 0], [0, 1, 2, 3, 4, 5, 6, 7], [0, 0, 0, 0, 10, 0, 0, 0], [0, 0, 0, 0, 0, 0, 0, 0]]",2.994
1256,0.0,5,"[[5.77, 3.99, 6.61, 4.81, 8.16, 4.87, 2.84], [5.38, 5.12, 5.88, 4.67, 7.45, 7.64, 1.41], [2.86, 1.79, 4.9, 7.89, 6.3, 3.05, 5.2], [5.28, 6.58, 1.34, 2.2, 4.69, 6.92, 5.01]]",5.0,8.16,63,"[0.34, 0.23, 0.11, 0.32]","[[0, 2, 4, 6, 7, 8, 9, 0], [0, 0, 0, 0, 0, 12, 0, 0], [0, 0, 0, 0, 0, 10, 0, 0], [0, 1, 3, 0, 5, 11, 13, 0]]",2.994
1257,0.0,4,"[[7.32, 4.38, 4.99, 7.76, 5.0, 5.94, 2.36], [8.4, 3.61, 8.45, 4.23, 7.02, 4.36, 9.23], [1.69, 3.23, 3.54, 3.86, 3.72, 2.06, 0.61], [7.94, 7.02, 6.73, 4.28, 8.5, 0.13, 2.63]]",5.0,7.76,63,"[0.85, 0.03, 0.11, 0.01]","[[0, 1, 2, 3, 4, 5, 6, 7], [0, 10, 0, 0, 11, 0, 0, 0], [0, 9, 0, 0, 8, 0, 0, 0], [0, 0, 0, 0, 12, 0, 0, 0]]",2.994
1258,0.0,4,"[[5.63, 2.91, 6.84, 6.5, 2.65, 5.91, 4.09], [5.16, 0.83, 2.41, 5.99, 6.15, 3.67, 6.12], [5.67, 9.08, 3.93, 7.57, 5.62, 2.51, 2.61], [4.59, 1.2, 4.42, 1.16, 8.17, 8.27, 1.11]]",5.0,1.16,63,"[0.14, 0.34, 0.35, 0.17]","[[0, 0, 0, 0, 0, 0, 0, 0], [0, 2, 4, 6, 8, 10, 12, 14], [0, 1, 3, 5, 7, 9, 11, 13], [0, 0, 0, 0, 0, 0, 0, 0]]",2.994
1259,0.0,4,"[[5.11, 2.17, 0.1, 9.47, 2.73, 6.4, 3.36], [4.31, 7.26, 6.36, 8.48, 2.98, 4.68, 5.77], [8.38, 2.0, 6.14, 7.53, 4.7, 1.99, 1.53], [7.09, 5.94, 3.03, 5.37, 2.51, 3.9, 2.79]]",5.0,8.48,63,"[0.31, 0.35, 0.15, 0.19]","[[0, 0, 0, 0, 8, 0, 0, 0], [0, 1, 2, 3, 4, 5, 6, 7], [0, 0, 0, 0, 9, 0, 0, 0], [0, 0, 0, 0, 10, 0, 0, 0]]",2.994
1260,0.01,6,"[[8.02, 3.92, 3.11, 4.49, 4.13, 7.86, 3.71], [5.5, 3.12, 4.78, 4.63, 5.83, 9.55, 5.01], [6.87, 6.07, 1.32, 5.58, 8.22, 5.74, 5.54], [4.62, 3.36, 5.75, 5.59, 2.34, 1.7, 6.64]]",5.0,5.74,64,"[0.25, 0.27, 0.24, 0.24]","[[0, 0, 0, 0, 0, 0, 0, 0], [0, 0, 0, 0, 0, 1, 0, 0], [0, 0, 0, 0, 0, 0, 0, 0], [0, 0, 0, 0, 2, 0, 3, 0]]",2.994
1261,0.01,3,"[[3.54, 3.18, 6.26, 3.39, 3.52, 5.47, 1.42], [3.13, 1.91, 7.14, 3.81, 4.58, 6.9, 8.39], [7.48, 1.27, 5.41, 7.63, 6.12, 1.81, 6.34], [6.09, 3.7, 4.25, 4.91, 0.8, 7.46, 7.59]]",5.0,5.41,64,"[0.04, 0.07, 0.88, 0.01]","[[0, 1, 0, 0, 5, 0, 0, 0], [0, 0, 0, 0, 0, 0, 0, 3], [0, 0, 0, 0, 0, 2, 0, 0], [0, 0, 4, 0, 0, 0, 0, 0]]",2.994
1262,0.01,2,"[[6.18, 4.93, 6.72, 3.3, 6.34, 6.06, 5.41], [7.2, 2.38, 3.93, 9.67, 4.79, 7.96, 3.99], [0.82, 2.25, 1.43, 2.43, 5.42, 7.07, 9.93], [9.97, 3.97, 5.79, 8.9, 4.27, 7.39, 5.81]]",5.0,2.38,64,"[0.28, 0.28, 0.19, 0.25]","[[0, 0, 0, 0, 0, 0, 0, 0], [0, 1, 0, 0, 2, 0, 0, 3], [0, 0, 0, 0, 0, 0, 0, 0], [0, 0, 4, 0, 0, 0, 0, 0]]",2.994
1263,0.01,2,"[[5.12, 1.51, 5.2, 6.71, 2.69, 8.45, 7.56], [1.26, 6.81, 6.02, 6.85, 3.83, 2.04, 5.15], [0.77, 1.29, 6.67, 1.6, 1.63, 0.54, 0.89], [4.2, 5.58, 3.29, 3.97, 3.54, 6.37, 4.95]]",5.0,5.58,64,"[0.21, 0.27, 0.19, 0.33]","[[0, 0, 0, 0, 1, 0, 0, 0], [0, 0, 0, 0, 0, 2, 0, 0], [0, 4, 0, 0, 0, 0, 0, 0], [0, 0, 0, 3, 0, 0, 0, 5]]",2.994
1264,0.01,2,"[[0.72, 5.25, 9.97, 4.85, 8.58, 2.57, 9.15], [5.48, 9.36, 2.36, 9.25, 3.72, 4.76, 6.74], [7.14, 7.36, 2.91, 4.13, 7.03, 8.48, 0.38], [5.84, 6.37, 7.56, 3.71, 4.02, 2.93, 0.09]]",5.0,9.36,64,"[0.03, 0.85, 0.06, 0.06]","[[0, 0, 0, 0, 0, 0, 1, 0], [0, 0, 0, 0, 2, 0, 0, 0], [0, 3, 0, 0, 0, 0, 0, 0], [0, 0, 0, 0, 0, 0, 0, 4]]",2.994
1265,0.01,5,"[[1.92, 6.77, 0.18, 0.58, 7.09, 4.34, 4.61], [2.63, 2.6, 4.89, 2.52, 8.42, 2.23, 4.37], [6.54, 7.27, 4.71, 3.86, 8.83, 4.81, 5.31], [5.47, 8.91, 3.37, 8.65, 6.85, 1.47, 5.12]]",5.0,6.85,64,"[0.31, 0.2, 0.17, 0.32]","[[0, 0, 0, 0, 0, 0, 1, 5], [0, 0, 6, 0, 4, 0, 0, 0], [0, 0, 0, 0, 0, 0, 0, 0], [0, 3, 0, 0, 0, 0, 2, 0]]",2.994
1266,0.01,4,"[[9.88, 3.37, 6.84, 6.02, 5.72, 2.47, 6.83], [4.66, 3.57, 1.89, 8.02, 4.52, 4.58, 0.56], [5.57, 8.71, 8.98, 7.3, 1.41, 5.09, 6.3], [2.79, 3.58, 9.87, 3.61, 3.51, 7.13, 2.78]]",5.0,3.61,64,"[0.02, 0.05, 0.05, 0.88]","[[0, 1, 5, 0, 0, 0, 9, 0], [0, 2, 6, 0, 0, 0, 10, 0], [0, 3, 7, 0, 0, 0, 11, 0], [0, 4, 8, 0, 0, 0, 12, 0]]",2.994
1267,0.01,3,"[[5.71, 4.0, 7.87, 3.26, 8.95, 9.97, 6.35], [4.81, 5.73, 5.74, 5.66, 5.51, 4.81, 7.59], [6.14, 5.62, 3.6, 6.94, 3.42, 3.6, 6.26], [1.09, 4.7, 1.56, 4.05, 2.65, 4.29, 5.33]]",5.0,1.56,64,"[0.02, 0.08, 0.03, 0.87]","[[0, 0, 0, 0, 0, 0, 0, 0], [0, 0, 0, 0, 0, 0, 0, 0], [0, 0, 0, 0, 0, 0, 0, 0], [0, 1, 2, 3, 4, 5, 6, 7]]",2.994
1268,0.01,2,"[[6.2, 4.19, 3.44, 8.27, 6.51, 4.65, 4.01], [2.89, 4.13, 4.82, 8.89, 9.25, 0.96, 6.04], [8.8, 2.84, 4.5, 4.81, 3.19, 0.46, 7.31], [5.12, 1.87, 1.91, 7.0, 2.08, 5.06, 2.86]]",5.0,4.13,64,"[0.15, 0.21, 0.3, 0.34]","[[0, 0, 0, 3, 4, 0, 0, 0], [0, 0, 0, 0, 0, 5, 6, 0], [0, 0, 0, 0, 0, 0, 0, 7], [0, 1, 2, 0, 0, 0, 0, 0]]",2.994
1269,0.01,7,"[[3.74, 4.35, 1.03, 5.02, 2.48, 7.72, 3.91], [9.52, 3.82, 4.46, 2.55, 5.65, 6.25, 0.76], [2.96, 5.49, 2.32, 7.63, 0.35, 8.21, 6.51], [4.09, 2.1, 9.56, 8.08, 0.89, 1.16, 4.1]]",5.0,4.1,64,"[0.04, 0.08, 0.02, 0.86]","[[0, 0, 0, 0, 1, 0, 0, 0], [0, 0, 0, 0, 2, 0, 0, 0], [0, 0, 0, 0, 3, 0, 0, 0], [0, 0, 0, 0, 0, 0, 0, 0]]",2.994
1270,0.01,2,"[[0.02, 0.1, 0.05, 0.19, 0.09, 0.05, 0.06], [0.03, 0.12, 0.22, 0.08, 0.02, 0.07, 0.12], [0.18, 0.19, 0.1, 0.18, 0.18, 0.13, 0.15], [0.08, 0.17, 0.23, 0.11, 0.13, 0.16, 0.07]]",0.13,0.17,64,"[0.06, 0.06, 0.03, 0.85]","[[0, 0, 0, 0, 0, 0, 0, 4], [0, 0, 0, 0, 0, 0, 3, 0], [0, 0, 0, 0, 0, 0, 0, 0], [0, 1, 0, 0, 2, 0, 0, 0]]",0.072
1271,0.01,4,"[[0.08, 0.23, 0.16, 0.14, 0.22, 0.12, 0.2], [0.17, 0.2, 0.03, 0.17, 0.21, 0.17, 0.07], [0.08, 0.2, 0.14, 0.22, 0.1, 0.13, 0.17], [0.07, 0.12, 0.01, 0.11, 0.05, 0.12, 0.17]]",0.13,0.14,64,"[0.86, 0.03, 0.04, 0.07]","[[0, 1, 0, 2, 0, 3, 0, 4], [0, 0, 0, 0, 0, 0, 0, 0], [0, 0, 0, 0, 0, 0, 0, 0], [0, 0, 0, 0, 0, 0, 0, 0]]",0.072
1272,0.01,7,"[[0.11, 0.17, 0.16, 0.1, 0.16, 0.08, 0.16], [0.14, 0.11, 0.1, 0.17, 0.15, 0.09, 0.15], [0.18, 0.13, 0.06, 0.09, 0.04, 0.12, 0.18], [0.24, 0.17, 0.23, 0.17, 0.08, 0.13, 0.06]]",0.13,0.18,64,"[0.26, 0.27, 0.3, 0.17]","[[0, 5, 0, 0, 0, 0, 0, 0], [0, 0, 0, 0, 0, 0, 0, 4], [0, 1, 0, 2, 0, 0, 3, 0], [0, 0, 0, 0, 0, 0, 0, 0]]",0.072
1273,0.01,7,"[[0.04, 0.14, 0.09, 0.06, 0.18, 0.1, 0.07], [0.09, 0.13, 0.01, 0.23, 0.07, 0.19, 0.05], [0.08, 0.2, 0.08, 0.21, 0.07, 0.04, 0.22], [0.12, 0.1, 0.09, 0.18, 0.18, 0.04, 0.15]]",0.13,0.15,64,"[0.05, 0.03, 0.07, 0.85]","[[0, 0, 3, 0, 0, 0, 4, 0], [0, 0, 0, 7, 0, 6, 0, 0], [0, 0, 0, 0, 0, 0, 0, 5], [0, 1, 0, 0, 2, 0, 0, 0]]",0.072
1274,0.01,1,"[[0.08, 0.08, 0.03, 0.08, 0.06, 0.11, 0.11], [0.21, 0.12, 0.16, 0.16, 0.17, 0.12, 0.08], [0.24, 0.22, 0.1, 0.12, 0.06, 0.2, 0.05], [0.13, 0.19, 0.1, 0.18, 0.14, 0.09, 0.16]]",0.13,0.21,64,"[0.12, 0.34, 0.21, 0.33]","[[0, 0, 0, 0, 0, 0, 0, 0], [0, 0, 1, 0, 0, 0, 0, 0], [0, 0, 0, 0, 0, 0, 0, 0], [0, 0, 0, 0, 0, 2, 0, 0]]",0.072
1275,0.01,6,"[[0.12, 0.13, 0.12, 0.14, 0.05, 0.1, 0.25], [0.16, 0.2, 0.2, 0.14, 0.09, 0.17, 0.09], [0.11, 0.12, 0.11, 0.11, 0.08, 0.05, 0.17], [0.19, 0.2, 0.07, 0.21, 0.07, 0.13, 0.2]]",0.13,0.05,64,"[0.17, 0.35, 0.31, 0.17]","[[0, 0, 0, 0, 4, 0, 0, 0], [0, 0, 0, 0, 1, 0, 0, 5], [0, 0, 0, 0, 2, 0, 0, 0], [0, 0, 0, 0, 3, 0, 0, 0]]",0.072
1276,0.01,4,"[[0.14, 0.07, 0.05, 0.18, 0.03, 0.01, 0.18], [0.19, 0.23, 0.07, 0.1, 0.08, 0.19, 0.2], [0.17, 0.24, 0.03, 0.21, 0.19, 0.07, 0.21], [0.14, 0.09, 0.21, 0.08, 0.19, 0.05, 0.09]]",0.13,0.18,64,"[0.15, 0.26, 0.26, 0.33]","[[0, 0, 1, 0, 0, 0, 0, 0], [0, 0, 0, 0, 0, 0, 0, 0], [0, 0, 0, 0, 0, 0, 0, 4], [0, 0, 0, 2, 0, 3, 0, 0]]",0.072
1277,0.01,7,"[[0.2, 0.21, 0.23, 0.23, 0.18, 0.14, 0.22], [0.2, 0.22, 0.22, 0.25, 0.05, 0.12, 0.09], [0.02, 0.05, 0.07, 0.23, 0.14, 0.19, 0.02], [0.12, 0.1, 0.13, 0.23, 0.18, 0.06, 0.24]]",0.13,0.02,64,"[0.08, 0.03, 0.87, 0.02]","[[0, 0, 5, 0, 0, 0, 0, 0], [0, 0, 0, 0, 0, 0, 0, 0], [0, 1, 0, 0, 4, 0, 0, 0], [0, 0, 0, 2, 0, 0, 3, 0]]",0.072
1278,0.01,7,"[[0.19, 0.09, 0.13, 0.2, 0.03, 0.17, 0.2], [0.08, 0.14, 0.18, 0.15, 0.19, 0.11, 0.07], [0.15, 0.06, 0.07, 0.11, 0.19, 0.02, 0.14], [0.12, 0.04, 0.06, 0.04, 0.06, 0.19, 0.09]]",0.13,0.07,64,"[0.02, 0.85, 0.05, 0.08]","[[0, 0, 0, 0, 0, 0, 0, 0], [0, 1, 0, 0, 2, 0, 3, 0], [0, 0, 0, 0, 0, 0, 0, 0], [0, 0, 0, 0, 0, 0, 0, 0]]",0.072
1279,0.01,1,"[[0.18, 0.08, 0.14, 0.2, 0.12, 0.1, 0.1], [0.1, 0.05, 0.2, 0.13, 0.11, 0.09, 0.04], [0.15, 0.11, 0.22, 0.09, 0.14, 0.12, 0.12], [0.17, 0.01, 0.14, 0.05, 0.14, 0.07, 0.08]]",0.13,0.1,64,"[0.3, 0.22, 0.27, 0.21]","[[0, 0, 0, 1, 0, 0, 0, 0], [0, 0, 0, 0, 2, 0, 0, 0], [0, 0, 0, 0, 0, 3, 0, 0], [0, 0, 0, 0, 0, 0, 4, 0]]",0.072
1280,0.0,5,"[[0.09, 0.06, 0.16, 0.11, 0.12, 0.22, 0.04], [0.11, 0.19, 0.13, 0.18, 0.2, 0.12, 0.12], [0.11, 0.08, 0.15, 0.06, 0.15, 0.13, 0.16], [0.08, 0.15, 0.2, 0.17, 0.24, 0.04, 0.12]]",0.13,0.24,65,"[0.15, 0.32, 0.21, 0.32]","[[0, 1, 2, 3, 4, 5, 6, 7], [0, 14, 13, 12, 11, 10, 9, 8], [0, 15, 20, 18, 21, 23, 25, 28], [0, 16, 17, 19, 22, 24, 26, 27]]",0.072
1281,0.0,7,"[[0.2, 0.14, 0.16, 0.12, 0.21, 0.18, 0.23], [0.06, 0.09, 0.16, 0.16, 0.14, 0.12, 0.15], [0.23, 0.08, 0.17, 0.11, 0.04, 0.14, 0.15], [0.06, 0.12, 0.16, 0.23, 0.08, 0.11, 0.15]]",0.13,0.15,65,"[0.33, 0.18, 0.11, 0.38]","[[0, 1, 2, 3, 4, 5, 6, 7], [0, 0, 0, 0, 0, 0, 0, 0], [0, 0, 0, 0, 0, 0, 0, 0], [0, 14, 13, 12, 11, 10, 9, 8]]",0.072
1282,0.0,7,"[[0.15, 0.17, 0.12, 0.06, 0.06, 0.22, 0.15], [0.19, 0.17, 0.21, 0.18, 0.06, 0.19, 0.04], [0.07, 0.13, 0.08, 0.09, 0.18, 0.11, 0.12], [0.16, 0.1, 0.02, 0.11, 0.21, 0.13, 0.19]]",0.13,0.19,65,"[0.09, 0.05, 0.01, 0.85]","[[0, 8, 9, 10, 11, 12, 13, 14], [0, 0, 0, 0, 0, 0, 0, 0], [0, 0, 0, 0, 0, 0, 0, 0], [0, 1, 2, 3, 4, 5, 6, 7]]",0.072
1283,0.0,4,"[[0.2, 0.21, 0.23, 0.23, 0.18, 0.14, 0.22], [0.2, 0.22, 0.22, 0.25, 0.05, 0.12, 0.09], [0.02, 0.05, 0.07, 0.23, 0.14, 0.19, 0.02], [0.12, 0.1, 0.13, 0.23, 0.18, 0.06, 0.24]]",0.13,0.23,65,"[0.08, 0.03, 0.87, 0.02]","[[0, 0, 0, 0, 8, 0, 9, 0], [0, 0, 0, 0, 0, 0, 0, 0], [0, 1, 2, 3, 4, 5, 6, 7], [0, 0, 0, 0, 0, 0, 0, 0]]",0.072
1284,0.0,5,"[[0.05, 0.17, 0.08, 0.07, 0.16, 0.13, 0.05], [0.1, 0.16, 0.24, 0.2, 0.19, 0.19, 0.23], [0.18, 0.13, 0.06, 0.19, 0.17, 0.21, 0.13], [0.16, 0.18, 0.2, 0.12, 0.19, 0.08, 0.19]]",0.13,0.16,65,"[0.85, 0.1, 0.02, 0.03]","[[0, 1, 2, 3, 4, 5, 6, 7], [0, 8, 9, 10, 11, 12, 13, 14], [0, 0, 0, 0, 0, 0, 0, 0], [0, 0, 0, 0, 0, 0, 0, 0]]",0.072
1285,0.0,6,"[[0.14, 0.12, 0.08, 0.02, 0.14, 0.19, 0.09], [0.2, 0.01, 0.13, 0.03, 0.11, 0.06, 0.23], [0.19, 0.12, 0.16, 0.15, 0.16, 0.07, 0.21], [0.09, 0.14, 0.24, 0.12, 0.1, 0.2, 0.16]]",0.13,0.2,65,"[0.36, 0.17, 0.12, 0.35]","[[0, 1, 2, 3, 4, 5, 6, 7], [0, 15, 16, 17, 18, 19, 20, 21], [0, 28, 27, 26, 24, 25, 23, 22], [0, 14, 13, 12, 11, 10, 9, 8]]",0.072
1286,0.0,4,"[[0.1, 0.1, 0.03, 0.13, 0.2, 0.08, 0.11], [0.08, 0.05, 0.11, 0.15, 0.22, 0.2, 0.17], [0.16, 0.24, 0.08, 0.04, 0.05, 0.19, 0.14], [0.1, 0.18, 0.15, 0.14, 0.18, 0.07, 0.19]]",0.13,0.15,65,"[0.36, 0.26, 0.19, 0.19]","[[0, 1, 2, 3, 4, 5, 6, 7], [0, 14, 13, 12, 11, 10, 9, 8], [0, 15, 16, 17, 18, 19, 20, 21], [0, 28, 27, 26, 25, 24, 23, 22]]",0.072
1287,0.0,4,"[[0.21, 0.14, 0.05, 0.18, 0.12, 0.1, 0.15], [0.03, 0.07, 0.04, 0.14, 0.13, 0.15, 0.2], [0.05, 0.14, 0.08, 0.16, 0.04, 0.13, 0.08], [0.19, 0.12, 0.09, 0.06, 0.18, 0.05, 0.09]]",0.13,0.06,65,"[0.01, 0.02, 0.88, 0.09]","[[0, 1, 0, 0, 0, 0, 0, 0], [0, 0, 0, 0, 0, 0, 0, 0], [0, 2, 3, 4, 5, 6, 7, 8], [0, 15, 14, 13, 12, 11, 10, 9]]",0.072
1288,0.0,3,"[[0.18, 0.08, 0.04, 0.19, 0.05, 0.05, 0.16], [0.09, 0.22, 0.23, 0.17, 0.13, 0.24, 0.18], [0.21, 0.2, 0.1, 0.14, 0.11, 0.11, 0.19], [0.23, 0.14, 0.16, 0.18, 0.12, 0.18, 0.03]]",0.13,0.23,65,"[0.02, 0.92, 0.02, 0.04]","[[0, 0, 8, 12, 0, 0, 0, 0], [0, 1, 2, 3, 4, 5, 6, 7], [0, 0, 9, 13, 0, 0, 0, 0], [0, 0, 10, 11, 0, 0, 0, 0]]",0.072
1289,0.0,7,"[[0.11, 0.17, 0.16, 0.1, 0.16, 0.08, 0.16], [0.14, 0.11, 0.1, 0.17, 0.15, 0.09, 0.15], [0.18, 0.13, 0.06, 0.09, 0.04, 0.12, 0.18], [0.24, 0.17, 0.23, 0.17, 0.08, 0.13, 0.06]]",0.13,0.15,65,"[0.26, 0.27, 0.3, 0.17]","[[0, 1, 8, 9, 14, 15, 20, 21], [0, 2, 7, 10, 13, 16, 19, 22], [0, 3, 6, 11, 12, 17, 18, 23], [0, 4, 5, 0, 0, 0, 0, 0]]",0.072
1290,0.0,5,"[[8.47, 2.82, 7.33, 4.03, 7.07, 2.75, 1.54], [4.68, 3.16, 0.97, 1.44, 5.2, 6.65, 9.25], [8.41, 7.04, 1.31, 3.23, 7.09, 7.67, 1.55], [6.28, 2.99, 4.33, 1.28, 9.25, 6.99, 2.35]]",5.0,9.25,65,"[0.01, 0.01, 0.01, 0.97]","[[0, 0, 0, 0, 0, 0, 0, 0], [0, 0, 0, 0, 0, 0, 0, 0], [0, 0, 0, 0, 0, 0, 0, 0], [0, 1, 2, 3, 4, 5, 6, 7]]",2.994
1291,0.0,1,"[[6.2, 4.19, 3.44, 8.27, 6.51, 4.65, 4.01], [2.89, 4.13, 4.82, 8.89, 9.25, 0.96, 6.04], [8.8, 2.84, 4.5, 4.81, 3.19, 0.46, 7.31], [5.12, 1.87, 1.91, 7.0, 2.08, 5.06, 2.86]]",5.0,5.12,65,"[0.15, 0.21, 0.3, 0.34]","[[0, 27, 28, 26, 25, 24, 23, 22], [0, 15, 16, 17, 18, 19, 20, 21], [0, 14, 13, 12, 11, 10, 9, 8], [0, 1, 2, 3, 4, 5, 6, 7]]",2.994
1292,0.0,1,"[[6.18, 4.93, 6.72, 3.3, 6.34, 6.06, 5.41], [7.2, 2.38, 3.93, 9.67, 4.79, 7.96, 3.99], [0.82, 2.25, 1.43, 2.43, 5.42, 7.07, 9.93], [9.97, 3.97, 5.79, 8.9, 4.27, 7.39, 5.81]]",5.0,7.2,65,"[0.28, 0.28, 0.19, 0.25]","[[0, 1, 2, 3, 4, 5, 6, 7], [0, 14, 13, 12, 11, 10, 9, 8], [0, 15, 16, 17, 18, 19, 20, 21], [0, 28, 27, 26, 25, 24, 23, 22]]",2.994
1293,0.0,3,"[[3.74, 4.35, 1.03, 5.02, 2.48, 7.72, 3.91], [9.52, 3.82, 4.46, 2.55, 5.65, 6.25, 0.76], [2.96, 5.49, 2.32, 7.63, 0.35, 8.21, 6.51], [4.09, 2.1, 9.56, 8.08, 0.89, 1.16, 4.1]]",5.0,9.56,65,"[0.04, 0.08, 0.02, 0.86]","[[0, 0, 0, 0, 0, 0, 0, 0], [0, 14, 13, 12, 11, 10, 9, 8], [0, 0, 0, 0, 0, 0, 0, 0], [0, 1, 2, 3, 4, 5, 6, 7]]",2.994
1294,0.0,5,"[[7.11, 5.78, 4.85, 4.33, 7.33, 7.89, 5.26], [5.95, 7.87, 3.44, 7.0, 6.97, 5.22, 6.26], [3.72, 9.35, 7.04, 6.38, 7.42, 6.47, 5.89], [5.94, 4.84, 1.39, 4.52, 3.41, 2.82, 3.73]]",5.0,3.41,65,"[0.33, 0.2, 0.24, 0.23]","[[0, 1, 2, 3, 4, 5, 6, 7], [0, 14, 13, 12, 11, 10, 9, 8], [0, 15, 16, 17, 18, 19, 20, 21], [0, 28, 27, 26, 25, 24, 23, 22]]",2.994
1295,0.0,5,"[[0.95, 2.78, 3.25, 5.38, 7.09, 3.77, 4.83], [7.13, 8.96, 5.39, 2.27, 8.34, 7.96, 4.55], [9.77, 5.61, 8.97, 8.09, 6.52, 2.37, 9.08], [8.52, 1.84, 1.06, 3.62, 0.7, 3.27, 0.14]]",5.0,7.09,65,"[0.85, 0.07, 0.07, 0.01]","[[0, 1, 2, 3, 4, 5, 6, 7], [0, 0, 0, 0, 10, 8, 0, 0], [0, 0, 0, 0, 11, 9, 0, 0], [0, 0, 0, 0, 0, 0, 0, 0]]",2.994
1296,0.0,5,"[[4.41, 7.98, 5.03, 0.94, 6.07, 7.96, 3.08], [7.18, 6.38, 1.11, 4.77, 7.21, 4.82, 4.9], [5.63, 7.2, 7.79, 1.19, 2.56, 6.05, 3.13], [2.67, 2.05, 5.91, 4.15, 9.55, 4.46, 9.22]]",5.0,9.55,65,"[0.04, 0.02, 0.05, 0.89]","[[0, 0, 0, 0, 0, 10, 0, 13], [0, 0, 0, 0, 0, 9, 0, 12], [0, 0, 0, 0, 0, 8, 0, 11], [0, 1, 2, 3, 4, 5, 6, 7]]",2.994
1297,0.0,1,"[[4.36, 8.7, 5.94, 4.41, 8.37, 5.83, 0.58], [9.58, 2.24, 8.49, 4.24, 4.63, 4.53, 5.29], [6.08, 4.31, 5.59, 3.3, 3.91, 4.21, 4.74], [9.25, 5.33, 1.67, 7.75, 5.64, 2.81, 3.02]]",5.0,6.08,65,"[0.31, 0.27, 0.14, 0.28]","[[0, 1, 2, 3, 4, 5, 6, 7], [0, 8, 9, 10, 11, 12, 13, 14], [0, 0, 0, 0, 0, 0, 0, 0], [0, 21, 20, 19, 18, 17, 16, 15]]",2.994
1298,0.0,2,"[[0.72, 5.25, 9.97, 4.85, 8.58, 2.57, 9.15], [5.48, 9.36, 2.36, 9.25, 3.72, 4.76, 6.74], [7.14, 7.36, 2.91, 4.13, 7.03, 8.48, 0.38], [5.84, 6.37, 7.56, 3.71, 4.02, 2.93, 0.09]]",5.0,6.37,65,"[0.03, 0.85, 0.06, 0.06]","[[0, 0, 8, 0, 11, 0, 0, 0], [0, 1, 2, 3, 4, 5, 6, 7], [0, 0, 9, 0, 12, 0, 0, 0], [0, 0, 10, 0, 13, 0, 0, 0]]",2.994
1299,0.0,4,"[[6.38, 4.4, 2.78, 4.02, 3.28, 4.56, 6.79], [6.89, 5.4, 5.87, 9.63, 0.42, 4.93, 4.29], [2.96, 2.23, 8.29, 4.74, 3.72, 2.39, 0.86], [5.36, 5.18, 6.28, 1.08, 2.81, 5.95, 9.65]]",5.0,1.08,65,"[0.2, 0.38, 0.3, 0.12]","[[0, 17, 0, 0, 16, 0, 0, 0], [0, 1, 2, 3, 4, 5, 6, 7], [0, 8, 9, 10, 11, 12, 13, 14], [0, 18, 0, 0, 15, 0, 0, 0]]",2.994
1300,0.0,2,"[[0.05, 0.17, 0.08, 0.07, 0.16, 0.13, 0.05], [0.1, 0.16, 0.24, 0.2, 0.19, 0.19, 0.23], [0.18, 0.13, 0.06, 0.19, 0.17, 0.21, 0.13], [0.16, 0.18, 0.2, 0.12, 0.19, 0.08, 0.19]]",0.13,0.17,66,"[0.85, 0.1, 0.02, 0.03]","[[0, 1, 2, 3, 4, 5, 6, 7], [0, 14, 13, 12, 11, 10, 9, 8], [0, 15, 23, 24, 25, 26, 27, 28], [0, 16, 17, 18, 19, 20, 21, 22]]",0.072
1301,0.0,6,"[[0.07, 0.07, 0.17, 0.05, 0.08, 0.18, 0.15], [0.19, 0.17, 0.06, 0.13, 0.2, 0.13, 0.2], [0.08, 0.18, 0.04, 0.21, 0.15, 0.15, 0.18], [0.06, 0.08, 0.09, 0.02, 0.12, 0.19, 0.09]]",0.13,0.18,66,"[0.31, 0.27, 0.19, 0.23]","[[0, 15, 16, 17, 18, 19, 20, 21], [0, 1, 2, 3, 4, 5, 6, 7], [0, 0, 0, 0, 0, 0, 0, 0], [0, 8, 9, 10, 11, 12, 13, 14]]",0.072
1302,0.0,1,"[[0.08, 0.08, 0.03, 0.08, 0.06, 0.11, 0.11], [0.21, 0.12, 0.16, 0.16, 0.17, 0.12, 0.08], [0.24, 0.22, 0.1, 0.12, 0.06, 0.2, 0.05], [0.13, 0.19, 0.1, 0.18, 0.14, 0.09, 0.16]]",0.13,0.13,66,"[0.12, 0.34, 0.21, 0.33]","[[0, 0, 0, 0, 0, 0, 0, 0], [0, 1, 2, 3, 4, 5, 6, 7], [0, 0, 0, 0, 0, 0, 0, 0], [0, 8, 9, 10, 11, 12, 13, 14]]",0.072
1303,0.0,7,"[[0.12, 0.17, 0.14, 0.13, 0.11, 0.07, 0.23], [0.21, 0.03, 0.18, 0.17, 0.22, 0.07, 0.12], [0.06, 0.15, 0.14, 0.1, 0.11, 0.15, 0.22], [0.13, 0.03, 0.18, 0.17, 0.07, 0.25, 0.1]]",0.13,0.1,66,"[0.39, 0.18, 0.15, 0.28]","[[0, 1, 2, 3, 4, 5, 6, 7], [0, 0, 0, 0, 0, 0, 0, 16], [0, 0, 0, 0, 0, 0, 0, 15], [0, 8, 9, 10, 11, 14, 13, 12]]",0.072
1304,0.0,2,"[[0.02, 0.18, 0.09, 0.13, 0.07, 0.12, 0.08], [0.15, 0.12, 0.24, 0.14, 0.1, 0.01, 0.14], [0.2, 0.14, 0.24, 0.13, 0.22, 0.23, 0.18], [0.11, 0.21, 0.18, 0.07, 0.12, 0.14, 0.14]]",0.13,0.18,66,"[0.85, 0.02, 0.03, 0.1]","[[0, 1, 2, 3, 4, 5, 7, 6], [0, 0, 0, 0, 0, 0, 0, 0], [0, 0, 0, 0, 0, 0, 0, 0], [0, 0, 8, 0, 0, 0, 0, 0]]",0.072
1305,0.0,1,"[[0.14, 0.15, 0.11, 0.2, 0.03, 0.13, 0.04], [0.03, 0.07, 0.1, 0.21, 0.1, 0.13, 0.08], [0.14, 0.03, 0.06, 0.05, 0.15, 0.08, 0.09], [0.13, 0.08, 0.16, 0.01, 0.21, 0.09, 0.05]]",0.13,0.14,66,"[0.06, 0.03, 0.86, 0.05]","[[0, 9, 0, 0, 0, 0, 0, 0], [0, 8, 0, 0, 0, 0, 0, 0], [0, 1, 2, 3, 4, 5, 6, 7], [0, 10, 0, 0, 0, 0, 0, 0]]",0.072
1306,0.0,5,"[[0.09, 0.06, 0.16, 0.11, 0.12, 0.22, 0.04], [0.11, 0.19, 0.13, 0.18, 0.2, 0.12, 0.12], [0.11, 0.08, 0.15, 0.06, 0.15, 0.13, 0.16], [0.08, 0.15, 0.2, 0.17, 0.24, 0.04, 0.12]]",0.13,0.24,66,"[0.15, 0.32, 0.21, 0.32]","[[0, 0, 0, 0, 0, 12, 0, 0], [0, 1, 2, 3, 4, 5, 6, 7], [0, 0, 0, 0, 0, 11, 0, 0], [0, 0, 8, 0, 10, 9, 0, 0]]",0.072
1307,0.0,2,"[[0.08, 0.23, 0.16, 0.14, 0.22, 0.12, 0.2], [0.17, 0.2, 0.03, 0.17, 0.21, 0.17, 0.07], [0.08, 0.2, 0.14, 0.22, 0.1, 0.13, 0.17], [0.07, 0.12, 0.01, 0.11, 0.05, 0.12, 0.17]]",0.13,0.12,66,"[0.86, 0.03, 0.04, 0.07]","[[0, 1, 2, 3, 4, 5, 6, 7], [0, 0, 0, 0, 0, 0, 0, 0], [0, 0, 0, 0, 0, 0, 0, 0], [0, 0, 8, 0, 0, 9, 0, 10]]",0.072
1308,0.0,4,"[[0.21, 0.14, 0.05, 0.18, 0.12, 0.1, 0.15], [0.03, 0.07, 0.04, 0.14, 0.13, 0.15, 0.2], [0.05, 0.14, 0.08, 0.16, 0.04, 0.13, 0.08], [0.19, 0.12, 0.09, 0.06, 0.18, 0.05, 0.09]]",0.13,0.16,66,"[0.01, 0.02, 0.88, 0.09]","[[0, 0, 0, 0, 9, 0, 0, 0], [0, 0, 0, 0, 8, 0, 0, 0], [0, 1, 2, 3, 4, 5, 6, 7], [0, 13, 12, 11, 10, 14, 15, 16]]",0.072
1309,0.0,7,"[[0.21, 0.18, 0.18, 0.07, 0.17, 0.09, 0.08], [0.07, 0.09, 0.01, 0.16, 0.02, 0.06, 0.25], [0.21, 0.16, 0.24, 0.08, 0.24, 0.16, 0.09], [0.17, 0.08, 0.18, 0.24, 0.11, 0.09, 0.22]]",0.13,0.22,66,"[0.21, 0.27, 0.2, 0.32]","[[0, 0, 0, 0, 0, 0, 0, 17], [0, 1, 9, 10, 11, 12, 13, 14], [0, 0, 0, 0, 16, 0, 0, 15], [0, 2, 3, 4, 5, 6, 7, 8]]",0.072
1310,0.0,2,"[[5.97, 8.23, 1.24, 7.62, 4.62, 4.29, 5.98], [8.29, 4.65, 5.55, 1.01, 2.98, 8.74, 8.92], [1.93, 2.81, 4.79, 6.01, 7.29, 6.55, 4.48], [9.09, 1.98, 6.38, 4.5, 3.08, 5.26, 4.47]]",5.0,8.23,66,"[0.86, 0.01, 0.12, 0.01]","[[0, 1, 2, 3, 4, 5, 6, 7], [0, 0, 10, 0, 0, 0, 0, 0], [0, 0, 8, 0, 0, 0, 0, 0], [0, 0, 9, 0, 0, 0, 0, 0]]",2.994
1311,0.0,5,"[[5.77, 3.99, 6.61, 4.81, 8.16, 4.87, 2.84], [5.38, 5.12, 5.88, 4.67, 7.45, 7.64, 1.41], [2.86, 1.79, 4.9, 7.89, 6.3, 3.05, 5.2], [5.28, 6.58, 1.34, 2.2, 4.69, 6.92, 5.01]]",5.0,8.16,66,"[0.34, 0.23, 0.11, 0.32]","[[0, 2, 3, 4, 5, 6, 7, 8], [0, 1, 0, 0, 0, 0, 0, 0], [0, 0, 0, 0, 0, 0, 0, 0], [0, 9, 10, 11, 12, 13, 14, 15]]",2.994
1312,0.0,3,"[[3.74, 4.35, 1.03, 5.02, 2.48, 7.72, 3.91], [9.52, 3.82, 4.46, 2.55, 5.65, 6.25, 0.76], [2.96, 5.49, 2.32, 7.63, 0.35, 8.21, 6.51], [4.09, 2.1, 9.56, 8.08, 0.89, 1.16, 4.1]]",5.0,1.03,66,"[0.04, 0.08, 0.02, 0.86]","[[0, 0, 0, 10, 0, 0, 0, 0], [0, 0, 0, 9, 0, 0, 0, 0], [0, 0, 0, 8, 0, 0, 0, 0], [0, 1, 2, 3, 4, 5, 6, 7]]",2.994
1313,0.0,1,"[[6.38, 4.4, 2.78, 4.02, 3.28, 4.56, 6.79], [6.89, 5.4, 5.87, 9.63, 0.42, 4.93, 4.29], [2.96, 2.23, 8.29, 4.74, 3.72, 2.39, 0.86], [5.36, 5.18, 6.28, 1.08, 2.81, 5.95, 9.65]]",5.0,6.38,66,"[0.2, 0.38, 0.3, 0.12]","[[0, 10, 13, 14, 19, 20, 25, 26], [0, 1, 2, 3, 4, 5, 6, 7], [0, 8, 11, 15, 18, 21, 23, 27], [0, 9, 12, 16, 17, 24, 22, 28]]",2.994
1314,0.0,6,"[[1.63, 4.7, 3.32, 2.64, 8.47, 3.24, 4.54], [8.67, 5.47, 1.74, 1.77, 1.06, 7.43, 3.25], [4.05, 4.33, 1.96, 6.68, 6.28, 9.52, 7.64], [3.95, 5.24, 1.85, 2.91, 0.64, 2.21, 1.85]]",5.0,7.43,66,"[0.05, 0.89, 0.05, 0.01]","[[0, 1, 2, 3, 4, 5, 6, 7], [0, 8, 9, 10, 11, 12, 13, 14], [0, 21, 20, 19, 18, 17, 16, 15], [0, 22, 23, 24, 25, 26, 27, 28]]",2.994
1315,0.0,6,"[[6.18, 4.93, 6.72, 3.3, 6.34, 6.06, 5.41], [7.2, 2.38, 3.93, 9.67, 4.79, 7.96, 3.99], [0.82, 2.25, 1.43, 2.43, 5.42, 7.07, 9.93], [9.97, 3.97, 5.79, 8.9, 4.27, 7.39, 5.81]]",5.0,7.96,66,"[0.28, 0.28, 0.19, 0.25]","[[0, 14, 13, 12, 11, 10, 9, 8], [0, 1, 2, 3, 4, 5, 7, 6], [0, 15, 18, 19, 22, 23, 26, 27], [0, 16, 17, 20, 21, 24, 25, 28]]",2.994
1316,0.0,5,"[[1.92, 6.77, 0.18, 0.58, 7.09, 4.34, 4.61], [2.63, 2.6, 4.89, 2.52, 8.42, 2.23, 4.37], [6.54, 7.27, 4.71, 3.86, 8.83, 4.81, 5.31], [5.47, 8.91, 3.37, 8.65, 6.85, 1.47, 5.12]]",5.0,7.09,66,"[0.31, 0.2, 0.17, 0.32]","[[0, 1, 2, 3, 4, 5, 6, 7], [0, 0, 12, 0, 11, 10, 9, 8], [0, 13, 14, 0, 17, 19, 22, 23], [0, 16, 15, 0, 18, 20, 21, 24]]",2.994
1317,0.0,5,"[[8.51, 2.86, 5.22, 3.29, 7.8, 7.12, 2.91], [7.85, 5.63, 4.76, 5.73, 4.36, 4.99, 0.21], [1.1, 2.64, 4.86, 7.57, 7.15, 0.31, 2.34], [6.38, 5.91, 3.08, 6.0, 7.58, 3.85, 6.26]]",5.0,7.15,66,"[0.19, 0.32, 0.23, 0.26]","[[0, 1, 2, 3, 4, 5, 6, 7], [0, 14, 13, 12, 11, 10, 9, 8], [0, 15, 16, 19, 20, 23, 24, 0], [0, 0, 17, 18, 21, 22, 25, 0]]",2.994
1318,0.0,5,"[[7.04, 7.27, 1.99, 4.87, 6.53, 6.34, 1.47], [5.29, 2.16, 9.06, 4.67, 7.92, 5.41, 7.56], [6.95, 5.35, 1.7, 4.81, 6.84, 1.21, 8.92], [6.63, 5.53, 4.35, 1.42, 5.69, 5.92, 4.12]]",5.0,7.92,66,"[0.07, 0.87, 0.03, 0.03]","[[0, 8, 9, 10, 11, 18, 0, 0], [0, 1, 2, 3, 4, 5, 6, 7], [0, 12, 0, 0, 14, 16, 0, 0], [0, 13, 0, 0, 15, 17, 0, 0]]",2.994
1319,0.0,2,"[[0.72, 5.25, 9.97, 4.85, 8.58, 2.57, 9.15], [5.48, 9.36, 2.36, 9.25, 3.72, 4.76, 6.74], [7.14, 7.36, 2.91, 4.13, 7.03, 8.48, 0.38], [5.84, 6.37, 7.56, 3.71, 4.02, 2.93, 0.09]]",5.0,9.36,66,"[0.03, 0.85, 0.06, 0.06]","[[0, 13, 9, 0, 16, 19, 20, 25], [0, 1, 2, 3, 4, 5, 6, 7], [0, 12, 8, 0, 14, 17, 21, 24], [0, 11, 10, 0, 15, 18, 22, 23]]",2.994
1320,0.0,5,"[[7.78, 7.83, 6.34, 3.49, 9.25, 4.1, 8.16], [4.02, 5.78, 4.37, 3.5, 3.65, 5.34, 1.1], [4.29, 1.52, 3.77, 7.63, 3.05, 0.82, 4.95], [8.46, 6.15, 6.73, 3.18, 8.15, 6.29, 5.32]]",5.0,3.05,67,"[0.2, 0.29, 0.22, 0.29]","[[0, 0, 17, 0, 0, 20, 16, 0], [0, 1, 2, 3, 4, 5, 6, 7], [0, 0, 18, 0, 0, 19, 15, 0], [0, 8, 9, 10, 11, 12, 13, 14]]",2.994
1321,0.0,5,"[[8.51, 2.86, 5.22, 3.29, 7.8, 7.12, 2.91], [7.85, 5.63, 4.76, 5.73, 4.36, 4.99, 0.21], [1.1, 2.64, 4.86, 7.57, 7.15, 0.31, 2.34], [6.38, 5.91, 3.08, 6.0, 7.58, 3.85, 6.26]]",5.0,7.15,67,"[0.19, 0.32, 0.23, 0.26]","[[0, 4, 22, 21, 23, 24, 25, 27], [0, 3, 5, 9, 10, 13, 12, 11], [0, 2, 6, 20, 19, 14, 15, 26], [0, 1, 7, 8, 18, 17, 16, 28]]",2.994
1322,0.0,7,"[[7.29, 4.26, 4.93, 3.96, 3.34, 8.54, 6.49], [0.79, 3.44, 2.71, 8.71, 2.86, 7.09, 3.94], [9.61, 8.74, 7.3, 3.82, 1.83, 1.17, 5.37], [2.04, 1.98, 8.39, 1.63, 1.8, 1.97, 7.71]]",5.0,5.37,67,"[0.21, 0.28, 0.29, 0.22]","[[0, 4, 5, 12, 13, 20, 21, 28], [0, 2, 6, 11, 14, 19, 22, 27], [0, 3, 7, 10, 15, 18, 23, 26], [0, 1, 8, 9, 16, 17, 24, 25]]",2.994
1323,0.0,7,"[[8.39, 1.9, 3.96, 5.78, 2.24, 5.8, 4.1], [0.94, 5.02, 2.49, 5.54, 6.54, 4.33, 9.65], [7.94, 7.8, 4.1, 9.82, 1.59, 4.84, 8.58], [8.96, 7.49, 1.94, 3.92, 0.76, 2.82, 6.17]]",5.0,9.65,67,"[0.11, 0.85, 0.02, 0.02]","[[0, 4, 8, 9, 16, 17, 24, 25], [0, 3, 5, 10, 15, 18, 23, 26], [0, 2, 6, 11, 14, 19, 22, 27], [0, 1, 7, 12, 13, 20, 21, 28]]",2.994
1324,0.0,3,"[[9.88, 3.37, 6.84, 6.02, 5.72, 2.47, 6.83], [4.66, 3.57, 1.89, 8.02, 4.52, 4.58, 0.56], [5.57, 8.71, 8.98, 7.3, 1.41, 5.09, 6.3], [2.79, 3.58, 9.87, 3.61, 3.51, 7.13, 2.78]]",5.0,9.87,67,"[0.02, 0.05, 0.05, 0.88]","[[0, 4, 8, 9, 16, 17, 23, 28], [0, 3, 7, 10, 15, 18, 24, 27], [0, 2, 6, 11, 14, 19, 22, 26], [0, 1, 5, 12, 13, 20, 21, 25]]",2.994
1325,0.0,6,"[[7.11, 5.78, 4.85, 4.33, 7.33, 7.89, 5.26], [5.95, 7.87, 3.44, 7.0, 6.97, 5.22, 6.26], [3.72, 9.35, 7.04, 6.38, 7.42, 6.47, 5.89], [5.94, 4.84, 1.39, 4.52, 3.41, 2.82, 3.73]]",5.0,6.47,67,"[0.33, 0.2, 0.24, 0.23]","[[0, 4, 5, 10, 16, 17, 24, 28], [0, 3, 6, 11, 15, 18, 23, 25], [0, 2, 9, 12, 14, 19, 22, 26], [0, 1, 7, 8, 13, 20, 21, 27]]",2.994
1326,0.0,1,"[[7.17, 3.46, 5.58, 3.93, 3.7, 2.49, 5.53], [9.77, 5.93, 5.47, 2.25, 8.04, 7.17, 0.39], [7.48, 1.53, 5.91, 7.74, 1.59, 6.73, 3.86], [5.1, 6.8, 2.11, 7.09, 7.57, 6.62, 8.34]]",5.0,7.17,67,"[0.88, 0.05, 0.05, 0.02]","[[0, 4, 6, 12, 13, 17, 21, 25], [0, 3, 5, 11, 14, 18, 24, 26], [0, 2, 7, 10, 16, 19, 22, 27], [0, 1, 8, 9, 15, 20, 23, 28]]",2.994
1327,0.0,5,"[[5.77, 3.99, 6.61, 4.81, 8.16, 4.87, 2.84], [5.38, 5.12, 5.88, 4.67, 7.45, 7.64, 1.41], [2.86, 1.79, 4.9, 7.89, 6.3, 3.05, 5.2], [5.28, 6.58, 1.34, 2.2, 4.69, 6.92, 5.01]]",5.0,4.69,67,"[0.34, 0.23, 0.11, 0.32]","[[0, 1, 8, 9, 16, 17, 24, 25], [0, 2, 7, 10, 15, 18, 23, 26], [0, 3, 6, 11, 14, 19, 22, 27], [0, 4, 5, 12, 13, 20, 21, 28]]",2.994
1328,0.0,5,"[[0.95, 2.78, 3.25, 5.38, 7.09, 3.77, 4.83], [7.13, 8.96, 5.39, 2.27, 8.34, 7.96, 4.55], [9.77, 5.61, 8.97, 8.09, 6.52, 2.37, 9.08], [8.52, 1.84, 1.06, 3.62, 0.7, 3.27, 0.14]]",5.0,7.09,67,"[0.85, 0.07, 0.07, 0.01]","[[0, 4, 5, 9, 13, 20, 21, 22], [0, 3, 6, 10, 14, 19, 24, 23], [0, 2, 7, 11, 16, 17, 25, 26], [0, 1, 8, 12, 15, 18, 28, 27]]",2.994
1329,0.0,6,"[[5.93, 4.61, 6.44, 6.58, 0.77, 6.66, 0.58], [1.24, 4.91, 5.63, 0.45, 3.38, 4.94, 3.12], [7.83, 1.4, 2.04, 7.87, 6.09, 6.31, 5.4], [6.34, 6.33, 4.75, 6.81, 8.3, 6.3, 9.27]]",5.0,6.31,67,"[0.01, 0.1, 0.87, 0.02]","[[0, 1, 8, 9, 16, 20, 21, 25], [0, 2, 7, 10, 15, 17, 24, 26], [0, 3, 6, 11, 14, 18, 22, 28], [0, 4, 5, 12, 13, 19, 23, 27]]",2.994
1330,0.0,1,"[[0.06, 0.1, 0.22, 0.17, 0.09, 0.03, 0.08], [0.24, 0.07, 0.1, 0.11, 0.11, 0.15, 0.16], [0.04, 0.05, 0.2, 0.13, 0.03, 0.1, 0.19], [0.2, 0.09, 0.17, 0.15, 0.2, 0.1, 0.15]]",0.13,0.2,67,"[0.01, 0.1, 0.04, 0.85]","[[0, 1, 8, 9, 16, 17, 24, 25], [0, 2, 7, 10, 13, 18, 22, 26], [0, 3, 6, 11, 14, 19, 23, 27], [0, 5, 4, 12, 15, 20, 21, 28]]",0.072
1331,0.0,7,"[[0.06, 0.22, 0.11, 0.12, 0.13, 0.09, 0.18], [0.2, 0.17, 0.05, 0.09, 0.17, 0.16, 0.24], [0.14, 0.03, 0.23, 0.14, 0.04, 0.13, 0.18], [0.16, 0.1, 0.17, 0.16, 0.14, 0.04, 0.05]]",0.13,0.18,67,"[0.87, 0.02, 0.1, 0.01]","[[0, 4, 5, 11, 16, 17, 21, 28], [0, 3, 6, 10, 15, 20, 22, 27], [0, 2, 7, 9, 14, 18, 23, 26], [0, 1, 8, 12, 13, 19, 24, 25]]",0.072
1332,0.0,7,"[[0.19, 0.11, 0.24, 0.23, 0.21, 0.14, 0.16], [0.12, 0.1, 0.02, 0.19, 0.1, 0.08, 0.14], [0.05, 0.21, 0.07, 0.2, 0.09, 0.02, 0.23], [0.09, 0.04, 0.09, 0.14, 0.18, 0.2, 0.23]]",0.13,0.23,67,"[0.03, 0.01, 0.92, 0.04]","[[0, 1, 10, 11, 16, 17, 24, 25], [0, 2, 9, 12, 15, 18, 23, 26], [0, 3, 5, 7, 6, 20, 21, 27], [0, 4, 8, 13, 14, 19, 22, 28]]",0.072
1333,0.0,1,"[[0.14, 0.07, 0.05, 0.18, 0.03, 0.01, 0.18], [0.19, 0.23, 0.07, 0.1, 0.08, 0.19, 0.2], [0.17, 0.24, 0.03, 0.21, 0.19, 0.07, 0.21], [0.14, 0.09, 0.21, 0.08, 0.19, 0.05, 0.09]]",0.13,0.14,67,"[0.15, 0.26, 0.26, 0.33]","[[0, 4, 5, 12, 13, 20, 24, 25], [0, 3, 6, 11, 15, 19, 23, 26], [0, 2, 7, 10, 16, 17, 21, 27], [0, 1, 8, 9, 14, 18, 22, 28]]",0.072
1334,0.0,6,"[[0.07, 0.07, 0.17, 0.05, 0.08, 0.18, 0.15], [0.19, 0.17, 0.06, 0.13, 0.2, 0.13, 0.2], [0.08, 0.18, 0.04, 0.21, 0.15, 0.15, 0.18], [0.06, 0.08, 0.09, 0.02, 0.12, 0.19, 0.09]]",0.13,0.18,67,"[0.31, 0.27, 0.19, 0.23]","[[0, 4, 5, 8, 13, 17, 21, 25], [0, 3, 6, 9, 14, 18, 22, 26], [0, 2, 11, 12, 15, 19, 23, 27], [0, 1, 7, 10, 16, 20, 24, 28]]",0.072
1335,0.0,1,"[[0.23, 0.06, 0.08, 0.13, 0.11, 0.05, 0.11], [0.17, 0.17, 0.17, 0.13, 0.09, 0.2, 0.07], [0.21, 0.11, 0.17, 0.05, 0.13, 0.11, 0.17], [0.16, 0.02, 0.2, 0.19, 0.23, 0.13, 0.13]]",0.13,0.16,67,"[0.24, 0.22, 0.21, 0.33]","[[0, 3, 5, 11, 16, 17, 24, 25], [0, 4, 6, 10, 15, 18, 23, 26], [0, 2, 7, 9, 14, 19, 22, 27], [0, 1, 8, 12, 13, 20, 21, 28]]",0.072
1336,0.0,3,"[[0.02, 0.1, 0.05, 0.19, 0.09, 0.05, 0.06], [0.03, 0.12, 0.22, 0.08, 0.02, 0.07, 0.12], [0.18, 0.19, 0.1, 0.18, 0.18, 0.13, 0.15], [0.08, 0.17, 0.23, 0.11, 0.13, 0.16, 0.07]]",0.13,0.23,67,"[0.06, 0.06, 0.03, 0.85]","[[0, 4, 5, 16, 19, 22, 23, 28], [0, 3, 6, 15, 17, 20, 24, 27], [0, 2, 7, 14, 18, 21, 25, 26], [0, 1, 8, 9, 13, 10, 11, 12]]",0.072
1337,0.0,7,"[[0.2, 0.14, 0.16, 0.12, 0.21, 0.18, 0.23], [0.06, 0.09, 0.16, 0.16, 0.14, 0.12, 0.15], [0.23, 0.08, 0.17, 0.11, 0.04, 0.14, 0.15], [0.06, 0.12, 0.16, 0.23, 0.08, 0.11, 0.15]]",0.13,0.15,67,"[0.33, 0.18, 0.11, 0.38]","[[0, 3, 6, 28, 25, 26, 27, 24], [0, 2, 7, 19, 20, 21, 22, 23], [0, 4, 5, 18, 17, 16, 15, 14], [0, 1, 8, 9, 10, 11, 12, 13]]",0.072
1338,0.0,3,"[[0.12, 0.17, 0.14, 0.13, 0.11, 0.07, 0.23], [0.21, 0.03, 0.18, 0.17, 0.22, 0.07, 0.12], [0.06, 0.15, 0.14, 0.1, 0.11, 0.15, 0.22], [0.13, 0.03, 0.18, 0.17, 0.07, 0.25, 0.1]]",0.13,0.14,67,"[0.39, 0.18, 0.15, 0.28]","[[0, 4, 5, 12, 13, 17, 21, 28], [0, 3, 6, 11, 14, 20, 22, 27], [0, 2, 7, 10, 16, 18, 23, 26], [0, 1, 8, 9, 15, 19, 24, 25]]",0.072
1339,0.0,5,"[[0.19, 0.09, 0.13, 0.2, 0.03, 0.17, 0.2], [0.08, 0.14, 0.18, 0.15, 0.19, 0.11, 0.07], [0.15, 0.06, 0.07, 0.11, 0.19, 0.02, 0.14], [0.12, 0.04, 0.06, 0.04, 0.06, 0.19, 0.09]]",0.13,0.19,67,"[0.02, 0.85, 0.05, 0.08]","[[0, 3, 5, 9, 13, 20, 21, 28], [0, 4, 6, 12, 15, 19, 22, 27], [0, 2, 8, 10, 14, 18, 23, 26], [0, 1, 7, 11, 16, 17, 24, 25]]",0.072
1340,0.01,2,"[[0.14, 0.16, 0.16, 0.21, 0.14, 0.04, 0.08], [0.06, 0.2, 0.17, 0.04, 0.15, 0.07, 0.15], [0.13, 0.19, 0.14, 0.02, 0.08, 0.23, 0.1], [0.15, 0.03, 0.13, 0.07, 0.13, 0.07, 0.19]]",0.13,0.03,68,"[0.26, 0.28, 0.24, 0.22]","[[0, 1, 18, 19, 21, 23, 25, 27], [0, 2, 5, 6, 7, 8, 9, 10], [0, 4, 12, 13, 14, 15, 16, 17], [0, 3, 11, 20, 22, 24, 26, 0]]",0.072
1341,0.01,2,"[[0.01, 0.19, 0.1, 0.03, 0.13, 0.15, 0.13], [0.17, 0.18, 0.07, 0.17, 0.17, 0.12, 0.12], [0.11, 0.17, 0.18, 0.22, 0.08, 0.06, 0.07], [0.12, 0.02, 0.07, 0.16, 0.17, 0.14, 0.04]]",0.13,0.19,68,"[0.3, 0.29, 0.13, 0.28]","[[0, 1, 2, 3, 0, 0, 0, 0], [0, 0, 4, 0, 0, 0, 0, 0], [0, 0, 5, 0, 0, 0, 0, 0], [0, 0, 6, 0, 0, 0, 0, 0]]",0.072
1342,0.01,5,"[[0.19, 0.09, 0.13, 0.2, 0.03, 0.17, 0.2], [0.08, 0.14, 0.18, 0.15, 0.19, 0.11, 0.07], [0.15, 0.06, 0.07, 0.11, 0.19, 0.02, 0.14], [0.12, 0.04, 0.06, 0.04, 0.06, 0.19, 0.09]]",0.13,0.19,68,"[0.02, 0.85, 0.05, 0.08]","[[0, 0, 0, 0, 0, 0, 0, 0], [0, 1, 2, 3, 4, 5, 6, 7], [0, 0, 0, 0, 0, 0, 0, 0], [0, 0, 0, 0, 0, 0, 0, 0]]",0.072
1343,0.01,3,"[[0.16, 0.11, 0.08, 0.09, 0.11, 0.11, 0.06], [0.14, 0.14, 0.15, 0.18, 0.2, 0.23, 0.09], [0.09, 0.18, 0.2, 0.13, 0.05, 0.16, 0.07], [0.08, 0.02, 0.16, 0.15, 0.1, 0.09, 0.12]]",0.13,0.2,68,"[0.08, 0.02, 0.89, 0.01]","[[0, 0, 0, 0, 0, 0, 0, 0], [0, 0, 0, 0, 0, 0, 0, 0], [0, 1, 2, 3, 4, 5, 6, 7], [0, 0, 0, 0, 0, 0, 0, 0]]",0.072
1344,0.01,6,"[[0.14, 0.12, 0.08, 0.02, 0.14, 0.19, 0.09], [0.2, 0.01, 0.13, 0.03, 0.11, 0.06, 0.23], [0.19, 0.12, 0.16, 0.15, 0.16, 0.07, 0.21], [0.09, 0.14, 0.24, 0.12, 0.1, 0.2, 0.16]]",0.13,0.19,68,"[0.36, 0.17, 0.12, 0.35]","[[0, 1, 3, 5, 6, 7, 8, 9], [0, 0, 0, 0, 0, 0, 11, 0], [0, 0, 0, 0, 0, 0, 12, 0], [0, 2, 4, 0, 0, 0, 10, 0]]",0.072
1345,0.01,1,"[[0.06, 0.1, 0.22, 0.17, 0.09, 0.03, 0.08], [0.24, 0.07, 0.1, 0.11, 0.11, 0.15, 0.16], [0.04, 0.05, 0.2, 0.13, 0.03, 0.1, 0.19], [0.2, 0.09, 0.17, 0.15, 0.2, 0.1, 0.15]]",0.13,0.04,68,"[0.01, 0.1, 0.04, 0.85]","[[0, 0, 0, 0, 0, 0, 0, 0], [0, 9, 0, 0, 0, 8, 0, 0], [0, 0, 0, 0, 0, 0, 0, 0], [0, 1, 2, 3, 4, 5, 6, 7]]",0.072
1346,0.01,2,"[[0.15, 0.2, 0.21, 0.14, 0.15, 0.21, 0.2], [0.1, 0.12, 0.15, 0.05, 0.19, 0.19, 0.19], [0.2, 0.18, 0.22, 0.07, 0.23, 0.17, 0.15], [0.25, 0.17, 0.14, 0.07, 0.06, 0.14, 0.21]]",0.13,0.17,68,"[0.33, 0.32, 0.13, 0.22]","[[0, 1, 2, 0, 0, 0, 0, 0], [0, 0, 3, 0, 0, 0, 0, 0], [0, 0, 5, 0, 0, 0, 0, 0], [0, 0, 4, 0, 0, 0, 0, 0]]",0.072
1347,0.01,2,"[[0.07, 0.16, 0.11, 0.2, 0.2, 0.19, 0.16], [0.15, 0.22, 0.24, 0.17, 0.18, 0.12, 0.12], [0.11, 0.16, 0.11, 0.12, 0.21, 0.06, 0.16], [0.17, 0.22, 0.15, 0.11, 0.24, 0.11, 0.17]]",0.13,0.16,68,"[0.09, 0.03, 0.01, 0.87]","[[0, 0, 3, 0, 0, 0, 0, 0], [0, 0, 0, 0, 0, 0, 0, 0], [0, 0, 0, 0, 0, 0, 0, 0], [0, 1, 2, 0, 0, 0, 0, 0]]",0.072
1348,0.01,1,"[[0.22, 0.12, 0.18, 0.2, 0.04, 0.04, 0.16], [0.19, 0.18, 0.17, 0.17, 0.18, 0.2, 0.15], [0.03, 0.13, 0.18, 0.12, 0.17, 0.16, 0.08], [0.21, 0.09, 0.16, 0.11, 0.25, 0.1, 0.16]]",0.13,0.22,68,"[0.34, 0.12, 0.22, 0.32]","[[0, 1, 5, 6, 7, 9, 10, 11], [0, 4, 0, 0, 0, 0, 0, 0], [0, 3, 0, 0, 0, 0, 0, 13], [0, 2, 0, 0, 8, 0, 0, 12]]",0.072
1349,0.01,3,"[[0.12, 0.04, 0.15, 0.03, 0.12, 0.21, 0.16], [0.15, 0.15, 0.1, 0.11, 0.22, 0.11, 0.06], [0.06, 0.07, 0.19, 0.11, 0.05, 0.07, 0.16], [0.05, 0.12, 0.14, 0.09, 0.12, 0.13, 0.02]]",0.13,0.19,68,"[0.04, 0.05, 0.89, 0.02]","[[0, 0, 0, 0, 0, 0, 0, 0], [0, 0, 0, 0, 0, 0, 0, 0], [0, 1, 2, 3, 4, 5, 6, 7], [0, 0, 0, 0, 0, 0, 0, 0]]",0.072
1350,0.01,1,"[[7.78, 7.83, 6.34, 3.49, 9.25, 4.1, 8.16], [4.02, 5.78, 4.37, 3.5, 3.65, 5.34, 1.1], [4.29, 1.52, 3.77, 7.63, 3.05, 0.82, 4.95], [8.46, 6.15, 6.73, 3.18, 8.15, 6.29, 5.32]]",5.0,7.78,68,"[0.2, 0.29, 0.22, 0.29]","[[0, 0, 0, 0, 0, 0, 0, 0], [0, 1, 3, 5, 8, 9, 12, 13], [0, 0, 0, 0, 0, 0, 0, 0], [0, 2, 4, 6, 7, 10, 11, 14]]",2.994
1351,0.01,4,"[[6.26, 0.19, 5.42, 8.23, 3.15, 1.79, 3.82], [4.19, 3.39, 2.75, 9.2, 5.7, 3.44, 3.56], [5.45, 5.72, 8.61, 4.63, 8.16, 8.36, 7.19], [3.14, 2.27, 7.83, 9.11, 0.69, 3.38, 9.35]]",5.0,8.23,68,"[0.1, 0.01, 0.01, 0.88]","[[0, 0, 0, 0, 9, 0, 0, 8], [0, 0, 0, 0, 0, 0, 0, 0], [0, 0, 0, 0, 0, 0, 0, 0], [0, 1, 2, 3, 4, 5, 6, 7]]",2.994
1352,0.01,1,"[[8.51, 2.86, 5.22, 3.29, 7.8, 7.12, 2.91], [7.85, 5.63, 4.76, 5.73, 4.36, 4.99, 0.21], [1.1, 2.64, 4.86, 7.57, 7.15, 0.31, 2.34], [6.38, 5.91, 3.08, 6.0, 7.58, 3.85, 6.26]]",5.0,6.38,68,"[0.19, 0.32, 0.23, 0.26]","[[0, 10, 13, 0, 0, 0, 0, 0], [0, 1, 2, 3, 4, 5, 6, 7], [0, 8, 11, 0, 0, 0, 0, 0], [0, 9, 12, 0, 0, 0, 0, 0]]",2.994
1353,0.01,6,"[[8.02, 3.92, 3.11, 4.49, 4.13, 7.86, 3.71], [5.5, 3.12, 4.78, 4.63, 5.83, 9.55, 5.01], [6.87, 6.07, 1.32, 5.58, 8.22, 5.74, 5.54], [4.62, 3.36, 5.75, 5.59, 2.34, 1.7, 6.64]]",5.0,9.55,68,"[0.25, 0.27, 0.24, 0.24]","[[0, 0, 0, 0, 0, 0, 8, 0], [0, 1, 2, 3, 4, 5, 6, 7], [0, 0, 0, 0, 0, 0, 10, 0], [0, 0, 0, 0, 0, 0, 9, 0]]",2.994
1354,0.01,1,"[[3.54, 3.18, 6.26, 3.39, 3.52, 5.47, 1.42], [3.13, 1.91, 7.14, 3.81, 4.58, 6.9, 8.39], [7.48, 1.27, 5.41, 7.63, 6.12, 1.81, 6.34], [6.09, 3.7, 4.25, 4.91, 0.8, 7.46, 7.59]]",5.0,7.48,68,"[0.04, 0.07, 0.88, 0.01]","[[0, 11, 0, 0, 0, 10, 0, 0], [0, 8, 0, 0, 0, 9, 0, 0], [0, 1, 2, 3, 4, 5, 6, 7], [0, 12, 0, 0, 0, 13, 0, 0]]",2.994
1355,0.01,3,"[[7.04, 7.27, 1.99, 4.87, 6.53, 6.34, 1.47], [5.29, 2.16, 9.06, 4.67, 7.92, 5.41, 7.56], [6.95, 5.35, 1.7, 4.81, 6.84, 1.21, 8.92], [6.63, 5.53, 4.35, 1.42, 5.69, 5.92, 4.12]]",5.0,1.99,68,"[0.07, 0.87, 0.03, 0.03]","[[0, 0, 0, 8, 0, 9, 0, 0], [0, 1, 2, 3, 4, 5, 6, 7], [0, 0, 0, 0, 0, 0, 0, 0], [0, 0, 0, 0, 0, 0, 0, 0]]",2.994
1356,0.01,3,"[[9.88, 3.37, 6.84, 6.02, 5.72, 2.47, 6.83], [4.66, 3.57, 1.89, 8.02, 4.52, 4.58, 0.56], [5.57, 8.71, 8.98, 7.3, 1.41, 5.09, 6.3], [2.79, 3.58, 9.87, 3.61, 3.51, 7.13, 2.78]]",5.0,8.98,68,"[0.02, 0.05, 0.05, 0.88]","[[0, 0, 0, 10, 0, 0, 0, 0], [0, 0, 0, 9, 0, 0, 0, 0], [0, 0, 0, 8, 0, 0, 0, 0], [0, 1, 2, 3, 4, 5, 6, 7]]",2.994
1357,0.01,2,"[[3.89, 7.03, 1.42, 3.85, 5.57, 3.85, 2.09], [1.42, 3.42, 3.49, 1.78, 8.76, 8.52, 6.88], [3.98, 7.53, 6.94, 2.68, 5.16, 4.6, 0.82], [7.43, 7.31, 6.36, 5.75, 9.0, 9.88, 3.78]]",5.0,7.03,68,"[0.86, 0.01, 0.02, 0.11]","[[0, 1, 2, 3, 4, 5, 6, 7], [0, 0, 0, 0, 0, 0, 0, 0], [0, 0, 0, 0, 0, 0, 0, 0], [0, 0, 8, 0, 0, 0, 0, 0]]",2.994
1358,0.01,6,"[[7.11, 5.78, 4.85, 4.33, 7.33, 7.89, 5.26], [5.95, 7.87, 3.44, 7.0, 6.97, 5.22, 6.26], [3.72, 9.35, 7.04, 6.38, 7.42, 6.47, 5.89], [5.94, 4.84, 1.39, 4.52, 3.41, 2.82, 3.73]]",5.0,7.89,68,"[0.33, 0.2, 0.24, 0.23]","[[0, 1, 2, 3, 4, 5, 6, 7], [0, 0, 0, 0, 0, 0, 10, 0], [0, 0, 0, 0, 0, 0, 9, 0], [0, 0, 0, 0, 0, 0, 8, 0]]",2.994
1359,0.01,4,"[[6.2, 4.19, 3.44, 8.27, 6.51, 4.65, 4.01], [2.89, 4.13, 4.82, 8.89, 9.25, 0.96, 6.04], [8.8, 2.84, 4.5, 4.81, 3.19, 0.46, 7.31], [5.12, 1.87, 1.91, 7.0, 2.08, 5.06, 2.86]]",5.0,8.27,68,"[0.15, 0.21, 0.3, 0.34]","[[0, 12, 0, 0, 10, 0, 0, 0], [0, 13, 0, 0, 9, 0, 0, 0], [0, 11, 0, 0, 8, 0, 0, 0], [0, 1, 2, 3, 4, 5, 6, 7]]",2.994
1360,0.0,1,"[[0.14, 0.07, 0.05, 0.18, 0.03, 0.01, 0.18], [0.19, 0.23, 0.07, 0.1, 0.08, 0.19, 0.2], [0.17, 0.24, 0.03, 0.21, 0.19, 0.07, 0.21], [0.14, 0.09, 0.21, 0.08, 0.19, 0.05, 0.09]]",0.13,0.14,69,"[0.15, 0.26, 0.26, 0.33]","[[0, 0, 0, 0, 0, 4, 0, 8], [0, 5, 0, 0, 1, 0, 0, 0], [0, 0, 0, 7, 0, 0, 0, 3], [0, 0, 2, 0, 0, 0, 6, 0]]",0.072
1361,0.0,2,"[[0.15, 0.17, 0.12, 0.06, 0.06, 0.22, 0.15], [0.19, 0.17, 0.21, 0.18, 0.06, 0.19, 0.04], [0.07, 0.13, 0.08, 0.09, 0.18, 0.11, 0.12], [0.16, 0.1, 0.02, 0.11, 0.21, 0.13, 0.19]]",0.13,0.1,69,"[0.09, 0.05, 0.01, 0.85]","[[0, 0, 0, 2, 0, 0, 0, 0], [0, 0, 0, 0, 6, 0, 7, 0], [0, 0, 0, 8, 0, 0, 0, 0], [0, 0, 3, 0, 5, 4, 0, 1]]",0.072
1362,0.0,3,"[[0.14, 0.12, 0.08, 0.02, 0.14, 0.19, 0.09], [0.2, 0.01, 0.13, 0.03, 0.11, 0.06, 0.23], [0.19, 0.12, 0.16, 0.15, 0.16, 0.07, 0.21], [0.09, 0.14, 0.24, 0.12, 0.1, 0.2, 0.16]]",0.13,0.08,69,"[0.36, 0.17, 0.12, 0.35]","[[0, 6, 4, 2, 11, 12, 13, 14], [0, 0, 15, 0, 0, 17, 0, 0], [0, 0, 0, 16, 0, 0, 18, 0], [0, 5, 3, 1, 7, 8, 9, 10]]",0.072
1363,0.0,5,"[[0.22, 0.12, 0.18, 0.2, 0.04, 0.04, 0.16], [0.19, 0.18, 0.17, 0.17, 0.18, 0.2, 0.15], [0.03, 0.13, 0.18, 0.12, 0.17, 0.16, 0.08], [0.21, 0.09, 0.16, 0.11, 0.25, 0.1, 0.16]]",0.13,0.25,69,"[0.34, 0.12, 0.22, 0.32]","[[0, 8, 9, 10, 11, 12, 13, 14], [0, 0, 19, 21, 20, 22, 0, 0], [0, 0, 15, 18, 0, 16, 0, 17], [0, 1, 2, 3, 4, 5, 6, 7]]",0.072
1364,0.0,7,"[[0.17, 0.04, 0.18, 0.09, 0.04, 0.16, 0.22], [0.22, 0.14, 0.04, 0.11, 0.04, 0.23, 0.13], [0.09, 0.1, 0.01, 0.06, 0.15, 0.17, 0.05], [0.04, 0.06, 0.1, 0.03, 0.1, 0.03, 0.15]]",0.13,0.15,69,"[0.35, 0.15, 0.13, 0.37]","[[0, 1, 2, 5, 7, 9, 13, 16], [0, 0, 0, 12, 0, 0, 0, 17], [0, 0, 0, 11, 0, 0, 0, 18], [0, 3, 4, 6, 8, 10, 14, 15]]",0.072
1365,0.0,1,"[[0.14, 0.15, 0.11, 0.2, 0.03, 0.13, 0.04], [0.03, 0.07, 0.1, 0.21, 0.1, 0.13, 0.08], [0.14, 0.03, 0.06, 0.05, 0.15, 0.08, 0.09], [0.13, 0.08, 0.16, 0.01, 0.21, 0.09, 0.05]]",0.13,0.14,69,"[0.06, 0.03, 0.86, 0.05]","[[0, 12, 0, 0, 0, 11, 0, 0], [0, 8, 0, 0, 0, 9, 0, 0], [0, 1, 2, 3, 4, 5, 6, 7], [0, 13, 0, 0, 0, 10, 0, 0]]",0.072
1366,0.0,2,"[[0.05, 0.17, 0.08, 0.07, 0.16, 0.13, 0.05], [0.1, 0.16, 0.24, 0.2, 0.19, 0.19, 0.23], [0.18, 0.13, 0.06, 0.19, 0.17, 0.21, 0.13], [0.16, 0.18, 0.2, 0.12, 0.19, 0.08, 0.19]]",0.13,0.16,69,"[0.85, 0.1, 0.02, 0.03]","[[0, 1, 2, 3, 4, 5, 6, 7], [0, 0, 11, 0, 0, 8, 0, 0], [0, 0, 12, 0, 0, 9, 0, 0], [0, 0, 13, 0, 0, 10, 0, 0]]",0.072
1367,0.0,2,"[[0.16, 0.14, 0.08, 0.14, 0.11, 0.13, 0.09], [0.19, 0.11, 0.19, 0.08, 0.11, 0.19, 0.13], [0.21, 0.23, 0.11, 0.11, 0.1, 0.18, 0.03], [0.04, 0.14, 0.12, 0.13, 0.05, 0.04, 0.05]]",0.13,0.14,69,"[0.31, 0.22, 0.18, 0.29]","[[0, 9, 11, 13, 0, 0, 0, 0], [0, 8, 10, 12, 0, 0, 0, 0], [0, 0, 14, 0, 0, 0, 0, 0], [0, 1, 2, 3, 4, 5, 6, 7]]",0.072
1368,0.0,2,"[[0.02, 0.18, 0.09, 0.13, 0.07, 0.12, 0.08], [0.15, 0.12, 0.24, 0.14, 0.1, 0.01, 0.14], [0.2, 0.14, 0.24, 0.13, 0.22, 0.23, 0.18], [0.11, 0.21, 0.18, 0.07, 0.12, 0.14, 0.14]]",0.13,0.21,69,"[0.85, 0.02, 0.03, 0.1]","[[0, 1, 2, 3, 4, 5, 6, 7], [0, 0, 11, 0, 0, 0, 10, 0], [0, 0, 12, 0, 0, 0, 9, 0], [0, 0, 13, 0, 0, 0, 8, 0]]",0.072
1369,0.0,3,"[[0.02, 0.1, 0.05, 0.19, 0.09, 0.05, 0.06], [0.03, 0.12, 0.22, 0.08, 0.02, 0.07, 0.12], [0.18, 0.19, 0.1, 0.18, 0.18, 0.13, 0.15], [0.08, 0.17, 0.23, 0.11, 0.13, 0.16, 0.07]]",0.13,0.23,69,"[0.06, 0.06, 0.03, 0.85]","[[0, 0, 0, 13, 0, 0, 10, 0], [0, 0, 0, 12, 0, 0, 9, 0], [0, 0, 0, 11, 0, 0, 8, 0], [0, 1, 2, 3, 4, 5, 6, 7]]",0.072
1370,0.0,4,"[[3.74, 4.35, 1.03, 5.02, 2.48, 7.72, 3.91], [9.52, 3.82, 4.46, 2.55, 5.65, 6.25, 0.76], [2.96, 5.49, 2.32, 7.63, 0.35, 8.21, 6.51], [4.09, 2.1, 9.56, 8.08, 0.89, 1.16, 4.1]]",5.0,8.08,69,"[0.04, 0.08, 0.02, 0.86]","[[0, 0, 0, 10, 13, 0, 0, 0], [0, 0, 0, 9, 12, 0, 0, 0], [0, 0, 0, 8, 11, 0, 0, 0], [0, 1, 2, 3, 4, 5, 6, 7]]",2.994
1371,0.0,5,"[[6.19, 1.85, 1.16, 4.28, 2.66, 3.25, 7.93], [4.16, 3.03, 5.34, 3.93, 5.82, 4.05, 2.14], [6.53, 8.89, 6.73, 7.28, 2.75, 0.6, 4.09], [4.95, 6.55, 6.81, 6.9, 1.07, 2.2, 5.26]]",5.0,5.82,69,"[0.03, 0.86, 0.04, 0.07]","[[0, 11, 0, 14, 0, 10, 0, 0], [0, 1, 2, 3, 4, 5, 6, 7], [0, 12, 0, 15, 0, 9, 0, 0], [0, 13, 0, 16, 0, 8, 0, 0]]",2.994
1372,0.0,6,"[[3.4, 2.14, 9.33, 2.59, 4.55, 1.09, 2.85], [2.69, 7.17, 4.91, 8.03, 6.07, 6.49, 2.28], [2.24, 5.15, 4.83, 2.39, 2.78, 7.43, 5.61], [3.01, 5.69, 6.66, 3.22, 3.6, 8.48, 3.28]]",5.0,7.43,69,"[0.07, 0.01, 0.9, 0.02]","[[0, 0, 16, 0, 0, 0, 9, 13], [0, 0, 15, 0, 0, 0, 8, 12], [0, 1, 2, 3, 4, 5, 6, 7], [0, 0, 14, 0, 0, 0, 10, 11]]",2.994
1373,0.0,4,"[[7.74, 3.22, 6.43, 3.71, 7.81, 4.87, 5.0], [6.79, 7.24, 2.38, 4.86, 3.87, 6.17, 4.92], [3.15, 9.58, 2.44, 5.2, 8.45, 2.58, 2.29], [4.2, 1.81, 5.9, 9.47, 8.69, 2.45, 6.94]]",5.0,4.86,69,"[0.15, 0.38, 0.14, 0.33]","[[0, 14, 0, 0, 13, 0, 8, 0], [0, 1, 2, 3, 4, 5, 6, 7], [0, 15, 0, 0, 12, 0, 9, 0], [0, 16, 0, 0, 11, 0, 10, 0]]",2.994
1374,0.0,7,"[[5.71, 4.0, 7.87, 3.26, 8.95, 9.97, 6.35], [4.81, 5.73, 5.74, 5.66, 5.51, 4.81, 7.59], [6.14, 5.62, 3.6, 6.94, 3.42, 3.6, 6.26], [1.09, 4.7, 1.56, 4.05, 2.65, 4.29, 5.33]]",5.0,5.33,69,"[0.02, 0.08, 0.03, 0.87]","[[0, 0, 0, 0, 0, 0, 0, 10], [0, 0, 0, 0, 0, 0, 0, 9], [0, 0, 0, 0, 0, 0, 0, 8], [0, 1, 2, 3, 4, 5, 6, 7]]",2.994
1375,0.0,6,"[[6.18, 4.93, 6.72, 3.3, 6.34, 6.06, 5.41], [7.2, 2.38, 3.93, 9.67, 4.79, 7.96, 3.99], [0.82, 2.25, 1.43, 2.43, 5.42, 7.07, 9.93], [9.97, 3.97, 5.79, 8.9, 4.27, 7.39, 5.81]]",5.0,7.07,69,"[0.28, 0.28, 0.19, 0.25]","[[0, 9, 10, 13, 14, 17, 18, 21], [0, 8, 11, 12, 15, 16, 19, 20], [0, 0, 0, 0, 22, 0, 23, 0], [0, 1, 2, 3, 4, 5, 6, 7]]",2.994
1376,0.0,3,"[[5.28, 9.9, 6.81, 1.61, 2.79, 8.92, 6.09], [3.46, 6.68, 6.44, 3.71, 3.55, 0.25, 8.07], [6.52, 2.17, 8.0, 8.5, 5.35, 1.81, 3.32], [5.89, 1.86, 6.44, 5.29, 3.29, 8.96, 7.12]]",5.0,6.81,69,"[0.23, 0.3, 0.24, 0.23]","[[0, 0, 8, 12, 0, 0, 0, 0], [0, 1, 2, 3, 4, 5, 6, 7], [0, 0, 9, 13, 0, 0, 0, 0], [0, 0, 10, 11, 0, 0, 0, 0]]",2.994
1377,0.0,1,"[[3.54, 3.18, 6.26, 3.39, 3.52, 5.47, 1.42], [3.13, 1.91, 7.14, 3.81, 4.58, 6.9, 8.39], [7.48, 1.27, 5.41, 7.63, 6.12, 1.81, 6.34], [6.09, 3.7, 4.25, 4.91, 0.8, 7.46, 7.59]]",5.0,7.48,69,"[0.04, 0.07, 0.88, 0.01]","[[0, 11, 0, 0, 10, 0, 0, 0], [0, 12, 0, 0, 9, 0, 0, 0], [0, 1, 2, 3, 4, 5, 6, 7], [0, 13, 0, 0, 8, 0, 0, 0]]",2.994
1378,0.0,7,"[[1.89, 1.68, 4.82, 0.64, 6.72, 5.82, 3.47], [2.81, 5.64, 4.93, 5.88, 1.19, 6.58, 2.91], [6.88, 4.96, 4.06, 5.77, 1.03, 4.24, 5.62], [0.22, 1.89, 4.63, 5.2, 4.1, 3.36, 6.44]]",5.0,6.44,69,"[0.25, 0.26, 0.31, 0.18]","[[0, 9, 0, 0, 13, 0, 0, 16], [0, 8, 0, 0, 12, 0, 0, 15], [0, 1, 2, 3, 4, 5, 6, 7], [0, 10, 0, 0, 11, 0, 0, 14]]",2.994
1379,0.0,6,"[[8.02, 3.92, 3.11, 4.49, 4.13, 7.86, 3.71], [5.5, 3.12, 4.78, 4.63, 5.83, 9.55, 5.01], [6.87, 6.07, 1.32, 5.58, 8.22, 5.74, 5.54], [4.62, 3.36, 5.75, 5.59, 2.34, 1.7, 6.64]]",5.0,7.86,69,"[0.25, 0.27, 0.24, 0.24]","[[0, 0, 0, 0, 0, 0, 12, 0], [0, 3, 4, 5, 6, 7, 8, 9], [0, 2, 0, 0, 0, 0, 10, 0], [0, 1, 0, 0, 0, 0, 11, 0]]",2.994
1380,0.0,3,"[[7.29, 4.26, 4.93, 3.96, 3.34, 8.54, 6.49], [0.79, 3.44, 2.71, 8.71, 2.86, 7.09, 3.94], [9.61, 8.74, 7.3, 3.82, 1.83, 1.17, 5.37], [2.04, 1.98, 8.39, 1.63, 1.8, 1.97, 7.71]]",5.0,8.39,70,"[0.21, 0.28, 0.29, 0.22]","[[0, 1, 8, 9, 16, 17, 24, 25], [0, 2, 7, 10, 14, 18, 23, 26], [0, 3, 6, 11, 15, 19, 22, 27], [0, 4, 5, 12, 13, 20, 21, 28]]",2.994
1381,0.0,3,"[[6.19, 1.85, 1.16, 4.28, 2.66, 3.25, 7.93], [4.16, 3.03, 5.34, 3.93, 5.82, 4.05, 2.14], [6.53, 8.89, 6.73, 7.28, 2.75, 0.6, 4.09], [4.95, 6.55, 6.81, 6.9, 1.07, 2.2, 5.26]]",5.0,5.34,70,"[0.03, 0.86, 0.04, 0.07]","[[0, 1, 7, 9, 16, 17, 24, 25], [0, 2, 8, 10, 15, 18, 23, 26], [0, 3, 6, 11, 14, 20, 22, 27], [0, 4, 5, 12, 13, 19, 21, 28]]",2.994
1382,0.0,5,"[[8.51, 2.86, 5.22, 3.29, 7.8, 7.12, 2.91], [7.85, 5.63, 4.76, 5.73, 4.36, 4.99, 0.21], [1.1, 2.64, 4.86, 7.57, 7.15, 0.31, 2.34], [6.38, 5.91, 3.08, 6.0, 7.58, 3.85, 6.26]]",5.0,7.15,70,"[0.19, 0.32, 0.23, 0.26]","[[0, 1, 8, 9, 16, 17, 24, 25], [0, 2, 7, 10, 14, 18, 23, 26], [0, 3, 6, 11, 15, 19, 22, 27], [0, 4, 5, 12, 13, 20, 21, 28]]",2.994
1383,0.0,5,"[[3.95, 8.96, 8.28, 6.18, 7.02, 4.65, 4.21], [7.39, 4.82, 4.44, 1.73, 7.35, 9.66, 2.04], [6.67, 2.62, 2.43, 7.24, 6.32, 7.33, 5.82], [4.75, 4.96, 2.68, 1.71, 6.22, 1.58, 9.11]]",5.0,6.32,70,"[0.25, 0.24, 0.28, 0.23]","[[0, 1, 8, 9, 16, 17, 24, 25], [0, 2, 7, 10, 15, 18, 23, 26], [0, 3, 6, 11, 14, 19, 22, 27], [0, 4, 5, 12, 13, 20, 21, 28]]",2.994
1384,0.0,3,"[[3.25, 0.97, 8.64, 8.18, 2.13, 6.22, 0.77], [5.88, 7.57, 5.25, 3.43, 6.13, 3.52, 3.61], [5.54, 4.65, 8.68, 9.8, 7.31, 3.42, 4.37], [7.14, 2.83, 7.59, 3.91, 6.6, 1.41, 1.96]]",5.0,7.59,70,"[0.06, 0.03, 0.01, 0.9]","[[0, 1, 8, 9, 16, 17, 24, 25], [0, 2, 7, 10, 15, 18, 23, 26], [0, 3, 6, 11, 14, 19, 22, 27], [0, 4, 5, 12, 13, 20, 21, 28]]",2.994
1385,0.0,7,"[[8.39, 1.9, 3.96, 5.78, 2.24, 5.8, 4.1], [0.94, 5.02, 2.49, 5.54, 6.54, 4.33, 9.65], [7.94, 7.8, 4.1, 9.82, 1.59, 4.84, 8.58], [8.96, 7.49, 1.94, 3.92, 0.76, 2.82, 6.17]]",5.0,9.65,70,"[0.11, 0.85, 0.02, 0.02]","[[0, 1, 8, 9, 16, 17, 24, 25], [0, 2, 7, 10, 15, 18, 23, 26], [0, 3, 6, 11, 14, 19, 22, 27], [0, 4, 5, 12, 13, 20, 21, 28]]",2.994
1386,0.0,4,"[[5.63, 2.91, 6.84, 6.5, 2.65, 5.91, 4.09], [5.16, 0.83, 2.41, 5.99, 6.15, 3.67, 6.12], [5.67, 9.08, 3.93, 7.57, 5.62, 2.51, 2.61], [4.59, 1.2, 4.42, 1.16, 8.17, 8.27, 1.11]]",5.0,7.57,70,"[0.14, 0.34, 0.35, 0.17]","[[0, 1, 8, 9, 16, 17, 24, 25], [0, 2, 7, 10, 15, 18, 23, 26], [0, 3, 6, 11, 14, 19, 22, 27], [0, 4, 5, 12, 13, 20, 21, 28]]",2.994
1387,0.0,5,"[[4.41, 7.98, 5.03, 0.94, 6.07, 7.96, 3.08], [7.18, 6.38, 1.11, 4.77, 7.21, 4.82, 4.9], [5.63, 7.2, 7.79, 1.19, 2.56, 6.05, 3.13], [2.67, 2.05, 5.91, 4.15, 9.55, 4.46, 9.22]]",5.0,9.55,70,"[0.04, 0.02, 0.05, 0.89]","[[0, 1, 8, 9, 16, 17, 24, 25], [0, 2, 7, 10, 15, 18, 23, 26], [0, 3, 6, 11, 14, 19, 22, 27], [0, 4, 5, 12, 13, 20, 21, 28]]",2.994
1388,0.0,1,"[[5.93, 4.61, 6.44, 6.58, 0.77, 6.66, 0.58], [1.24, 4.91, 5.63, 0.45, 3.38, 4.94, 3.12], [7.83, 1.4, 2.04, 7.87, 6.09, 6.31, 5.4], [6.34, 6.33, 4.75, 6.81, 8.3, 6.3, 9.27]]",5.0,7.83,70,"[0.01, 0.1, 0.87, 0.02]","[[0, 1, 8, 9, 16, 17, 24, 25], [0, 2, 7, 10, 15, 18, 23, 26], [0, 3, 6, 11, 14, 19, 22, 27], [0, 4, 5, 12, 13, 20, 21, 28]]",2.994
1389,0.0,1,"[[6.2, 4.19, 3.44, 8.27, 6.51, 4.65, 4.01], [2.89, 4.13, 4.82, 8.89, 9.25, 0.96, 6.04], [8.8, 2.84, 4.5, 4.81, 3.19, 0.46, 7.31], [5.12, 1.87, 1.91, 7.0, 2.08, 5.06, 2.86]]",5.0,5.12,70,"[0.15, 0.21, 0.3, 0.34]","[[0, 1, 8, 9, 16, 17, 23, 28], [0, 2, 7, 10, 15, 18, 22, 27], [0, 3, 6, 11, 14, 19, 24, 26], [0, 4, 5, 12, 13, 20, 21, 25]]",2.994
1390,0.0,1,"[[0.23, 0.06, 0.08, 0.13, 0.11, 0.05, 0.11], [0.17, 0.17, 0.17, 0.13, 0.09, 0.2, 0.07], [0.21, 0.11, 0.17, 0.05, 0.13, 0.11, 0.17], [0.16, 0.02, 0.2, 0.19, 0.23, 0.13, 0.13]]",0.13,0.17,70,"[0.24, 0.22, 0.21, 0.33]","[[0, 1, 8, 9, 16, 17, 24, 25], [0, 2, 7, 10, 15, 18, 23, 26], [0, 3, 6, 11, 14, 19, 22, 27], [0, 4, 5, 12, 13, 20, 21, 28]]",0.072
1391,0.0,3,"[[0.12, 0.04, 0.15, 0.03, 0.12, 0.21, 0.16], [0.15, 0.15, 0.1, 0.11, 0.22, 0.11, 0.06], [0.06, 0.07, 0.19, 0.11, 0.05, 0.07, 0.16], [0.05, 0.12, 0.14, 0.09, 0.12, 0.13, 0.02]]",0.13,0.19,70,"[0.04, 0.05, 0.89, 0.02]","[[0, 1, 8, 9, 16, 17, 24, 25], [0, 2, 7, 10, 15, 18, 23, 26], [0, 3, 6, 11, 14, 19, 22, 27], [0, 4, 5, 12, 13, 20, 21, 28]]",0.072
1392,0.0,4,"[[0.08, 0.08, 0.03, 0.08, 0.06, 0.11, 0.11], [0.21, 0.12, 0.16, 0.16, 0.17, 0.12, 0.08], [0.24, 0.22, 0.1, 0.12, 0.06, 0.2, 0.05], [0.13, 0.19, 0.1, 0.18, 0.14, 0.09, 0.16]]",0.13,0.18,70,"[0.12, 0.34, 0.21, 0.33]","[[0, 1, 8, 9, 16, 17, 24, 25], [0, 2, 7, 10, 15, 18, 23, 26], [0, 3, 6, 11, 14, 19, 22, 27], [0, 4, 5, 12, 13, 20, 21, 28]]",0.072
1393,0.0,4,"[[0.2, 0.21, 0.23, 0.23, 0.18, 0.14, 0.22], [0.2, 0.22, 0.22, 0.25, 0.05, 0.12, 0.09], [0.02, 0.05, 0.07, 0.23, 0.14, 0.19, 0.02], [0.12, 0.1, 0.13, 0.23, 0.18, 0.06, 0.24]]",0.13,0.23,70,"[0.08, 0.03, 0.87, 0.02]","[[0, 1, 8, 9, 16, 17, 24, 25], [0, 2, 7, 10, 15, 19, 22, 26], [0, 3, 6, 11, 14, 18, 23, 27], [0, 4, 5, 12, 13, 20, 21, 28]]",0.072
1394,0.0,4,"[[0.21, 0.14, 0.05, 0.18, 0.12, 0.1, 0.15], [0.03, 0.07, 0.04, 0.14, 0.13, 0.15, 0.2], [0.05, 0.14, 0.08, 0.16, 0.04, 0.13, 0.08], [0.19, 0.12, 0.09, 0.06, 0.18, 0.05, 0.09]]",0.13,0.16,70,"[0.01, 0.02, 0.88, 0.09]","[[0, 1, 8, 9, 16, 17, 24, 25], [0, 2, 7, 10, 15, 18, 23, 26], [0, 3, 6, 11, 14, 19, 22, 27], [0, 4, 5, 12, 13, 20, 21, 28]]",0.072
1395,0.0,7,"[[0.2, 0.14, 0.16, 0.12, 0.21, 0.18, 0.23], [0.06, 0.09, 0.16, 0.16, 0.14, 0.12, 0.15], [0.23, 0.08, 0.17, 0.11, 0.04, 0.14, 0.15], [0.06, 0.12, 0.16, 0.23, 0.08, 0.11, 0.15]]",0.13,0.15,70,"[0.33, 0.18, 0.11, 0.38]","[[0, 1, 8, 9, 16, 17, 24, 25], [0, 2, 7, 10, 15, 18, 23, 26], [0, 3, 6, 11, 14, 19, 22, 27], [0, 4, 5, 12, 13, 20, 21, 28]]",0.072
1396,0.0,2,"[[0.1, 0.22, 0.11, 0.07, 0.15, 0.15, 0.08], [0.22, 0.14, 0.05, 0.13, 0.2, 0.14, 0.2], [0.02, 0.25, 0.2, 0.08, 0.15, 0.02, 0.07], [0.11, 0.1, 0.17, 0.14, 0.2, 0.08, 0.11]]",0.13,0.22,70,"[0.87, 0.08, 0.02, 0.03]","[[0, 1, 8, 9, 16, 17, 24, 25], [0, 2, 7, 10, 15, 18, 23, 26], [0, 3, 6, 11, 14, 19, 22, 27], [0, 4, 5, 12, 13, 20, 21, 28]]",0.072
1397,0.0,2,"[[0.02, 0.18, 0.09, 0.13, 0.07, 0.12, 0.08], [0.15, 0.12, 0.24, 0.14, 0.1, 0.01, 0.14], [0.2, 0.14, 0.24, 0.13, 0.22, 0.23, 0.18], [0.11, 0.21, 0.18, 0.07, 0.12, 0.14, 0.14]]",0.13,0.18,70,"[0.85, 0.02, 0.03, 0.1]","[[0, 1, 8, 9, 16, 17, 23, 25], [0, 2, 7, 10, 14, 18, 24, 26], [0, 3, 6, 11, 15, 19, 22, 27], [0, 4, 5, 12, 13, 20, 21, 28]]",0.072
1398,0.0,2,"[[0.14, 0.16, 0.16, 0.21, 0.14, 0.04, 0.08], [0.06, 0.2, 0.17, 0.04, 0.15, 0.07, 0.15], [0.13, 0.19, 0.14, 0.02, 0.08, 0.23, 0.1], [0.15, 0.03, 0.13, 0.07, 0.13, 0.07, 0.19]]",0.13,0.16,70,"[0.26, 0.28, 0.24, 0.22]","[[0, 1, 8, 9, 16, 17, 24, 25], [0, 2, 7, 10, 15, 18, 23, 26], [0, 3, 6, 11, 14, 19, 22, 27], [0, 4, 5, 12, 13, 20, 21, 28]]",0.072
1399,0.0,2,"[[0.12, 0.13, 0.12, 0.14, 0.05, 0.1, 0.25], [0.16, 0.2, 0.2, 0.14, 0.09, 0.17, 0.09], [0.11, 0.12, 0.11, 0.11, 0.08, 0.05, 0.17], [0.19, 0.2, 0.07, 0.21, 0.07, 0.13, 0.2]]",0.13,0.2,70,"[0.17, 0.35, 0.31, 0.17]","[[0, 1, 8, 9, 16, 17, 24, 25], [0, 2, 7, 10, 15, 18, 23, 26], [0, 3, 6, 11, 14, 19, 22, 27], [0, 4, 5, 12, 13, 20, 21, 28]]",0.072
1400,0.0,1,"[[0.1, 0.22, 0.11, 0.07, 0.15, 0.15, 0.08], [0.22, 0.14, 0.05, 0.13, 0.2, 0.14, 0.2], [0.02, 0.25, 0.2, 0.08, 0.15, 0.02, 0.07], [0.11, 0.1, 0.17, 0.14, 0.2, 0.08, 0.11]]",0.13,0.1,71,"[0.87, 0.08, 0.02, 0.03]","[[0, 1, 2, 3, 4, 5, 6, 7], [0, 14, 13, 12, 11, 10, 9, 8], [0, 15, 16, 21, 20, 23, 25, 27], [0, 17, 18, 19, 22, 24, 26, 28]]",0.072
1401,0.0,5,"[[0.09, 0.06, 0.16, 0.11, 0.12, 0.22, 0.04], [0.11, 0.19, 0.13, 0.18, 0.2, 0.12, 0.12], [0.11, 0.08, 0.15, 0.06, 0.15, 0.13, 0.16], [0.08, 0.15, 0.2, 0.17, 0.24, 0.04, 0.12]]",0.13,0.24,71,"[0.15, 0.32, 0.21, 0.32]","[[0, 1, 3, 9, 10, 18, 17, 24], [0, 27, 4, 8, 11, 19, 16, 23], [0, 28, 26, 7, 12, 20, 15, 22], [0, 2, 5, 6, 25, 13, 14, 21]]",0.072
1402,0.0,2,"[[0.15, 0.08, 0.15, 0.12, 0.15, 0.08, 0.22], [0.12, 0.2, 0.22, 0.16, 0.25, 0.12, 0.11], [0.19, 0.22, 0.15, 0.08, 0.12, 0.14, 0.2], [0.21, 0.16, 0.09, 0.16, 0.22, 0.15, 0.19]]",0.13,0.22,71,"[0.05, 0.07, 0.86, 0.02]","[[0, 1, 5, 9, 13, 17, 27, 28], [0, 2, 8, 10, 14, 18, 26, 25], [0, 3, 6, 11, 15, 19, 21, 22], [0, 4, 7, 12, 16, 20, 23, 24]]",0.072
1403,0.0,7,"[[0.17, 0.04, 0.18, 0.09, 0.04, 0.16, 0.22], [0.22, 0.14, 0.04, 0.11, 0.04, 0.23, 0.13], [0.09, 0.1, 0.01, 0.06, 0.15, 0.17, 0.05], [0.04, 0.06, 0.1, 0.03, 0.1, 0.03, 0.15]]",0.13,0.22,71,"[0.35, 0.15, 0.13, 0.37]","[[0, 1, 2, 3, 4, 5, 6, 7], [0, 16, 18, 20, 21, 23, 25, 27], [0, 15, 17, 19, 22, 24, 26, 28], [0, 13, 12, 14, 11, 10, 9, 8]]",0.072
1404,0.0,2,"[[0.05, 0.17, 0.08, 0.07, 0.16, 0.13, 0.05], [0.1, 0.16, 0.24, 0.2, 0.19, 0.19, 0.23], [0.18, 0.13, 0.06, 0.19, 0.17, 0.21, 0.13], [0.16, 0.18, 0.2, 0.12, 0.19, 0.08, 0.19]]",0.13,0.16,71,"[0.85, 0.1, 0.02, 0.03]","[[0, 1, 2, 3, 4, 5, 6, 7], [0, 8, 9, 10, 11, 12, 13, 14], [0, 15, 16, 19, 17, 18, 21, 20], [0, 28, 27, 26, 25, 23, 24, 22]]",0.072
1405,0.0,1,"[[0.08, 0.08, 0.03, 0.08, 0.06, 0.11, 0.11], [0.21, 0.12, 0.16, 0.16, 0.17, 0.12, 0.08], [0.24, 0.22, 0.1, 0.12, 0.06, 0.2, 0.05], [0.13, 0.19, 0.1, 0.18, 0.14, 0.09, 0.16]]",0.13,0.13,71,"[0.12, 0.34, 0.21, 0.33]","[[0, 28, 27, 26, 25, 24, 23, 22], [0, 8, 10, 9, 11, 12, 13, 14], [0, 15, 16, 17, 18, 19, 20, 21], [0, 1, 2, 3, 4, 5, 6, 7]]",0.072
1406,0.0,6,"[[0.19, 0.12, 0.08, 0.18, 0.08, 0.2, 0.22], [0.05, 0.04, 0.19, 0.18, 0.18, 0.05, 0.1], [0.21, 0.13, 0.15, 0.13, 0.16, 0.15, 0.08], [0.19, 0.06, 0.09, 0.07, 0.04, 0.2, 0.08]]",0.13,0.05,71,"[0.16, 0.28, 0.23, 0.33]","[[0, 22, 23, 24, 25, 28, 26, 27], [0, 21, 20, 19, 18, 17, 16, 15], [0, 8, 9, 10, 11, 12, 13, 14], [0, 1, 2, 3, 4, 5, 7, 6]]",0.072
1407,0.0,7,"[[0.11, 0.13, 0.2, 0.15, 0.12, 0.07, 0.12], [0.17, 0.14, 0.08, 0.03, 0.14, 0.12, 0.21], [0.15, 0.05, 0.06, 0.08, 0.07, 0.16, 0.13], [0.11, 0.11, 0.13, 0.18, 0.08, 0.12, 0.15]]",0.13,0.15,71,"[0.11, 0.38, 0.34, 0.17]","[[0, 15, 16, 17, 18, 19, 20, 21], [0, 1, 2, 3, 4, 5, 6, 7], [0, 13, 14, 12, 11, 10, 9, 8], [0, 28, 27, 26, 25, 24, 23, 22]]",0.072
1408,0.0,5,"[[0.15, 0.17, 0.12, 0.06, 0.06, 0.22, 0.15], [0.19, 0.17, 0.21, 0.18, 0.06, 0.19, 0.04], [0.07, 0.13, 0.08, 0.09, 0.18, 0.11, 0.12], [0.16, 0.1, 0.02, 0.11, 0.21, 0.13, 0.19]]",0.13,0.21,71,"[0.09, 0.05, 0.01, 0.85]","[[0, 22, 23, 24, 28, 25, 26, 27], [0, 21, 20, 19, 18, 17, 16, 15], [0, 8, 9, 10, 11, 12, 13, 14], [0, 1, 2, 3, 4, 5, 6, 7]]",0.072
1409,0.0,3,"[[0.16, 0.11, 0.08, 0.09, 0.11, 0.11, 0.06], [0.14, 0.14, 0.15, 0.18, 0.2, 0.23, 0.09], [0.09, 0.18, 0.2, 0.13, 0.05, 0.16, 0.07], [0.08, 0.02, 0.16, 0.15, 0.1, 0.09, 0.12]]",0.13,0.2,71,"[0.08, 0.02, 0.89, 0.01]","[[0, 0, 13, 9, 0, 0, 16, 0], [0, 0, 12, 8, 0, 0, 15, 0], [0, 1, 2, 3, 4, 5, 6, 7], [0, 0, 11, 10, 0, 0, 14, 0]]",0.072
1410,0.0,1,"[[8.51, 2.86, 5.22, 3.29, 7.8, 7.12, 2.91], [7.85, 5.63, 4.76, 5.73, 4.36, 4.99, 0.21], [1.1, 2.64, 4.86, 7.57, 7.15, 0.31, 2.34], [6.38, 5.91, 3.08, 6.0, 7.58, 3.85, 6.26]]",5.0,7.85,71,"[0.19, 0.32, 0.23, 0.26]","[[0, 22, 23, 24, 28, 25, 27, 26], [0, 1, 2, 3, 7, 4, 5, 6], [0, 21, 20, 19, 18, 12, 17, 16], [0, 8, 9, 10, 11, 15, 13, 14]]",2.994
1411,0.0,7,"[[8.39, 1.9, 3.96, 5.78, 2.24, 5.8, 4.1], [0.94, 5.02, 2.49, 5.54, 6.54, 4.33, 9.65], [7.94, 7.8, 4.1, 9.82, 1.59, 4.84, 8.58], [8.96, 7.49, 1.94, 3.92, 0.76, 2.82, 6.17]]",5.0,9.65,71,"[0.11, 0.85, 0.02, 0.02]","[[0, 13, 14, 12, 11, 10, 9, 8], [0, 1, 2, 3, 4, 5, 6, 7], [0, 0, 0, 0, 0, 0, 0, 15], [0, 0, 0, 0, 0, 0, 0, 16]]",2.994
1412,0.0,3,"[[6.19, 1.85, 1.16, 4.28, 2.66, 3.25, 7.93], [4.16, 3.03, 5.34, 3.93, 5.82, 4.05, 2.14], [6.53, 8.89, 6.73, 7.28, 2.75, 0.6, 4.09], [4.95, 6.55, 6.81, 6.9, 1.07, 2.2, 5.26]]",5.0,5.34,71,"[0.03, 0.86, 0.04, 0.07]","[[0, 0, 0, 9, 0, 11, 0, 0], [0, 1, 2, 3, 4, 5, 6, 7], [0, 0, 0, 8, 0, 12, 0, 0], [0, 0, 0, 10, 0, 13, 0, 0]]",2.994
1413,0.0,5,"[[5.77, 3.99, 6.61, 4.81, 8.16, 4.87, 2.84], [5.38, 5.12, 5.88, 4.67, 7.45, 7.64, 1.41], [2.86, 1.79, 4.9, 7.89, 6.3, 3.05, 5.2], [5.28, 6.58, 1.34, 2.2, 4.69, 6.92, 5.01]]",5.0,4.69,71,"[0.34, 0.23, 0.11, 0.32]","[[0, 1, 2, 3, 4, 5, 6, 7], [0, 0, 18, 0, 0, 19, 16, 0], [0, 0, 17, 0, 0, 20, 15, 0], [0, 8, 9, 10, 11, 12, 13, 14]]",2.994
1414,0.0,1,"[[8.02, 3.92, 3.11, 4.49, 4.13, 7.86, 3.71], [5.5, 3.12, 4.78, 4.63, 5.83, 9.55, 5.01], [6.87, 6.07, 1.32, 5.58, 8.22, 5.74, 5.54], [4.62, 3.36, 5.75, 5.59, 2.34, 1.7, 6.64]]",5.0,5.5,71,"[0.25, 0.27, 0.24, 0.24]","[[0, 8, 9, 10, 11, 12, 13, 14], [0, 1, 2, 3, 4, 5, 6, 7], [0, 15, 17, 19, 21, 23, 25, 26], [0, 16, 18, 20, 22, 24, 28, 27]]",2.994
1415,0.0,6,"[[1.89, 1.68, 4.82, 0.64, 6.72, 5.82, 3.47], [2.81, 5.64, 4.93, 5.88, 1.19, 6.58, 2.91], [6.88, 4.96, 4.06, 5.77, 1.03, 4.24, 5.62], [0.22, 1.89, 4.63, 5.2, 4.1, 3.36, 6.44]]",5.0,4.24,71,"[0.25, 0.26, 0.31, 0.18]","[[0, 20, 19, 18, 15, 14, 13, 12], [0, 21, 17, 16, 10, 9, 8, 11], [0, 1, 2, 3, 4, 5, 6, 7], [0, 0, 0, 22, 23, 0, 24, 0]]",2.994
1416,0.0,6,"[[2.65, 1.66, 4.12, 6.28, 3.9, 4.24, 8.17], [4.84, 2.23, 5.57, 7.45, 3.35, 5.55, 3.39], [6.15, 3.53, 5.47, 2.82, 6.99, 9.09, 0.79], [2.47, 2.31, 1.36, 3.11, 4.52, 5.21, 3.31]]",5.0,5.21,71,"[0.01, 0.06, 0.02, 0.91]","[[0, 0, 0, 0, 0, 13, 10, 0], [0, 0, 0, 0, 0, 12, 9, 0], [0, 0, 0, 0, 0, 11, 8, 0], [0, 1, 2, 3, 4, 5, 6, 7]]",2.994
1417,0.0,6,"[[2.09, 7.52, 9.74, 6.72, 2.88, 5.9, 5.87], [6.25, 4.49, 6.66, 2.68, 2.62, 7.58, 4.86], [0.33, 4.49, 3.44, 6.0, 4.73, 0.87, 2.63], [7.63, 1.46, 3.24, 5.72, 7.53, 7.25, 3.01]]",5.0,7.58,71,"[0.34, 0.23, 0.2, 0.23]","[[0, 1, 2, 3, 4, 5, 6, 7], [0, 8, 9, 10, 11, 12, 13, 14], [0, 22, 23, 24, 25, 26, 27, 28], [0, 21, 20, 19, 18, 17, 16, 15]]",2.994
1418,0.0,7,"[[5.16, 3.84, 2.97, 6.89, 7.92, 3.02, 6.81], [6.93, 3.64, 5.33, 8.47, 3.82, 8.88, 7.83], [4.51, 5.38, 9.21, 3.79, 4.77, 9.29, 4.59], [3.55, 8.48, 4.66, 2.28, 3.95, 2.95, 5.67]]",5.0,6.81,71,"[0.86, 0.08, 0.05, 0.01]","[[0, 1, 2, 3, 4, 5, 6, 7], [0, 0, 0, 0, 11, 8, 0, 14], [0, 0, 0, 0, 12, 9, 0, 15], [0, 0, 0, 0, 13, 10, 0, 16]]",2.994
1419,0.0,7,"[[5.71, 4.0, 7.87, 3.26, 8.95, 9.97, 6.35], [4.81, 5.73, 5.74, 5.66, 5.51, 4.81, 7.59], [6.14, 5.62, 3.6, 6.94, 3.42, 3.6, 6.26], [1.09, 4.7, 1.56, 4.05, 2.65, 4.29, 5.33]]",5.0,5.33,71,"[0.02, 0.08, 0.03, 0.87]","[[0, 0, 0, 0, 0, 0, 13, 10], [0, 0, 0, 0, 0, 0, 12, 9], [0, 0, 0, 0, 0, 0, 11, 8], [0, 1, 2, 3, 4, 5, 6, 7]]",2.994
1420,0.0,3,"[[0.12, 0.13, 0.12, 0.14, 0.05, 0.1, 0.25], [0.16, 0.2, 0.2, 0.14, 0.09, 0.17, 0.09], [0.11, 0.12, 0.11, 0.11, 0.08, 0.05, 0.17], [0.19, 0.2, 0.07, 0.21, 0.07, 0.13, 0.2]]",0.13,0.12,72,"[0.17, 0.35, 0.31, 0.17]","[[0, 1, 5, 28, 27, 26, 25, 24], [0, 2, 6, 19, 20, 21, 22, 23], [0, 3, 7, 18, 17, 16, 15, 14], [0, 4, 8, 9, 10, 11, 12, 13]]",0.072
1421,0.0,2,"[[0.06, 0.22, 0.11, 0.12, 0.13, 0.09, 0.18], [0.2, 0.17, 0.05, 0.09, 0.17, 0.16, 0.24], [0.14, 0.03, 0.23, 0.14, 0.04, 0.13, 0.18], [0.16, 0.1, 0.17, 0.16, 0.14, 0.04, 0.05]]",0.13,0.22,72,"[0.87, 0.02, 0.1, 0.01]","[[0, 1, 2, 3, 4, 5, 6, 7], [0, 8, 9, 10, 11, 12, 13, 14], [0, 15, 16, 17, 18, 19, 20, 21], [0, 22, 23, 24, 25, 26, 28, 27]]",0.072
1422,0.0,3,"[[0.12, 0.04, 0.15, 0.03, 0.12, 0.21, 0.16], [0.15, 0.15, 0.1, 0.11, 0.22, 0.11, 0.06], [0.06, 0.07, 0.19, 0.11, 0.05, 0.07, 0.16], [0.05, 0.12, 0.14, 0.09, 0.12, 0.13, 0.02]]",0.13,0.19,72,"[0.04, 0.05, 0.89, 0.02]","[[0, 0, 0, 9, 0, 0, 0, 12], [0, 0, 0, 8, 0, 0, 0, 11], [0, 2, 1, 3, 4, 5, 7, 6], [0, 0, 0, 10, 0, 0, 0, 13]]",0.072
1423,0.0,5,"[[0.1, 0.1, 0.03, 0.13, 0.2, 0.08, 0.11], [0.08, 0.05, 0.11, 0.15, 0.22, 0.2, 0.17], [0.16, 0.24, 0.08, 0.04, 0.05, 0.19, 0.14], [0.1, 0.18, 0.15, 0.14, 0.18, 0.07, 0.19]]",0.13,0.18,72,"[0.36, 0.26, 0.19, 0.19]","[[0, 2, 3, 4, 5, 6, 7, 8], [0, 1, 9, 10, 11, 12, 13, 14], [0, 15, 0, 0, 20, 16, 0, 18], [0, 0, 0, 0, 21, 17, 0, 19]]",0.072
1424,0.0,7,"[[0.11, 0.06, 0.11, 0.08, 0.17, 0.11, 0.11], [0.14, 0.12, 0.06, 0.14, 0.09, 0.14, 0.12], [0.04, 0.15, 0.09, 0.13, 0.15, 0.18, 0.21], [0.1, 0.08, 0.17, 0.08, 0.19, 0.13, 0.19]]",0.13,0.11,72,"[0.26, 0.2, 0.27, 0.27]","[[0, 1, 5, 9, 28, 26, 24, 22], [0, 2, 6, 10, 27, 25, 23, 21], [0, 3, 7, 11, 13, 15, 17, 19], [0, 4, 8, 12, 14, 16, 18, 20]]",0.072
1425,0.0,6,"[[0.14, 0.12, 0.08, 0.02, 0.14, 0.19, 0.09], [0.2, 0.01, 0.13, 0.03, 0.11, 0.06, 0.23], [0.19, 0.12, 0.16, 0.15, 0.16, 0.07, 0.21], [0.09, 0.14, 0.24, 0.12, 0.1, 0.2, 0.16]]",0.13,0.2,72,"[0.36, 0.17, 0.12, 0.35]","[[0, 1, 2, 3, 4, 5, 6, 7], [0, 0, 19, 0, 0, 17, 15, 0], [0, 0, 20, 0, 0, 18, 16, 0], [0, 9, 10, 11, 12, 13, 8, 14]]",0.072
1426,0.0,7,"[[0.11, 0.13, 0.2, 0.15, 0.12, 0.07, 0.12], [0.17, 0.14, 0.08, 0.03, 0.14, 0.12, 0.21], [0.15, 0.05, 0.06, 0.08, 0.07, 0.16, 0.13], [0.11, 0.11, 0.13, 0.18, 0.08, 0.12, 0.15]]",0.13,0.13,72,"[0.11, 0.38, 0.34, 0.17]","[[0, 17, 24, 23, 22, 13, 21, 14], [0, 1, 2, 3, 4, 5, 6, 7], [0, 10, 9, 18, 19, 11, 20, 8], [0, 16, 25, 26, 27, 12, 28, 15]]",0.072
1427,0.0,5,"[[0.07, 0.16, 0.11, 0.2, 0.2, 0.19, 0.16], [0.15, 0.22, 0.24, 0.17, 0.18, 0.12, 0.12], [0.11, 0.16, 0.11, 0.12, 0.21, 0.06, 0.16], [0.17, 0.22, 0.15, 0.11, 0.24, 0.11, 0.17]]",0.13,0.24,72,"[0.09, 0.03, 0.01, 0.87]","[[0, 9, 11, 10, 0, 12, 13, 14], [0, 0, 17, 0, 0, 15, 19, 21], [0, 8, 18, 0, 0, 16, 20, 22], [0, 1, 3, 2, 4, 5, 6, 7]]",0.072
1428,0.0,5,"[[0.08, 0.23, 0.11, 0.15, 0.14, 0.16, 0.07], [0.19, 0.17, 0.09, 0.16, 0.14, 0.09, 0.03], [0.13, 0.11, 0.24, 0.17, 0.14, 0.06, 0.15], [0.09, 0.17, 0.09, 0.17, 0.19, 0.1, 0.17]]",0.13,0.19,72,"[0.01, 0.02, 0.11, 0.86]","[[0, 0, 15, 0, 0, 13, 0, 0], [0, 0, 14, 0, 0, 12, 0, 0], [0, 0, 8, 0, 9, 10, 0, 11], [0, 1, 3, 2, 4, 5, 6, 7]]",0.072
1429,0.0,2,"[[0.02, 0.18, 0.09, 0.13, 0.07, 0.12, 0.08], [0.15, 0.12, 0.24, 0.14, 0.1, 0.01, 0.14], [0.2, 0.14, 0.24, 0.13, 0.22, 0.23, 0.18], [0.11, 0.21, 0.18, 0.07, 0.12, 0.14, 0.14]]",0.13,0.21,72,"[0.85, 0.02, 0.03, 0.1]","[[0, 1, 2, 3, 4, 5, 6, 7], [0, 0, 8, 0, 11, 0, 14, 0], [0, 0, 10, 0, 12, 0, 15, 0], [0, 0, 9, 0, 13, 0, 16, 0]]",0.072
1430,0.0,7,"[[8.39, 1.9, 3.96, 5.78, 2.24, 5.8, 4.1], [0.94, 5.02, 2.49, 5.54, 6.54, 4.33, 9.65], [7.94, 7.8, 4.1, 9.82, 1.59, 4.84, 8.58], [8.96, 7.49, 1.94, 3.92, 0.76, 2.82, 6.17]]",5.0,9.65,72,"[0.11, 0.85, 0.02, 0.02]","[[0, 26, 23, 20, 17, 14, 11, 8], [0, 1, 2, 3, 4, 5, 6, 7], [0, 27, 24, 21, 18, 15, 12, 9], [0, 28, 25, 22, 19, 16, 13, 10]]",2.994
1431,0.0,5,"[[3.95, 8.96, 8.28, 6.18, 7.02, 4.65, 4.21], [7.39, 4.82, 4.44, 1.73, 7.35, 9.66, 2.04], [6.67, 2.62, 2.43, 7.24, 6.32, 7.33, 5.82], [4.75, 4.96, 2.68, 1.71, 6.22, 1.58, 9.11]]",5.0,6.32,72,"[0.25, 0.24, 0.28, 0.23]","[[0, 1, 5, 9, 13, 20, 21, 28], [0, 2, 6, 10, 14, 19, 22, 27], [0, 3, 7, 11, 15, 18, 23, 26], [0, 4, 8, 12, 16, 17, 24, 25]]",2.994
1432,0.0,6,"[[1.89, 1.68, 4.82, 0.64, 6.72, 5.82, 3.47], [2.81, 5.64, 4.93, 5.88, 1.19, 6.58, 2.91], [6.88, 4.96, 4.06, 5.77, 1.03, 4.24, 5.62], [0.22, 1.89, 4.63, 5.2, 4.1, 3.36, 6.44]]",5.0,3.36,72,"[0.25, 0.26, 0.31, 0.18]","[[0, 1, 5, 9, 13, 17, 21, 25], [0, 2, 6, 10, 14, 18, 22, 26], [0, 3, 7, 11, 15, 19, 23, 27], [0, 4, 8, 12, 16, 20, 24, 28]]",2.994
1433,0.0,6,"[[2.65, 1.66, 4.12, 6.28, 3.9, 4.24, 8.17], [4.84, 2.23, 5.57, 7.45, 3.35, 5.55, 3.39], [6.15, 3.53, 5.47, 2.82, 6.99, 9.09, 0.79], [2.47, 2.31, 1.36, 3.11, 4.52, 5.21, 3.31]]",5.0,5.21,72,"[0.01, 0.06, 0.02, 0.91]","[[0, 28, 25, 22, 19, 10, 13, 16], [0, 27, 24, 21, 18, 9, 12, 15], [0, 26, 23, 20, 17, 8, 11, 14], [0, 1, 2, 3, 4, 5, 6, 7]]",2.994
1434,0.0,2,"[[5.97, 8.23, 1.24, 7.62, 4.62, 4.29, 5.98], [8.29, 4.65, 5.55, 1.01, 2.98, 8.74, 8.92], [1.93, 2.81, 4.79, 6.01, 7.29, 6.55, 4.48], [9.09, 1.98, 6.38, 4.5, 3.08, 5.26, 4.47]]",5.0,8.23,72,"[0.86, 0.01, 0.12, 0.01]","[[0, 1, 2, 3, 4, 5, 6, 7], [0, 8, 11, 0, 14, 17, 20, 23], [0, 9, 12, 0, 15, 18, 21, 24], [0, 10, 13, 0, 16, 19, 22, 25]]",2.994
1435,0.0,5,"[[5.16, 3.84, 2.97, 6.89, 7.92, 3.02, 6.81], [6.93, 3.64, 5.33, 8.47, 3.82, 8.88, 7.83], [4.51, 5.38, 9.21, 3.79, 4.77, 9.29, 4.59], [3.55, 8.48, 4.66, 2.28, 3.95, 2.95, 5.67]]",5.0,7.92,72,"[0.86, 0.08, 0.05, 0.01]","[[0, 1, 2, 3, 4, 5, 6, 7], [0, 0, 0, 0, 14, 11, 0, 8], [0, 0, 0, 0, 15, 12, 0, 9], [0, 0, 0, 0, 16, 13, 0, 10]]",2.994
1436,0.0,7,"[[5.71, 4.0, 7.87, 3.26, 8.95, 9.97, 6.35], [4.81, 5.73, 5.74, 5.66, 5.51, 4.81, 7.59], [6.14, 5.62, 3.6, 6.94, 3.42, 3.6, 6.26], [1.09, 4.7, 1.56, 4.05, 2.65, 4.29, 5.33]]",5.0,6.26,72,"[0.02, 0.08, 0.03, 0.87]","[[0, 0, 0, 0, 0, 0, 0, 10], [0, 0, 12, 0, 13, 0, 11, 9], [0, 0, 0, 0, 0, 0, 0, 8], [0, 1, 3, 2, 4, 5, 6, 7]]",2.994
1437,0.0,5,"[[5.77, 3.99, 6.61, 4.81, 8.16, 4.87, 2.84], [5.38, 5.12, 5.88, 4.67, 7.45, 7.64, 1.41], [2.86, 1.79, 4.9, 7.89, 6.3, 3.05, 5.2], [5.28, 6.58, 1.34, 2.2, 4.69, 6.92, 5.01]]",5.0,7.45,72,"[0.34, 0.23, 0.11, 0.32]","[[0, 1, 2, 3, 4, 5, 6, 7], [0, 11, 23, 14, 20, 8, 17, 26], [0, 12, 24, 15, 21, 9, 18, 27], [0, 13, 25, 16, 22, 10, 19, 28]]",2.994
1438,0.0,1,"[[7.78, 7.83, 6.34, 3.49, 9.25, 4.1, 8.16], [4.02, 5.78, 4.37, 3.5, 3.65, 5.34, 1.1], [4.29, 1.52, 3.77, 7.63, 3.05, 0.82, 4.95], [8.46, 6.15, 6.73, 3.18, 8.15, 6.29, 5.32]]",5.0,4.29,72,"[0.2, 0.29, 0.22, 0.29]","[[0, 10, 11, 16, 17, 22, 23, 28], [0, 9, 12, 15, 18, 21, 24, 27], [0, 8, 13, 14, 20, 19, 26, 25], [0, 1, 2, 3, 4, 5, 6, 7]]",2.994
1439,0.0,3,"[[2.88, 2.6, 7.89, 4.77, 7.12, 4.23, 2.87], [3.29, 2.97, 3.82, 9.51, 9.45, 8.27, 5.42], [3.22, 3.81, 4.18, 2.52, 3.48, 3.16, 9.41], [1.89, 5.73, 6.1, 1.69, 4.58, 1.23, 3.5]]",5.0,3.82,72,"[0.2, 0.16, 0.26, 0.38]","[[0, 20, 16, 15, 23, 25, 26, 13], [0, 19, 17, 14, 22, 24, 27, 12], [0, 18, 8, 9, 21, 10, 28, 11], [0, 1, 2, 3, 4, 5, 6, 7]]",2.994
1440,0.01,3,"[[3.54, 3.18, 6.26, 3.39, 3.52, 5.47, 1.42], [3.13, 1.91, 7.14, 3.81, 4.58, 6.9, 8.39], [7.48, 1.27, 5.41, 7.63, 6.12, 1.81, 6.34], [6.09, 3.7, 4.25, 4.91, 0.8, 7.46, 7.59]]",5.0,5.41,73,"[0.04, 0.07, 0.88, 0.01]","[[0, 1, 5, 9, 12, 15, 18, 21], [0, 2, 6, 10, 13, 16, 19, 22], [0, 3, 7, 11, 14, 17, 20, 23], [0, 4, 8, 28, 27, 26, 25, 24]]",2.994
1441,0.01,1,"[[8.02, 3.92, 3.11, 4.49, 4.13, 7.86, 3.71], [5.5, 3.12, 4.78, 4.63, 5.83, 9.55, 5.01], [6.87, 6.07, 1.32, 5.58, 8.22, 5.74, 5.54], [4.62, 3.36, 5.75, 5.59, 2.34, 1.7, 6.64]]",5.0,5.5,73,"[0.25, 0.27, 0.24, 0.24]","[[0, 1, 5, 9, 10, 11, 12, 13], [0, 2, 6, 17, 18, 0, 14, 0], [0, 3, 7, 0, 0, 0, 15, 0], [0, 4, 8, 0, 0, 0, 16, 0]]",2.994
1442,0.01,4,"[[6.26, 0.19, 5.42, 8.23, 3.15, 1.79, 3.82], [4.19, 3.39, 2.75, 9.2, 5.7, 3.44, 3.56], [5.45, 5.72, 8.61, 4.63, 8.16, 8.36, 7.19], [3.14, 2.27, 7.83, 9.11, 0.69, 3.38, 9.35]]",5.0,9.11,73,"[0.1, 0.01, 0.01, 0.88]","[[0, 1, 5, 7, 9, 13, 14, 0], [0, 2, 6, 8, 10, 0, 0, 0], [0, 3, 0, 0, 11, 0, 0, 0], [0, 4, 0, 0, 12, 0, 0, 0]]",2.994
1443,0.01,2,"[[7.11, 5.78, 4.85, 4.33, 7.33, 7.89, 5.26], [5.95, 7.87, 3.44, 7.0, 6.97, 5.22, 6.26], [3.72, 9.35, 7.04, 6.38, 7.42, 6.47, 5.89], [5.94, 4.84, 1.39, 4.52, 3.41, 2.82, 3.73]]",5.0,7.87,73,"[0.33, 0.2, 0.24, 0.23]","[[0, 1, 5, 9, 13, 14, 15, 16], [0, 2, 6, 10, 0, 17, 18, 0], [0, 3, 7, 11, 0, 19, 20, 0], [0, 4, 8, 12, 0, 21, 22, 0]]",2.994
1444,0.01,5,"[[1.92, 6.77, 0.18, 0.58, 7.09, 4.34, 4.61], [2.63, 2.6, 4.89, 2.52, 8.42, 2.23, 4.37], [6.54, 7.27, 4.71, 3.86, 8.83, 4.81, 5.31], [5.47, 8.91, 3.37, 8.65, 6.85, 1.47, 5.12]]",5.0,8.42,73,"[0.31, 0.2, 0.17, 0.32]","[[0, 1, 2, 6, 7, 8, 0, 0], [0, 0, 3, 0, 0, 9, 0, 0], [0, 0, 4, 0, 0, 10, 0, 0], [0, 0, 5, 0, 0, 11, 0, 0]]",2.994
1445,0.01,3,"[[6.19, 1.85, 1.16, 4.28, 2.66, 3.25, 7.93], [4.16, 3.03, 5.34, 3.93, 5.82, 4.05, 2.14], [6.53, 8.89, 6.73, 7.28, 2.75, 0.6, 4.09], [4.95, 6.55, 6.81, 6.9, 1.07, 2.2, 5.26]]",5.0,5.34,73,"[0.03, 0.86, 0.04, 0.07]","[[0, 1, 4, 12, 0, 0, 0, 0], [0, 2, 3, 5, 6, 7, 8, 9], [0, 10, 0, 13, 0, 0, 0, 0], [0, 11, 0, 14, 0, 0, 0, 0]]",2.994
1446,0.01,7,"[[0.94, 9.58, 9.58, 1.68, 3.99, 3.26, 9.98], [7.2, 6.69, 3.6, 6.35, 1.28, 0.52, 9.84], [4.59, 4.33, 3.41, 2.69, 0.89, 3.28, 2.91], [7.61, 5.48, 8.81, 6.78, 0.6, 7.91, 3.87]]",5.0,9.84,73,"[0.01, 0.89, 0.08, 0.02]","[[0, 1, 15, 0, 0, 0, 0, 9], [0, 2, 3, 4, 5, 6, 7, 8], [0, 12, 14, 0, 0, 0, 0, 10], [0, 13, 16, 0, 0, 0, 0, 11]]",2.994
1447,0.01,1,"[[6.38, 4.4, 2.78, 4.02, 3.28, 4.56, 6.79], [6.89, 5.4, 5.87, 9.63, 0.42, 4.93, 4.29], [2.96, 2.23, 8.29, 4.74, 3.72, 2.39, 0.86], [5.36, 5.18, 6.28, 1.08, 2.81, 5.95, 9.65]]",5.0,6.89,73,"[0.2, 0.38, 0.3, 0.12]","[[0, 8, 11, 16, 19, 0, 0, 0], [0, 1, 2, 3, 4, 5, 6, 7], [0, 9, 12, 14, 15, 0, 0, 0], [0, 10, 13, 17, 18, 0, 0, 0]]",2.994
1448,0.01,5,"[[8.47, 2.82, 7.33, 4.03, 7.07, 2.75, 1.54], [4.68, 3.16, 0.97, 1.44, 5.2, 6.65, 9.25], [8.41, 7.04, 1.31, 3.23, 7.09, 7.67, 1.55], [6.28, 2.99, 4.33, 1.28, 9.25, 6.99, 2.35]]",5.0,9.25,73,"[0.01, 0.01, 0.01, 0.97]","[[0, 0, 0, 0, 0, 10, 0, 0], [0, 0, 0, 0, 0, 9, 0, 0], [0, 0, 0, 0, 0, 8, 0, 0], [0, 1, 2, 3, 4, 5, 6, 7]]",2.994
1449,0.01,7,"[[7.74, 3.22, 6.43, 3.71, 7.81, 4.87, 5.0], [6.79, 7.24, 2.38, 4.86, 3.87, 6.17, 4.92], [3.15, 9.58, 2.44, 5.2, 8.45, 2.58, 2.29], [4.2, 1.81, 5.9, 9.47, 8.69, 2.45, 6.94]]",5.0,5.0,73,"[0.15, 0.38, 0.14, 0.33]","[[0, 12, 8, 0, 0, 0, 14, 17], [0, 1, 2, 3, 4, 5, 6, 7], [0, 11, 9, 0, 0, 0, 15, 18], [0, 13, 10, 0, 0, 0, 16, 19]]",2.994
1450,0.01,2,"[[0.05, 0.08, 0.17, 0.15, 0.22, 0.07, 0.07], [0.06, 0.1, 0.12, 0.11, 0.19, 0.16, 0.05], [0.19, 0.16, 0.13, 0.06, 0.18, 0.04, 0.24], [0.15, 0.24, 0.11, 0.13, 0.14, 0.03, 0.01]]",0.13,0.08,73,"[0.86, 0.01, 0.05, 0.08]","[[0, 1, 2, 0, 0, 0, 0, 0], [0, 0, 0, 0, 0, 0, 0, 0], [0, 0, 0, 0, 0, 0, 0, 0], [0, 0, 0, 0, 0, 0, 0, 0]]",0.072
1451,0.01,6,"[[0.22, 0.12, 0.18, 0.2, 0.04, 0.04, 0.16], [0.19, 0.18, 0.17, 0.17, 0.18, 0.2, 0.15], [0.03, 0.13, 0.18, 0.12, 0.17, 0.16, 0.08], [0.21, 0.09, 0.16, 0.11, 0.25, 0.1, 0.16]]",0.13,0.04,73,"[0.34, 0.12, 0.22, 0.32]","[[0, 0, 0, 0, 0, 0, 0, 0], [0, 0, 0, 0, 0, 0, 0, 0], [0, 0, 0, 0, 0, 0, 0, 0], [0, 0, 0, 0, 0, 0, 0, 0]]",0.072
1452,0.01,1,"[[0.19, 0.09, 0.13, 0.2, 0.03, 0.17, 0.2], [0.08, 0.14, 0.18, 0.15, 0.19, 0.11, 0.07], [0.15, 0.06, 0.07, 0.11, 0.19, 0.02, 0.14], [0.12, 0.04, 0.06, 0.04, 0.06, 0.19, 0.09]]",0.13,0.08,73,"[0.02, 0.85, 0.05, 0.08]","[[0, 1, 0, 0, 0, 0, 0, 0], [0, 0, 0, 0, 0, 0, 0, 0], [0, 0, 0, 0, 0, 0, 0, 0], [0, 0, 0, 0, 0, 0, 0, 0]]",0.072
1453,0.01,3,"[[0.08, 0.23, 0.16, 0.14, 0.22, 0.12, 0.2], [0.17, 0.2, 0.03, 0.17, 0.21, 0.17, 0.07], [0.08, 0.2, 0.14, 0.22, 0.1, 0.13, 0.17], [0.07, 0.12, 0.01, 0.11, 0.05, 0.12, 0.17]]",0.13,0.16,73,"[0.86, 0.03, 0.04, 0.07]","[[0, 0, 0, 0, 0, 0, 0, 0], [0, 0, 0, 0, 0, 0, 0, 0], [0, 0, 0, 0, 0, 0, 0, 0], [0, 0, 0, 0, 0, 0, 0, 0]]",0.072
1454,0.01,6,"[[0.2, 0.14, 0.16, 0.12, 0.21, 0.18, 0.23], [0.06, 0.09, 0.16, 0.16, 0.14, 0.12, 0.15], [0.23, 0.08, 0.17, 0.11, 0.04, 0.14, 0.15], [0.06, 0.12, 0.16, 0.23, 0.08, 0.11, 0.15]]",0.13,0.11,73,"[0.33, 0.18, 0.11, 0.38]","[[0, 0, 0, 0, 0, 0, 0, 0], [0, 0, 0, 0, 0, 0, 0, 0], [0, 0, 0, 0, 0, 0, 0, 0], [0, 0, 0, 0, 0, 0, 0, 0]]",0.072
1455,0.01,2,"[[0.09, 0.06, 0.16, 0.11, 0.12, 0.22, 0.04], [0.11, 0.19, 0.13, 0.18, 0.2, 0.12, 0.12], [0.11, 0.08, 0.15, 0.06, 0.15, 0.13, 0.16], [0.08, 0.15, 0.2, 0.17, 0.24, 0.04, 0.12]]",0.13,0.15,73,"[0.15, 0.32, 0.21, 0.32]","[[0, 0, 0, 0, 0, 0, 0, 0], [0, 0, 0, 0, 0, 0, 0, 0], [0, 0, 0, 0, 0, 0, 0, 0], [0, 0, 0, 0, 0, 0, 0, 0]]",0.072
1456,0.01,5,"[[0.16, 0.14, 0.08, 0.14, 0.11, 0.13, 0.09], [0.19, 0.11, 0.19, 0.08, 0.11, 0.19, 0.13], [0.21, 0.23, 0.11, 0.11, 0.1, 0.18, 0.03], [0.04, 0.14, 0.12, 0.13, 0.05, 0.04, 0.05]]",0.13,0.05,73,"[0.31, 0.22, 0.18, 0.29]","[[0, 0, 0, 0, 0, 0, 0, 0], [0, 0, 0, 0, 0, 0, 0, 0], [0, 0, 0, 0, 0, 0, 0, 0], [0, 0, 0, 0, 0, 0, 0, 0]]",0.072
1457,0.01,2,"[[0.02, 0.1, 0.05, 0.19, 0.09, 0.05, 0.06], [0.03, 0.12, 0.22, 0.08, 0.02, 0.07, 0.12], [0.18, 0.19, 0.1, 0.18, 0.18, 0.13, 0.15], [0.08, 0.17, 0.23, 0.11, 0.13, 0.16, 0.07]]",0.13,0.17,73,"[0.06, 0.06, 0.03, 0.85]","[[0, 0, 0, 0, 0, 0, 0, 0], [0, 0, 0, 0, 0, 0, 0, 0], [0, 0, 0, 0, 0, 0, 0, 0], [0, 0, 0, 0, 0, 0, 0, 0]]",0.072
1458,0.01,1,"[[0.06, 0.1, 0.22, 0.17, 0.09, 0.03, 0.08], [0.24, 0.07, 0.1, 0.11, 0.11, 0.15, 0.16], [0.04, 0.05, 0.2, 0.13, 0.03, 0.1, 0.19], [0.2, 0.09, 0.17, 0.15, 0.2, 0.1, 0.15]]",0.13,0.2,73,"[0.01, 0.1, 0.04, 0.85]","[[0, 0, 0, 0, 0, 0, 0, 0], [0, 0, 0, 0, 0, 0, 0, 0], [0, 0, 0, 0, 0, 0, 0, 0], [0, 1, 0, 0, 0, 0, 0, 0]]",0.072
1459,0.01,6,"[[0.1, 0.1, 0.17, 0.08, 0.04, 0.09, 0.12], [0.18, 0.07, 0.12, 0.15, 0.14, 0.22, 0.18], [0.17, 0.02, 0.06, 0.16, 0.1, 0.2, 0.19], [0.23, 0.18, 0.17, 0.22, 0.21, 0.09, 0.19]]",0.13,0.09,73,"[0.21, 0.32, 0.34, 0.13]","[[0, 0, 0, 0, 0, 0, 0, 0], [0, 0, 0, 0, 0, 0, 0, 0], [0, 0, 0, 0, 0, 0, 0, 0], [0, 0, 0, 0, 0, 0, 0, 0]]",0.072
1460,0.0,2,"[[0.06, 0.11, 0.17, 0.23, 0.15, 0.14, 0.21], [0.16, 0.17, 0.08, 0.04, 0.07, 0.21, 0.12], [0.2, 0.19, 0.13, 0.12, 0.17, 0.2, 0.16], [0.1, 0.1, 0.12, 0.16, 0.01, 0.17, 0.09]]",0.13,0.19,74,"[0.23, 0.25, 0.3, 0.22]","[[0, 14, 8, 11, 17, 0, 0, 0], [0, 1, 2, 3, 4, 5, 6, 7], [0, 15, 9, 12, 0, 0, 0, 0], [0, 16, 10, 13, 0, 0, 0, 0]]",0.072
1461,0.0,4,"[[0.04, 0.14, 0.09, 0.06, 0.18, 0.1, 0.07], [0.09, 0.13, 0.01, 0.23, 0.07, 0.19, 0.05], [0.08, 0.2, 0.08, 0.21, 0.07, 0.04, 0.22], [0.12, 0.1, 0.09, 0.18, 0.18, 0.04, 0.15]]",0.13,0.18,74,"[0.05, 0.03, 0.07, 0.85]","[[0, 0, 20, 0, 19, 10, 14, 13], [0, 0, 21, 0, 18, 9, 15, 12], [0, 0, 22, 0, 17, 8, 16, 11], [0, 1, 2, 3, 4, 5, 6, 7]]",0.072
1462,0.0,7,"[[0.21, 0.18, 0.18, 0.07, 0.17, 0.09, 0.08], [0.07, 0.09, 0.01, 0.16, 0.02, 0.06, 0.25], [0.21, 0.16, 0.24, 0.08, 0.24, 0.16, 0.09], [0.17, 0.08, 0.18, 0.24, 0.11, 0.09, 0.22]]",0.13,0.25,74,"[0.21, 0.27, 0.2, 0.32]","[[0, 22, 17, 16, 13, 23, 0, 10], [0, 21, 18, 15, 12, 24, 0, 9], [0, 20, 19, 14, 11, 25, 26, 8], [0, 1, 2, 3, 4, 5, 6, 7]]",0.072
1463,0.0,4,"[[0.2, 0.21, 0.23, 0.23, 0.18, 0.14, 0.22], [0.2, 0.22, 0.22, 0.25, 0.05, 0.12, 0.09], [0.02, 0.05, 0.07, 0.23, 0.14, 0.19, 0.02], [0.12, 0.1, 0.13, 0.23, 0.18, 0.06, 0.24]]",0.13,0.23,74,"[0.08, 0.03, 0.87, 0.02]","[[0, 0, 0, 0, 10, 11, 12, 13], [0, 0, 0, 0, 9, 15, 14, 0], [0, 1, 2, 3, 4, 5, 6, 7], [0, 0, 0, 0, 8, 16, 17, 18]]",0.072
1464,0.0,7,"[[0.15, 0.08, 0.15, 0.12, 0.15, 0.08, 0.22], [0.12, 0.2, 0.22, 0.16, 0.25, 0.12, 0.11], [0.19, 0.22, 0.15, 0.08, 0.12, 0.14, 0.2], [0.21, 0.16, 0.09, 0.16, 0.22, 0.15, 0.19]]",0.13,0.2,74,"[0.05, 0.07, 0.86, 0.02]","[[0, 16, 13, 0, 17, 0, 0, 9], [0, 14, 12, 0, 19, 0, 0, 8], [0, 1, 2, 3, 5, 4, 6, 7], [0, 15, 11, 0, 18, 0, 0, 10]]",0.072
1465,0.0,4,"[[0.22, 0.12, 0.18, 0.2, 0.04, 0.04, 0.16], [0.19, 0.18, 0.17, 0.17, 0.18, 0.2, 0.15], [0.03, 0.13, 0.18, 0.12, 0.17, 0.16, 0.08], [0.21, 0.09, 0.16, 0.11, 0.25, 0.1, 0.16]]",0.13,0.2,74,"[0.34, 0.12, 0.22, 0.32]","[[0, 1, 3, 2, 4, 5, 6, 7], [0, 15, 0, 0, 20, 18, 24, 21], [0, 16, 0, 0, 19, 17, 23, 22], [0, 9, 8, 10, 11, 12, 13, 14]]",0.072
1466,0.0,3,"[[0.14, 0.12, 0.08, 0.02, 0.14, 0.19, 0.09], [0.2, 0.01, 0.13, 0.03, 0.11, 0.06, 0.23], [0.19, 0.12, 0.16, 0.15, 0.16, 0.07, 0.21], [0.09, 0.14, 0.24, 0.12, 0.1, 0.2, 0.16]]",0.13,0.24,74,"[0.36, 0.17, 0.12, 0.35]","[[0, 9, 8, 10, 11, 12, 13, 14], [0, 17, 19, 16, 21, 0, 0, 0], [0, 18, 20, 15, 0, 0, 0, 0], [0, 1, 2, 3, 4, 5, 6, 7]]",0.072
1467,0.0,5,"[[0.07, 0.16, 0.11, 0.2, 0.2, 0.19, 0.16], [0.15, 0.22, 0.24, 0.17, 0.18, 0.12, 0.12], [0.11, 0.16, 0.11, 0.12, 0.21, 0.06, 0.16], [0.17, 0.22, 0.15, 0.11, 0.24, 0.11, 0.17]]",0.13,0.24,74,"[0.09, 0.03, 0.01, 0.87]","[[0, 0, 13, 23, 22, 10, 14, 15], [0, 0, 12, 0, 21, 9, 17, 16], [0, 0, 11, 0, 20, 8, 18, 19], [0, 1, 2, 3, 4, 5, 6, 7]]",0.072
1468,0.0,5,"[[0.05, 0.08, 0.17, 0.15, 0.22, 0.07, 0.07], [0.06, 0.1, 0.12, 0.11, 0.19, 0.16, 0.05], [0.19, 0.16, 0.13, 0.06, 0.18, 0.04, 0.24], [0.15, 0.24, 0.11, 0.13, 0.14, 0.03, 0.01]]",0.13,0.22,74,"[0.86, 0.01, 0.05, 0.08]","[[0, 1, 3, 2, 4, 5, 6, 7], [0, 0, 0, 22, 17, 8, 11, 12], [0, 0, 0, 21, 18, 9, 14, 13], [0, 0, 0, 20, 19, 10, 15, 16]]",0.072
1469,0.0,4,"[[0.18, 0.08, 0.14, 0.2, 0.12, 0.1, 0.1], [0.1, 0.05, 0.2, 0.13, 0.11, 0.09, 0.04], [0.15, 0.11, 0.22, 0.09, 0.14, 0.12, 0.12], [0.17, 0.01, 0.14, 0.05, 0.14, 0.07, 0.08]]",0.13,0.05,74,"[0.3, 0.22, 0.27, 0.21]","[[0, 1, 2, 3, 4, 5, 6, 7], [0, 17, 16, 11, 8, 0, 0, 0], [0, 18, 15, 12, 9, 0, 0, 0], [0, 0, 13, 14, 10, 0, 0, 0]]",0.072
1470,0.0,6,"[[3.55, 2.94, 0.08, 3.13, 2.15, 9.59, 4.77], [4.35, 5.83, 1.82, 2.79, 3.6, 4.35, 6.66], [4.91, 4.62, 9.06, 2.02, 4.04, 2.21, 7.62], [0.78, 5.9, 1.77, 4.45, 7.63, 4.39, 2.86]]",5.0,4.35,74,"[0.34, 0.11, 0.27, 0.28]","[[0, 1, 2, 3, 4, 5, 6, 7], [0, 0, 0, 0, 0, 0, 8, 11], [0, 0, 0, 0, 0, 0, 9, 12], [0, 0, 0, 0, 0, 0, 10, 0]]",2.994
1471,0.0,4,"[[8.51, 2.86, 5.22, 3.29, 7.8, 7.12, 2.91], [7.85, 5.63, 4.76, 5.73, 4.36, 4.99, 0.21], [1.1, 2.64, 4.86, 7.57, 7.15, 0.31, 2.34], [6.38, 5.91, 3.08, 6.0, 7.58, 3.85, 6.26]]",5.0,6.0,74,"[0.19, 0.32, 0.23, 0.26]","[[0, 18, 19, 11, 10, 20, 0, 21], [0, 1, 2, 3, 4, 5, 6, 7], [0, 16, 15, 12, 8, 22, 0, 0], [0, 17, 14, 13, 9, 0, 0, 0]]",2.994
1472,0.0,3,"[[3.25, 0.97, 8.64, 8.18, 2.13, 6.22, 0.77], [5.88, 7.57, 5.25, 3.43, 6.13, 3.52, 3.61], [5.54, 4.65, 8.68, 9.8, 7.31, 3.42, 4.37], [7.14, 2.83, 7.59, 3.91, 6.6, 1.41, 1.96]]",5.0,7.59,74,"[0.06, 0.03, 0.01, 0.9]","[[0, 16, 11, 10, 17, 22, 23, 0], [0, 15, 12, 9, 18, 21, 24, 0], [0, 14, 13, 8, 19, 20, 0, 0], [0, 1, 2, 3, 4, 5, 6, 7]]",2.994
1473,0.0,4,"[[7.32, 4.38, 4.99, 7.76, 5.0, 5.94, 2.36], [8.4, 3.61, 8.45, 4.23, 7.02, 4.36, 9.23], [1.69, 3.23, 3.54, 3.86, 3.72, 2.06, 0.61], [7.94, 7.02, 6.73, 4.28, 8.5, 0.13, 2.63]]",5.0,7.76,74,"[0.85, 0.03, 0.11, 0.01]","[[0, 1, 2, 3, 4, 5, 6, 7], [0, 9, 8, 14, 15, 0, 18, 21], [0, 10, 11, 0, 16, 0, 19, 22], [0, 13, 12, 0, 17, 0, 20, 23]]",2.994
1474,0.0,3,"[[7.29, 4.26, 4.93, 3.96, 3.34, 8.54, 6.49], [0.79, 3.44, 2.71, 8.71, 2.86, 7.09, 3.94], [9.61, 8.74, 7.3, 3.82, 1.83, 1.17, 5.37], [2.04, 1.98, 8.39, 1.63, 1.8, 1.97, 7.71]]",5.0,4.93,74,"[0.21, 0.28, 0.29, 0.22]","[[0, 10, 11, 16, 17, 22, 0, 0], [0, 9, 12, 15, 18, 21, 0, 0], [0, 1, 2, 3, 4, 5, 6, 7], [0, 8, 13, 14, 19, 20, 0, 0]]",2.994
1475,0.0,5,"[[7.04, 7.27, 1.99, 4.87, 6.53, 6.34, 1.47], [5.29, 2.16, 9.06, 4.67, 7.92, 5.41, 7.56], [6.95, 5.35, 1.7, 4.81, 6.84, 1.21, 8.92], [6.63, 5.53, 4.35, 1.42, 5.69, 5.92, 4.12]]",5.0,7.92,74,"[0.07, 0.87, 0.03, 0.03]","[[0, 25, 26, 20, 19, 8, 11, 12], [0, 1, 2, 3, 4, 5, 6, 7], [0, 0, 24, 21, 18, 9, 15, 13], [0, 0, 23, 22, 17, 10, 14, 16]]",2.994
1476,0.0,4,"[[6.38, 4.4, 2.78, 4.02, 3.28, 4.56, 6.79], [6.89, 5.4, 5.87, 9.63, 0.42, 4.93, 4.29], [2.96, 2.23, 8.29, 4.74, 3.72, 2.39, 0.86], [5.36, 5.18, 6.28, 1.08, 2.81, 5.95, 9.65]]",5.0,4.74,74,"[0.2, 0.38, 0.3, 0.12]","[[0, 19, 14, 13, 8, 20, 25, 26], [0, 1, 2, 3, 4, 5, 6, 7], [0, 18, 15, 12, 9, 21, 24, 0], [0, 17, 16, 11, 10, 22, 23, 0]]",2.994
1477,0.0,4,"[[5.16, 3.84, 2.97, 6.89, 7.92, 3.02, 6.81], [6.93, 3.64, 5.33, 8.47, 3.82, 8.88, 7.83], [4.51, 5.38, 9.21, 3.79, 4.77, 9.29, 4.59], [3.55, 8.48, 4.66, 2.28, 3.95, 2.95, 5.67]]",5.0,6.89,74,"[0.86, 0.08, 0.05, 0.01]","[[0, 1, 2, 3, 4, 5, 6, 7], [0, 28, 23, 22, 17, 8, 11, 12], [0, 27, 24, 21, 18, 9, 14, 13], [0, 26, 25, 20, 19, 10, 15, 16]]",2.994
1478,0.0,4,"[[6.26, 0.19, 5.42, 8.23, 3.15, 1.79, 3.82], [4.19, 3.39, 2.75, 9.2, 5.7, 3.44, 3.56], [5.45, 5.72, 8.61, 4.63, 8.16, 8.36, 7.19], [3.14, 2.27, 7.83, 9.11, 0.69, 3.38, 9.35]]",5.0,9.11,74,"[0.1, 0.01, 0.01, 0.88]","[[0, 26, 25, 20, 10, 11, 16, 17], [0, 27, 24, 21, 9, 12, 15, 18], [0, 28, 23, 22, 8, 13, 14, 19], [0, 1, 2, 3, 4, 5, 6, 7]]",2.994
1479,0.0,6,"[[8.02, 3.92, 3.11, 4.49, 4.13, 7.86, 3.71], [5.5, 3.12, 4.78, 4.63, 5.83, 9.55, 5.01], [6.87, 6.07, 1.32, 5.58, 8.22, 5.74, 5.54], [4.62, 3.36, 5.75, 5.59, 2.34, 1.7, 6.64]]",5.0,9.55,74,"[0.25, 0.27, 0.24, 0.24]","[[0, 26, 25, 20, 19, 14, 13, 8], [0, 1, 2, 3, 4, 5, 6, 7], [0, 27, 24, 21, 18, 15, 12, 9], [0, 0, 23, 22, 17, 16, 11, 10]]",2.994
1480,0.0,3,"[[3.4, 2.14, 9.33, 2.59, 4.55, 1.09, 2.85], [2.69, 7.17, 4.91, 8.03, 6.07, 6.49, 2.28], [2.24, 5.15, 4.83, 2.39, 2.78, 7.43, 5.61], [3.01, 5.69, 6.66, 3.22, 3.6, 8.48, 3.28]]",5.0,4.83,75,"[0.07, 0.01, 0.9, 0.02]","[[0, 1, 5, 12, 13, 20, 21, 0], [0, 2, 6, 11, 14, 19, 0, 0], [0, 3, 7, 10, 15, 18, 0, 0], [0, 4, 8, 9, 16, 17, 0, 0]]",2.994
1481,0.0,1,"[[5.63, 2.91, 6.84, 6.5, 2.65, 5.91, 4.09], [5.16, 0.83, 2.41, 5.99, 6.15, 3.67, 6.12], [5.67, 9.08, 3.93, 7.57, 5.62, 2.51, 2.61], [4.59, 1.2, 4.42, 1.16, 8.17, 8.27, 1.11]]",5.0,5.67,75,"[0.14, 0.34, 0.35, 0.17]","[[0, 1, 2, 9, 13, 17, 21, 23], [0, 3, 4, 10, 14, 18, 22, 0], [0, 5, 6, 11, 15, 19, 0, 0], [0, 7, 8, 12, 16, 20, 0, 0]]",2.994
1482,0.0,1,"[[2.54, 7.44, 2.24, 4.32, 2.76, 9.01, 8.48], [1.82, 8.34, 6.23, 3.89, 6.94, 3.11, 6.18], [7.6, 3.71, 5.31, 9.83, 1.09, 3.87, 7.81], [7.76, 7.0, 2.77, 7.48, 3.83, 0.31, 3.13]]",5.0,7.76,75,"[0.04, 0.07, 0.03, 0.86]","[[0, 1, 8, 0, 0, 0, 0, 0], [0, 2, 7, 0, 0, 0, 0, 0], [0, 3, 6, 0, 0, 0, 0, 0], [0, 4, 5, 9, 10, 11, 12, 13]]",2.994
1483,0.0,1,"[[7.78, 7.83, 6.34, 3.49, 9.25, 4.1, 8.16], [4.02, 5.78, 4.37, 3.5, 3.65, 5.34, 1.1], [4.29, 1.52, 3.77, 7.63, 3.05, 0.82, 4.95], [8.46, 6.15, 6.73, 3.18, 8.15, 6.29, 5.32]]",5.0,4.29,75,"[0.2, 0.29, 0.22, 0.29]","[[0, 0, 0, 0, 0, 0, 0, 0], [0, 8, 9, 10, 11, 12, 13, 14], [0, 0, 0, 0, 0, 0, 0, 0], [0, 1, 2, 3, 4, 5, 6, 7]]",2.994
1484,0.0,6,"[[6.18, 4.93, 6.72, 3.3, 6.34, 6.06, 5.41], [7.2, 2.38, 3.93, 9.67, 4.79, 7.96, 3.99], [0.82, 2.25, 1.43, 2.43, 5.42, 7.07, 9.93], [9.97, 3.97, 5.79, 8.9, 4.27, 7.39, 5.81]]",5.0,7.96,75,"[0.28, 0.28, 0.19, 0.25]","[[0, 8, 9, 10, 11, 12, 13, 14], [0, 1, 2, 3, 4, 5, 6, 7], [0, 0, 0, 0, 0, 0, 0, 0], [0, 0, 0, 0, 0, 15, 16, 0]]",2.994
1485,0.0,3,"[[5.28, 9.9, 6.81, 1.61, 2.79, 8.92, 6.09], [3.46, 6.68, 6.44, 3.71, 3.55, 0.25, 8.07], [6.52, 2.17, 8.0, 8.5, 5.35, 1.81, 3.32], [5.89, 1.86, 6.44, 5.29, 3.29, 8.96, 7.12]]",5.0,6.44,75,"[0.23, 0.3, 0.24, 0.23]","[[0, 0, 0, 0, 0, 0, 0, 0], [0, 1, 2, 3, 4, 5, 6, 7], [0, 8, 9, 10, 11, 12, 13, 14], [0, 0, 0, 0, 0, 0, 0, 0]]",2.994
1486,0.0,4,"[[7.32, 4.38, 4.99, 7.76, 5.0, 5.94, 2.36], [8.4, 3.61, 8.45, 4.23, 7.02, 4.36, 9.23], [1.69, 3.23, 3.54, 3.86, 3.72, 2.06, 0.61], [7.94, 7.02, 6.73, 4.28, 8.5, 0.13, 2.63]]",5.0,3.86,75,"[0.85, 0.03, 0.11, 0.01]","[[0, 1, 2, 3, 4, 5, 6, 7], [0, 0, 0, 0, 0, 0, 0, 0], [0, 8, 9, 10, 11, 12, 13, 14], [0, 0, 0, 0, 0, 0, 0, 0]]",2.994
1487,0.0,5,"[[5.16, 3.84, 2.97, 6.89, 7.92, 3.02, 6.81], [6.93, 3.64, 5.33, 8.47, 3.82, 8.88, 7.83], [4.51, 5.38, 9.21, 3.79, 4.77, 9.29, 4.59], [3.55, 8.48, 4.66, 2.28, 3.95, 2.95, 5.67]]",5.0,7.92,75,"[0.86, 0.08, 0.05, 0.01]","[[0, 1, 2, 3, 4, 5, 6, 7], [0, 12, 0, 10, 11, 8, 0, 0], [0, 13, 0, 0, 0, 9, 0, 0], [0, 0, 0, 0, 0, 0, 0, 0]]",2.994
1488,0.0,5,"[[3.95, 8.96, 8.28, 6.18, 7.02, 4.65, 4.21], [7.39, 4.82, 4.44, 1.73, 7.35, 9.66, 2.04], [6.67, 2.62, 2.43, 7.24, 6.32, 7.33, 5.82], [4.75, 4.96, 2.68, 1.71, 6.22, 1.58, 9.11]]",5.0,6.32,75,"[0.25, 0.24, 0.28, 0.23]","[[0, 0, 0, 0, 8, 13, 0, 0], [0, 0, 0, 0, 9, 12, 0, 0], [0, 1, 2, 3, 4, 5, 6, 7], [0, 0, 0, 0, 10, 11, 0, 0]]",2.994
1489,0.0,5,"[[0.95, 2.78, 3.25, 5.38, 7.09, 3.77, 4.83], [7.13, 8.96, 5.39, 2.27, 8.34, 7.96, 4.55], [9.77, 5.61, 8.97, 8.09, 6.52, 2.37, 9.08], [8.52, 1.84, 1.06, 3.62, 0.7, 3.27, 0.14]]",5.0,6.52,75,"[0.85, 0.07, 0.07, 0.01]","[[0, 1, 2, 3, 4, 5, 6, 7], [0, 0, 0, 0, 0, 8, 0, 0], [0, 0, 0, 0, 0, 9, 0, 0], [0, 0, 0, 0, 0, 10, 0, 0]]",2.994
1490,0.0,4,"[[0.15, 0.06, 0.09, 0.11, 0.16, 0.04, 0.14], [0.13, 0.19, 0.06, 0.21, 0.14, 0.09, 0.14], [0.16, 0.13, 0.11, 0.14, 0.1, 0.12, 0.12], [0.2, 0.09, 0.2, 0.06, 0.12, 0.09, 0.16]]",0.13,0.14,75,"[0.08, 0.04, 0.87, 0.01]","[[0, 0, 0, 0, 0, 0, 0, 0], [0, 0, 0, 0, 8, 0, 0, 0], [0, 1, 2, 3, 4, 5, 6, 7], [0, 0, 0, 0, 0, 0, 0, 0]]",0.072
1491,0.0,4,"[[0.15, 0.08, 0.16, 0.16, 0.12, 0.04, 0.13], [0.17, 0.17, 0.2, 0.1, 0.06, 0.16, 0.12], [0.04, 0.25, 0.2, 0.11, 0.04, 0.11, 0.24], [0.15, 0.14, 0.05, 0.11, 0.22, 0.22, 0.2]]",0.13,0.1,75,"[0.01, 0.89, 0.09, 0.01]","[[0, 0, 0, 0, 0, 0, 0, 0], [0, 1, 2, 3, 4, 5, 6, 7], [0, 8, 9, 10, 11, 12, 13, 14], [0, 0, 0, 0, 0, 0, 0, 0]]",0.072
1492,0.0,5,"[[0.07, 0.16, 0.11, 0.2, 0.2, 0.19, 0.16], [0.15, 0.22, 0.24, 0.17, 0.18, 0.12, 0.12], [0.11, 0.16, 0.11, 0.12, 0.21, 0.06, 0.16], [0.17, 0.22, 0.15, 0.11, 0.24, 0.11, 0.17]]",0.13,0.24,75,"[0.09, 0.03, 0.01, 0.87]","[[0, 0, 0, 0, 0, 8, 0, 0], [0, 0, 0, 0, 0, 0, 0, 0], [0, 0, 0, 0, 0, 0, 0, 0], [0, 1, 2, 3, 4, 5, 6, 7]]",0.072
1493,0.0,4,"[[0.16, 0.14, 0.08, 0.14, 0.11, 0.13, 0.09], [0.19, 0.11, 0.19, 0.08, 0.11, 0.19, 0.13], [0.21, 0.23, 0.11, 0.11, 0.1, 0.18, 0.03], [0.04, 0.14, 0.12, 0.13, 0.05, 0.04, 0.05]]",0.13,0.14,75,"[0.31, 0.22, 0.18, 0.29]","[[0, 1, 2, 3, 4, 5, 6, 7], [0, 16, 0, 0, 15, 0, 0, 0], [0, 0, 0, 0, 0, 0, 0, 0], [0, 8, 9, 10, 11, 12, 13, 14]]",0.072
1494,0.0,7,"[[0.17, 0.04, 0.18, 0.09, 0.04, 0.16, 0.22], [0.22, 0.14, 0.04, 0.11, 0.04, 0.23, 0.13], [0.09, 0.1, 0.01, 0.06, 0.15, 0.17, 0.05], [0.04, 0.06, 0.1, 0.03, 0.1, 0.03, 0.15]]",0.13,0.22,75,"[0.35, 0.15, 0.13, 0.37]","[[0, 8, 9, 10, 11, 12, 13, 14], [0, 0, 0, 0, 0, 0, 0, 0], [0, 0, 0, 0, 0, 0, 0, 0], [0, 1, 2, 3, 4, 5, 6, 7]]",0.072
1495,0.0,7,"[[0.11, 0.13, 0.2, 0.15, 0.12, 0.07, 0.12], [0.17, 0.14, 0.08, 0.03, 0.14, 0.12, 0.21], [0.15, 0.05, 0.06, 0.08, 0.07, 0.16, 0.13], [0.11, 0.11, 0.13, 0.18, 0.08, 0.12, 0.15]]",0.13,0.12,75,"[0.11, 0.38, 0.34, 0.17]","[[0, 0, 0, 0, 0, 0, 0, 0], [0, 1, 2, 3, 4, 5, 6, 7], [0, 8, 9, 10, 11, 12, 13, 14], [0, 0, 0, 0, 0, 0, 0, 0]]",0.072
1496,0.0,1,"[[0.06, 0.1, 0.22, 0.17, 0.09, 0.03, 0.08], [0.24, 0.07, 0.1, 0.11, 0.11, 0.15, 0.16], [0.04, 0.05, 0.2, 0.13, 0.03, 0.1, 0.19], [0.2, 0.09, 0.17, 0.15, 0.2, 0.1, 0.15]]",0.13,0.24,75,"[0.01, 0.1, 0.04, 0.85]","[[0, 0, 0, 0, 0, 0, 0, 0], [0, 8, 9, 10, 11, 12, 13, 14], [0, 0, 0, 0, 0, 0, 0, 0], [0, 1, 2, 3, 4, 5, 6, 7]]",0.072
1497,0.0,2,"[[0.01, 0.19, 0.1, 0.03, 0.13, 0.15, 0.13], [0.17, 0.18, 0.07, 0.17, 0.17, 0.12, 0.12], [0.11, 0.17, 0.18, 0.22, 0.08, 0.06, 0.07], [0.12, 0.02, 0.07, 0.16, 0.17, 0.14, 0.04]]",0.13,0.17,75,"[0.3, 0.29, 0.13, 0.28]","[[0, 1, 2, 3, 4, 5, 6, 7], [0, 0, 9, 0, 0, 0, 8, 0], [0, 0, 13, 0, 0, 0, 12, 0], [0, 0, 10, 0, 0, 0, 11, 0]]",0.072
1498,0.0,1,"[[0.11, 0.17, 0.16, 0.1, 0.16, 0.08, 0.16], [0.14, 0.11, 0.1, 0.17, 0.15, 0.09, 0.15], [0.18, 0.13, 0.06, 0.09, 0.04, 0.12, 0.18], [0.24, 0.17, 0.23, 0.17, 0.08, 0.13, 0.06]]",0.13,0.14,75,"[0.26, 0.27, 0.3, 0.17]","[[0, 9, 0, 0, 0, 0, 0, 0], [0, 8, 0, 0, 0, 0, 0, 0], [0, 1, 2, 3, 4, 5, 6, 7], [0, 10, 0, 0, 0, 0, 0, 0]]",0.072
1499,0.0,7,"[[0.19, 0.11, 0.24, 0.23, 0.21, 0.14, 0.16], [0.12, 0.1, 0.02, 0.19, 0.1, 0.08, 0.14], [0.05, 0.21, 0.07, 0.2, 0.09, 0.02, 0.23], [0.09, 0.04, 0.09, 0.14, 0.18, 0.2, 0.23]]",0.13,0.23,75,"[0.03, 0.01, 0.92, 0.04]","[[0, 0, 0, 0, 0, 0, 0, 9], [0, 0, 0, 0, 0, 0, 0, 10], [0, 1, 2, 3, 4, 5, 6, 7], [0, 0, 0, 0, 0, 0, 0, 8]]",0.072
1500,0.0,2,"[[0.01, 0.19, 0.1, 0.03, 0.13, 0.15, 0.13], [0.17, 0.18, 0.07, 0.17, 0.17, 0.12, 0.12], [0.11, 0.17, 0.18, 0.22, 0.08, 0.06, 0.07], [0.12, 0.02, 0.07, 0.16, 0.17, 0.14, 0.04]]",0.13,0.17,76,"[0.3, 0.29, 0.13, 0.28]","[[0, 0, 1, 5, 9, 10, 15, 17], [0, 19, 4, 3, 8, 11, 14, 16], [0, 0, 0, 0, 0, 0, 0, 0], [0, 0, 2, 6, 7, 12, 13, 18]]",0.072
1501,0.0,4,"[[0.19, 0.11, 0.24, 0.23, 0.21, 0.14, 0.16], [0.12, 0.1, 0.02, 0.19, 0.1, 0.08, 0.14], [0.05, 0.21, 0.07, 0.2, 0.09, 0.02, 0.23], [0.09, 0.04, 0.09, 0.14, 0.18, 0.2, 0.23]]",0.13,0.14,76,"[0.03, 0.01, 0.92, 0.04]","[[0, 0, 10, 0, 11, 0, 0, 0], [0, 0, 9, 0, 8, 0, 0, 0], [0, 1, 2, 3, 4, 5, 7, 6], [0, 0, 12, 0, 13, 0, 0, 0]]",0.072
1502,0.0,7,"[[0.11, 0.13, 0.2, 0.15, 0.12, 0.07, 0.12], [0.17, 0.14, 0.08, 0.03, 0.14, 0.12, 0.21], [0.15, 0.05, 0.06, 0.08, 0.07, 0.16, 0.13], [0.11, 0.11, 0.13, 0.18, 0.08, 0.12, 0.15]]",0.13,0.13,76,"[0.11, 0.38, 0.34, 0.17]","[[0, 6, 5, 12, 13, 20, 21, 26], [0, 1, 7, 11, 14, 19, 24, 25], [0, 2, 8, 9, 15, 18, 23, 27], [0, 3, 4, 10, 16, 17, 22, 28]]",0.072
1503,0.0,5,"[[0.19, 0.09, 0.13, 0.2, 0.03, 0.17, 0.2], [0.08, 0.14, 0.18, 0.15, 0.19, 0.11, 0.07], [0.15, 0.06, 0.07, 0.11, 0.19, 0.02, 0.14], [0.12, 0.04, 0.06, 0.04, 0.06, 0.19, 0.09]]",0.13,0.19,76,"[0.02, 0.85, 0.05, 0.08]","[[0, 1, 8, 9, 15, 21, 20, 27], [0, 2, 7, 10, 14, 19, 22, 26], [0, 3, 6, 11, 16, 17, 23, 28], [0, 4, 5, 12, 13, 18, 24, 25]]",0.072
1504,0.0,4,"[[0.21, 0.14, 0.05, 0.18, 0.12, 0.1, 0.15], [0.03, 0.07, 0.04, 0.14, 0.13, 0.15, 0.2], [0.05, 0.14, 0.08, 0.16, 0.04, 0.13, 0.08], [0.19, 0.12, 0.09, 0.06, 0.18, 0.05, 0.09]]",0.13,0.16,76,"[0.01, 0.02, 0.88, 0.09]","[[0, 1, 7, 12, 13, 20, 21, 27], [0, 2, 6, 11, 14, 19, 22, 26], [0, 3, 8, 10, 15, 18, 23, 28], [0, 4, 5, 9, 16, 17, 24, 25]]",0.072
1505,0.0,7,"[[0.2, 0.14, 0.16, 0.12, 0.21, 0.18, 0.23], [0.06, 0.09, 0.16, 0.16, 0.14, 0.12, 0.15], [0.23, 0.08, 0.17, 0.11, 0.04, 0.14, 0.15], [0.06, 0.12, 0.16, 0.23, 0.08, 0.11, 0.15]]",0.13,0.15,76,"[0.33, 0.18, 0.11, 0.38]","[[0, 1, 8, 9, 16, 17, 24, 25], [0, 2, 7, 10, 15, 18, 23, 26], [0, 3, 6, 11, 14, 19, 22, 27], [0, 4, 5, 12, 13, 20, 21, 28]]",0.072
1506,0.0,5,"[[0.08, 0.23, 0.11, 0.15, 0.14, 0.16, 0.07], [0.19, 0.17, 0.09, 0.16, 0.14, 0.09, 0.03], [0.13, 0.11, 0.24, 0.17, 0.14, 0.06, 0.15], [0.09, 0.17, 0.09, 0.17, 0.19, 0.1, 0.17]]",0.13,0.19,76,"[0.01, 0.02, 0.11, 0.86]","[[0, 1, 7, 10, 15, 20, 22, 28], [0, 2, 8, 9, 14, 19, 21, 27], [0, 3, 6, 11, 16, 18, 23, 26], [0, 4, 5, 12, 13, 17, 24, 25]]",0.072
1507,0.0,6,"[[0.07, 0.07, 0.17, 0.05, 0.08, 0.18, 0.15], [0.19, 0.17, 0.06, 0.13, 0.2, 0.13, 0.2], [0.08, 0.18, 0.04, 0.21, 0.15, 0.15, 0.18], [0.06, 0.08, 0.09, 0.02, 0.12, 0.19, 0.09]]",0.13,0.13,76,"[0.31, 0.27, 0.19, 0.23]","[[0, 1, 8, 9, 15, 17, 23, 28], [0, 2, 7, 10, 16, 18, 22, 27], [0, 3, 6, 11, 14, 24, 20, 26], [0, 4, 5, 12, 13, 19, 21, 25]]",0.072
1508,0.0,1,"[[0.23, 0.06, 0.08, 0.13, 0.11, 0.05, 0.11], [0.17, 0.17, 0.17, 0.13, 0.09, 0.2, 0.07], [0.21, 0.11, 0.17, 0.05, 0.13, 0.11, 0.17], [0.16, 0.02, 0.2, 0.19, 0.23, 0.13, 0.13]]",0.13,0.23,76,"[0.24, 0.22, 0.21, 0.33]","[[0, 2, 8, 9, 16, 18, 23, 24], [0, 1, 7, 10, 15, 17, 22, 25], [0, 3, 6, 11, 14, 19, 21, 26], [0, 4, 5, 12, 13, 20, 28, 27]]",0.072
1509,0.0,5,"[[0.07, 0.16, 0.11, 0.2, 0.2, 0.19, 0.16], [0.15, 0.22, 0.24, 0.17, 0.18, 0.12, 0.12], [0.11, 0.16, 0.11, 0.12, 0.21, 0.06, 0.16], [0.17, 0.22, 0.15, 0.11, 0.24, 0.11, 0.17]]",0.13,0.24,76,"[0.09, 0.03, 0.01, 0.87]","[[0, 1, 8, 9, 16, 17, 24, 25], [0, 2, 7, 10, 15, 18, 23, 26], [0, 3, 6, 11, 14, 20, 22, 27], [0, 4, 5, 12, 13, 19, 21, 28]]",0.072
1510,0.0,1,"[[4.36, 8.7, 5.94, 4.41, 8.37, 5.83, 0.58], [9.58, 2.24, 8.49, 4.24, 4.63, 4.53, 5.29], [6.08, 4.31, 5.59, 3.3, 3.91, 4.21, 4.74], [9.25, 5.33, 1.67, 7.75, 5.64, 2.81, 3.02]]",5.0,9.58,76,"[0.31, 0.27, 0.14, 0.28]","[[0, 1, 8, 9, 16, 17, 26, 25], [0, 2, 7, 10, 15, 18, 22, 27], [0, 3, 6, 11, 14, 19, 21, 24], [0, 4, 5, 12, 13, 20, 23, 28]]",2.994
1511,0.0,2,"[[0.72, 5.25, 9.97, 4.85, 8.58, 2.57, 9.15], [5.48, 9.36, 2.36, 9.25, 3.72, 4.76, 6.74], [7.14, 7.36, 2.91, 4.13, 7.03, 8.48, 0.38], [5.84, 6.37, 7.56, 3.71, 4.02, 2.93, 0.09]]",5.0,9.36,76,"[0.03, 0.85, 0.06, 0.06]","[[0, 0, 0, 0, 0, 0, 0, 0], [0, 2, 1, 3, 4, 5, 6, 7], [0, 0, 0, 0, 0, 0, 0, 0], [0, 0, 0, 0, 0, 0, 0, 0]]",2.994
1512,0.0,3,"[[3.25, 0.97, 8.64, 8.18, 2.13, 6.22, 0.77], [5.88, 7.57, 5.25, 3.43, 6.13, 3.52, 3.61], [5.54, 4.65, 8.68, 9.8, 7.31, 3.42, 4.37], [7.14, 2.83, 7.59, 3.91, 6.6, 1.41, 1.96]]",5.0,7.59,76,"[0.06, 0.03, 0.01, 0.9]","[[0, 0, 0, 0, 0, 0, 0, 0], [0, 0, 0, 0, 0, 0, 0, 0], [0, 0, 0, 0, 0, 0, 0, 0], [0, 1, 2, 3, 4, 5, 6, 7]]",2.994
1513,0.0,5,"[[3.95, 8.96, 8.28, 6.18, 7.02, 4.65, 4.21], [7.39, 4.82, 4.44, 1.73, 7.35, 9.66, 2.04], [6.67, 2.62, 2.43, 7.24, 6.32, 7.33, 5.82], [4.75, 4.96, 2.68, 1.71, 6.22, 1.58, 9.11]]",5.0,7.02,76,"[0.25, 0.24, 0.28, 0.23]","[[0, 14, 13, 12, 11, 10, 8, 9], [0, 15, 16, 17, 18, 19, 20, 21], [0, 1, 2, 3, 4, 5, 6, 7], [0, 27, 26, 28, 25, 24, 23, 22]]",2.994
1514,0.0,4,"[[5.12, 1.51, 5.2, 6.71, 2.69, 8.45, 7.56], [1.26, 6.81, 6.02, 6.85, 3.83, 2.04, 5.15], [0.77, 1.29, 6.67, 1.6, 1.63, 0.54, 0.89], [4.2, 5.58, 3.29, 3.97, 3.54, 6.37, 4.95]]",5.0,3.97,76,"[0.21, 0.27, 0.19, 0.33]","[[0, 1, 8, 9, 16, 17, 24, 25], [0, 2, 7, 10, 15, 18, 23, 26], [0, 3, 6, 11, 14, 19, 22, 27], [0, 4, 5, 12, 13, 20, 21, 28]]",2.994
1515,0.0,4,"[[6.2, 4.19, 3.44, 8.27, 6.51, 4.65, 4.01], [2.89, 4.13, 4.82, 8.89, 9.25, 0.96, 6.04], [8.8, 2.84, 4.5, 4.81, 3.19, 0.46, 7.31], [5.12, 1.87, 1.91, 7.0, 2.08, 5.06, 2.86]]",5.0,8.89,76,"[0.15, 0.21, 0.3, 0.34]","[[0, 1, 8, 9, 16, 17, 24, 25], [0, 2, 7, 10, 15, 18, 23, 26], [0, 3, 6, 11, 14, 19, 22, 27], [0, 4, 5, 12, 13, 20, 21, 28]]",2.994
1516,0.0,5,"[[4.41, 7.98, 5.03, 0.94, 6.07, 7.96, 3.08], [7.18, 6.38, 1.11, 4.77, 7.21, 4.82, 4.9], [5.63, 7.2, 7.79, 1.19, 2.56, 6.05, 3.13], [2.67, 2.05, 5.91, 4.15, 9.55, 4.46, 9.22]]",5.0,9.55,76,"[0.04, 0.02, 0.05, 0.89]","[[0, 0, 0, 0, 0, 0, 0, 0], [0, 0, 0, 0, 0, 0, 0, 0], [0, 0, 0, 0, 0, 0, 0, 0], [0, 1, 2, 3, 4, 5, 6, 7]]",2.994
1517,0.0,7,"[[5.71, 4.0, 7.87, 3.26, 8.95, 9.97, 6.35], [4.81, 5.73, 5.74, 5.66, 5.51, 4.81, 7.59], [6.14, 5.62, 3.6, 6.94, 3.42, 3.6, 6.26], [1.09, 4.7, 1.56, 4.05, 2.65, 4.29, 5.33]]",5.0,5.33,76,"[0.02, 0.08, 0.03, 0.87]","[[0, 0, 0, 0, 0, 0, 0, 0], [0, 8, 14, 9, 10, 11, 12, 13], [0, 0, 0, 0, 0, 0, 0, 0], [0, 1, 2, 3, 4, 5, 6, 7]]",2.994
1518,0.0,1,"[[7.74, 3.22, 6.43, 3.71, 7.81, 4.87, 5.0], [6.79, 7.24, 2.38, 4.86, 3.87, 6.17, 4.92], [3.15, 9.58, 2.44, 5.2, 8.45, 2.58, 2.29], [4.2, 1.81, 5.9, 9.47, 8.69, 2.45, 6.94]]",5.0,3.15,76,"[0.15, 0.38, 0.14, 0.33]","[[0, 0, 0, 0, 0, 0, 0, 0], [0, 1, 4, 5, 7, 9, 11, 13], [0, 0, 0, 0, 0, 0, 0, 0], [0, 2, 3, 6, 8, 10, 12, 14]]",2.994
1519,0.0,4,"[[5.97, 8.23, 1.24, 7.62, 4.62, 4.29, 5.98], [8.29, 4.65, 5.55, 1.01, 2.98, 8.74, 8.92], [1.93, 2.81, 4.79, 6.01, 7.29, 6.55, 4.48], [9.09, 1.98, 6.38, 4.5, 3.08, 5.26, 4.47]]",5.0,7.62,76,"[0.86, 0.01, 0.12, 0.01]","[[0, 1, 3, 4, 5, 6, 7, 8], [0, 2, 16, 20, 21, 24, 25, 28], [0, 15, 14, 13, 12, 11, 10, 9], [0, 18, 17, 19, 22, 23, 26, 27]]",2.994
1520,0.0,7,"[[7.29, 4.26, 4.93, 3.96, 3.34, 8.54, 6.49], [0.79, 3.44, 2.71, 8.71, 2.86, 7.09, 3.94], [9.61, 8.74, 7.3, 3.82, 1.83, 1.17, 5.37], [2.04, 1.98, 8.39, 1.63, 1.8, 1.97, 7.71]]",5.0,7.71,77,"[0.21, 0.28, 0.29, 0.22]","[[0, 0, 5, 0, 0, 7, 0, 10], [0, 0, 2, 1, 0, 6, 0, 11], [0, 0, 3, 0, 0, 8, 0, 12], [0, 0, 4, 0, 0, 9, 0, 13]]",2.994
1521,0.0,6,"[[1.63, 4.7, 3.32, 2.64, 8.47, 3.24, 4.54], [8.67, 5.47, 1.74, 1.77, 1.06, 7.43, 3.25], [4.05, 4.33, 1.96, 6.68, 6.28, 9.52, 7.64], [3.95, 5.24, 1.85, 2.91, 0.64, 2.21, 1.85]]",5.0,7.43,77,"[0.05, 0.89, 0.05, 0.01]","[[0, 0, 9, 21, 1, 0, 5, 0], [0, 0, 11, 22, 2, 0, 6, 0], [0, 20, 10, 15, 3, 13, 7, 17], [0, 19, 12, 16, 4, 14, 8, 18]]",2.994
1522,0.0,5,"[[5.92, 9.68, 5.15, 2.59, 5.89, 7.38, 2.85], [1.22, 5.64, 6.3, 3.82, 9.13, 6.51, 3.36], [6.72, 1.0, 8.86, 8.25, 8.82, 6.13, 4.12], [7.5, 7.75, 5.39, 3.9, 7.48, 3.23, 1.98]]",5.0,9.13,77,"[0.3, 0.17, 0.24, 0.29]","[[0, 0, 0, 6, 1, 10, 11, 18], [0, 0, 0, 5, 2, 9, 12, 17], [0, 0, 0, 3, 0, 7, 13, 16], [0, 0, 0, 4, 0, 8, 14, 15]]",2.994
1523,0.0,2,"[[5.97, 8.23, 1.24, 7.62, 4.62, 4.29, 5.98], [8.29, 4.65, 5.55, 1.01, 2.98, 8.74, 8.92], [1.93, 2.81, 4.79, 6.01, 7.29, 6.55, 4.48], [9.09, 1.98, 6.38, 4.5, 3.08, 5.26, 4.47]]",5.0,8.23,77,"[0.86, 0.01, 0.12, 0.01]","[[0, 15, 9, 5, 1, 17, 18, 19], [0, 14, 10, 6, 2, 0, 0, 0], [0, 13, 11, 7, 3, 0, 0, 0], [0, 16, 12, 8, 4, 0, 0, 0]]",2.994
1524,0.0,7,"[[5.71, 4.0, 7.87, 3.26, 8.95, 9.97, 6.35], [4.81, 5.73, 5.74, 5.66, 5.51, 4.81, 7.59], [6.14, 5.62, 3.6, 6.94, 3.42, 3.6, 6.26], [1.09, 4.7, 1.56, 4.05, 2.65, 4.29, 5.33]]",5.0,5.33,77,"[0.02, 0.08, 0.03, 0.87]","[[0, 0, 0, 0, 0, 0, 0, 8], [0, 0, 0, 0, 0, 0, 0, 9], [0, 0, 0, 0, 0, 0, 0, 10], [0, 1, 2, 3, 4, 5, 6, 7]]",2.994
1525,0.0,6,"[[8.02, 3.92, 3.11, 4.49, 4.13, 7.86, 3.71], [5.5, 3.12, 4.78, 4.63, 5.83, 9.55, 5.01], [6.87, 6.07, 1.32, 5.58, 8.22, 5.74, 5.54], [4.62, 3.36, 5.75, 5.59, 2.34, 1.7, 6.64]]",5.0,1.7,77,"[0.25, 0.27, 0.24, 0.24]","[[0, 0, 0, 0, 0, 0, 1, 0], [0, 0, 0, 0, 0, 0, 2, 0], [0, 0, 0, 0, 0, 0, 3, 0], [0, 0, 0, 0, 0, 0, 4, 0]]",2.994
1526,0.0,2,"[[2.09, 7.52, 9.74, 6.72, 2.88, 5.9, 5.87], [6.25, 4.49, 6.66, 2.68, 2.62, 7.58, 4.86], [0.33, 4.49, 3.44, 6.0, 4.73, 0.87, 2.63], [7.63, 1.46, 3.24, 5.72, 7.53, 7.25, 3.01]]",5.0,4.49,77,"[0.34, 0.23, 0.2, 0.23]","[[0, 25, 1, 14, 9, 5, 17, 23], [0, 26, 2, 13, 10, 6, 18, 24], [0, 27, 3, 15, 11, 7, 19, 22], [0, 28, 4, 16, 12, 8, 20, 21]]",2.994
1527,0.0,4,"[[0.72, 5.25, 9.97, 4.85, 8.58, 2.57, 9.15], [5.48, 9.36, 2.36, 9.25, 3.72, 4.76, 6.74], [7.14, 7.36, 2.91, 4.13, 7.03, 8.48, 0.38], [5.84, 6.37, 7.56, 3.71, 4.02, 2.93, 0.09]]",5.0,9.25,77,"[0.03, 0.85, 0.06, 0.06]","[[0, 0, 0, 0, 9, 0, 0, 0], [0, 5, 4, 3, 2, 1, 0, 6], [0, 0, 0, 0, 7, 0, 0, 0], [0, 0, 0, 0, 8, 0, 0, 0]]",2.994
1528,0.0,1,"[[4.36, 8.7, 5.94, 4.41, 8.37, 5.83, 0.58], [9.58, 2.24, 8.49, 4.24, 4.63, 4.53, 5.29], [6.08, 4.31, 5.59, 3.3, 3.91, 4.21, 4.74], [9.25, 5.33, 1.67, 7.75, 5.64, 2.81, 3.02]]",5.0,4.36,77,"[0.31, 0.27, 0.14, 0.28]","[[0, 25, 17, 13, 1, 5, 9, 21], [0, 26, 18, 14, 2, 6, 10, 22], [0, 27, 19, 15, 3, 7, 11, 23], [0, 28, 20, 16, 4, 8, 12, 24]]",2.994
1529,0.0,5,"[[8.47, 2.82, 7.33, 4.03, 7.07, 2.75, 1.54], [4.68, 3.16, 0.97, 1.44, 5.2, 6.65, 9.25], [8.41, 7.04, 1.31, 3.23, 7.09, 7.67, 1.55], [6.28, 2.99, 4.33, 1.28, 9.25, 6.99, 2.35]]",5.0,9.25,77,"[0.01, 0.01, 0.01, 0.97]","[[0, 0, 2, 0, 0, 0, 0, 0], [0, 0, 1, 0, 0, 0, 0, 0], [0, 0, 3, 0, 0, 0, 0, 0], [0, 5, 4, 6, 7, 8, 9, 0]]",2.994
1530,0.0,2,"[[0.1, 0.22, 0.11, 0.07, 0.15, 0.15, 0.08], [0.22, 0.14, 0.05, 0.13, 0.2, 0.14, 0.2], [0.02, 0.25, 0.2, 0.08, 0.15, 0.02, 0.07], [0.11, 0.1, 0.17, 0.14, 0.2, 0.08, 0.11]]",0.13,0.22,77,"[0.87, 0.08, 0.02, 0.03]","[[0, 1, 2, 3, 4, 5, 6, 7], [0, 0, 0, 0, 0, 0, 0, 0], [0, 0, 0, 0, 0, 0, 0, 0], [0, 0, 0, 0, 0, 0, 0, 0]]",0.072
1531,0.0,6,"[[0.18, 0.08, 0.04, 0.19, 0.05, 0.05, 0.16], [0.09, 0.22, 0.23, 0.17, 0.13, 0.24, 0.18], [0.21, 0.2, 0.1, 0.14, 0.11, 0.11, 0.19], [0.23, 0.14, 0.16, 0.18, 0.12, 0.18, 0.03]]",0.13,0.24,77,"[0.02, 0.92, 0.02, 0.04]","[[0, 0, 0, 0, 0, 0, 0, 0], [0, 2, 1, 3, 4, 5, 6, 7], [0, 0, 0, 0, 0, 0, 0, 0], [0, 0, 0, 0, 0, 0, 0, 0]]",0.072
1532,0.0,3,"[[0.14, 0.12, 0.08, 0.02, 0.14, 0.19, 0.09], [0.2, 0.01, 0.13, 0.03, 0.11, 0.06, 0.23], [0.19, 0.12, 0.16, 0.15, 0.16, 0.07, 0.21], [0.09, 0.14, 0.24, 0.12, 0.1, 0.2, 0.16]]",0.13,0.08,77,"[0.36, 0.17, 0.12, 0.35]","[[0, 2, 3, 5, 7, 10, 11, 14], [0, 0, 0, 0, 0, 0, 0, 0], [0, 0, 0, 0, 0, 0, 0, 0], [0, 1, 4, 6, 8, 9, 12, 13]]",0.072
1533,0.0,1,"[[0.07, 0.16, 0.11, 0.2, 0.2, 0.19, 0.16], [0.15, 0.22, 0.24, 0.17, 0.18, 0.12, 0.12], [0.11, 0.16, 0.11, 0.12, 0.21, 0.06, 0.16], [0.17, 0.22, 0.15, 0.11, 0.24, 0.11, 0.17]]",0.13,0.07,77,"[0.09, 0.03, 0.01, 0.87]","[[0, 0, 0, 0, 0, 0, 0, 0], [0, 0, 0, 0, 0, 0, 0, 0], [0, 0, 0, 0, 0, 0, 0, 0], [0, 0, 0, 1, 2, 3, 4, 0]]",0.072
1534,0.0,3,"[[0.04, 0.14, 0.09, 0.06, 0.18, 0.1, 0.07], [0.09, 0.13, 0.01, 0.23, 0.07, 0.19, 0.05], [0.08, 0.2, 0.08, 0.21, 0.07, 0.04, 0.22], [0.12, 0.1, 0.09, 0.18, 0.18, 0.04, 0.15]]",0.13,0.09,77,"[0.05, 0.03, 0.07, 0.85]","[[0, 0, 0, 0, 0, 0, 0, 0], [0, 0, 0, 0, 0, 0, 0, 0], [0, 0, 0, 0, 0, 0, 0, 0], [0, 0, 0, 0, 0, 0, 0, 0]]",0.072
1535,0.0,5,"[[0.23, 0.06, 0.08, 0.13, 0.11, 0.05, 0.11], [0.17, 0.17, 0.17, 0.13, 0.09, 0.2, 0.07], [0.21, 0.11, 0.17, 0.05, 0.13, 0.11, 0.17], [0.16, 0.02, 0.2, 0.19, 0.23, 0.13, 0.13]]",0.13,0.09,77,"[0.24, 0.22, 0.21, 0.33]","[[0, 0, 0, 0, 0, 0, 0, 0], [0, 0, 0, 0, 0, 0, 0, 0], [0, 0, 0, 0, 0, 0, 0, 0], [0, 0, 0, 0, 0, 0, 0, 0]]",0.072
1536,0.0,3,"[[0.15, 0.2, 0.21, 0.14, 0.15, 0.21, 0.2], [0.1, 0.12, 0.15, 0.05, 0.19, 0.19, 0.19], [0.2, 0.18, 0.22, 0.07, 0.23, 0.17, 0.15], [0.25, 0.17, 0.14, 0.07, 0.06, 0.14, 0.21]]",0.13,0.21,77,"[0.33, 0.32, 0.13, 0.22]","[[0, 0, 0, 5, 1, 3, 4, 0], [0, 0, 0, 0, 2, 0, 0, 0], [0, 0, 0, 0, 0, 0, 0, 0], [0, 0, 0, 0, 0, 0, 0, 0]]",0.072
1537,0.0,1,"[[0.1, 0.1, 0.17, 0.08, 0.04, 0.09, 0.12], [0.18, 0.07, 0.12, 0.15, 0.14, 0.22, 0.18], [0.17, 0.02, 0.06, 0.16, 0.1, 0.2, 0.19], [0.23, 0.18, 0.17, 0.22, 0.21, 0.09, 0.19]]",0.13,0.1,77,"[0.21, 0.32, 0.34, 0.13]","[[0, 0, 0, 1, 0, 0, 0, 0], [0, 0, 5, 2, 4, 0, 0, 0], [0, 6, 7, 3, 8, 9, 10, 11], [0, 0, 0, 0, 0, 0, 0, 0]]",0.072
1538,0.0,7,"[[0.11, 0.13, 0.2, 0.15, 0.12, 0.07, 0.12], [0.17, 0.14, 0.08, 0.03, 0.14, 0.12, 0.21], [0.15, 0.05, 0.06, 0.08, 0.07, 0.16, 0.13], [0.11, 0.11, 0.13, 0.18, 0.08, 0.12, 0.15]]",0.13,0.15,77,"[0.11, 0.38, 0.34, 0.17]","[[0, 0, 0, 0, 0, 0, 0, 0], [0, 2, 1, 3, 4, 5, 6, 7], [0, 0, 0, 0, 0, 0, 0, 0], [0, 0, 0, 0, 0, 0, 0, 0]]",0.072
1539,0.0,7,"[[0.16, 0.21, 0.19, 0.12, 0.21, 0.05, 0.2], [0.14, 0.1, 0.04, 0.07, 0.08, 0.16, 0.22], [0.03, 0.17, 0.22, 0.13, 0.04, 0.22, 0.12], [0.16, 0.14, 0.16, 0.16, 0.18, 0.13, 0.14]]",0.13,0.22,77,"[0.06, 0.89, 0.04, 0.01]","[[0, 0, 0, 0, 0, 0, 0, 0], [0, 6, 5, 4, 3, 1, 2, 7], [0, 0, 0, 0, 0, 0, 0, 0], [0, 0, 0, 0, 0, 0, 0, 0]]",0.072
1540,0.01,5,"[[0.72, 5.25, 9.97, 4.85, 8.58, 2.57, 9.15], [5.48, 9.36, 2.36, 9.25, 3.72, 4.76, 6.74], [7.14, 7.36, 2.91, 4.13, 7.03, 8.48, 0.38], [5.84, 6.37, 7.56, 3.71, 4.02, 2.93, 0.09]]",5.0,7.03,78,"[0.03, 0.85, 0.06, 0.06]","[[0, 0, 0, 0, 2, 0, 0, 0], [0, 0, 0, 1, 0, 0, 0, 0], [0, 0, 0, 0, 0, 0, 0, 0], [0, 0, 0, 0, 0, 0, 0, 0]]",2.994
1541,0.01,7,"[[6.26, 0.19, 5.42, 8.23, 3.15, 1.79, 3.82], [4.19, 3.39, 2.75, 9.2, 5.7, 3.44, 3.56], [5.45, 5.72, 8.61, 4.63, 8.16, 8.36, 7.19], [3.14, 2.27, 7.83, 9.11, 0.69, 3.38, 9.35]]",5.0,9.35,78,"[0.1, 0.01, 0.01, 0.88]","[[0, 0, 0, 0, 0, 0, 0, 0], [0, 1, 0, 0, 0, 0, 0, 0], [0, 0, 0, 0, 0, 0, 0, 0], [0, 0, 0, 0, 0, 0, 0, 0]]",2.994
1542,0.01,1,"[[0.95, 2.78, 3.25, 5.38, 7.09, 3.77, 4.83], [7.13, 8.96, 5.39, 2.27, 8.34, 7.96, 4.55], [9.77, 5.61, 8.97, 8.09, 6.52, 2.37, 9.08], [8.52, 1.84, 1.06, 3.62, 0.7, 3.27, 0.14]]",5.0,0.95,78,"[0.85, 0.07, 0.07, 0.01]","[[0, 0, 0, 0, 0, 0, 0, 0], [0, 0, 0, 0, 0, 0, 0, 0], [0, 0, 0, 0, 0, 0, 0, 0], [0, 0, 0, 0, 0, 0, 0, 0]]",2.994
1543,0.01,4,"[[3.95, 8.96, 8.28, 6.18, 7.02, 4.65, 4.21], [7.39, 4.82, 4.44, 1.73, 7.35, 9.66, 2.04], [6.67, 2.62, 2.43, 7.24, 6.32, 7.33, 5.82], [4.75, 4.96, 2.68, 1.71, 6.22, 1.58, 9.11]]",5.0,7.24,78,"[0.25, 0.24, 0.28, 0.23]","[[0, 0, 0, 0, 0, 0, 0, 0], [0, 0, 0, 0, 0, 0, 0, 0], [0, 0, 0, 0, 0, 0, 0, 0], [0, 0, 0, 0, 0, 0, 0, 0]]",2.994
1544,0.01,3,"[[7.32, 4.38, 4.99, 7.76, 5.0, 5.94, 2.36], [8.4, 3.61, 8.45, 4.23, 7.02, 4.36, 9.23], [1.69, 3.23, 3.54, 3.86, 3.72, 2.06, 0.61], [7.94, 7.02, 6.73, 4.28, 8.5, 0.13, 2.63]]",5.0,4.99,78,"[0.85, 0.03, 0.11, 0.01]","[[0, 0, 0, 0, 0, 0, 0, 0], [0, 0, 0, 0, 0, 0, 0, 0], [0, 0, 0, 0, 0, 0, 0, 0], [0, 0, 0, 0, 0, 0, 0, 0]]",2.994
1545,0.01,5,"[[7.04, 7.27, 1.99, 4.87, 6.53, 6.34, 1.47], [5.29, 2.16, 9.06, 4.67, 7.92, 5.41, 7.56], [6.95, 5.35, 1.7, 4.81, 6.84, 1.21, 8.92], [6.63, 5.53, 4.35, 1.42, 5.69, 5.92, 4.12]]",5.0,7.92,78,"[0.07, 0.87, 0.03, 0.03]","[[0, 0, 0, 0, 0, 0, 0, 0], [0, 0, 0, 0, 0, 0, 0, 0], [0, 0, 0, 0, 0, 0, 0, 0], [0, 0, 0, 0, 0, 0, 0, 0]]",2.994
1546,0.01,4,"[[7.78, 7.83, 6.34, 3.49, 9.25, 4.1, 8.16], [4.02, 5.78, 4.37, 3.5, 3.65, 5.34, 1.1], [4.29, 1.52, 3.77, 7.63, 3.05, 0.82, 4.95], [8.46, 6.15, 6.73, 3.18, 8.15, 6.29, 5.32]]",5.0,3.18,78,"[0.2, 0.29, 0.22, 0.29]","[[0, 0, 0, 0, 0, 0, 0, 0], [0, 0, 0, 0, 0, 0, 0, 0], [0, 0, 0, 0, 0, 0, 0, 0], [0, 0, 0, 0, 0, 0, 0, 0]]",2.994
1547,0.01,2,"[[7.91, 1.03, 5.87, 7.52, 6.88, 7.18, 6.1], [5.88, 5.55, 1.78, 3.0, 4.69, 4.52, 8.75], [5.71, 1.25, 6.22, 6.17, 8.38, 7.26, 4.32], [6.4, 8.88, 5.28, 4.23, 1.08, 0.7, 3.39]]",5.0,1.03,78,"[0.3, 0.18, 0.2, 0.32]","[[0, 0, 0, 0, 0, 0, 0, 0], [0, 0, 0, 0, 0, 0, 0, 0], [0, 0, 0, 0, 0, 0, 0, 0], [0, 0, 0, 0, 0, 0, 0, 0]]",2.994
1548,0.01,4,"[[5.12, 1.51, 5.2, 6.71, 2.69, 8.45, 7.56], [1.26, 6.81, 6.02, 6.85, 3.83, 2.04, 5.15], [0.77, 1.29, 6.67, 1.6, 1.63, 0.54, 0.89], [4.2, 5.58, 3.29, 3.97, 3.54, 6.37, 4.95]]",5.0,6.71,78,"[0.21, 0.27, 0.19, 0.33]","[[0, 0, 0, 0, 0, 0, 0, 0], [0, 0, 0, 0, 0, 0, 0, 0], [0, 0, 0, 0, 0, 0, 0, 0], [0, 0, 0, 0, 0, 0, 0, 0]]",2.994
1549,0.01,7,"[[7.29, 4.26, 4.93, 3.96, 3.34, 8.54, 6.49], [0.79, 3.44, 2.71, 8.71, 2.86, 7.09, 3.94], [9.61, 8.74, 7.3, 3.82, 1.83, 1.17, 5.37], [2.04, 1.98, 8.39, 1.63, 1.8, 1.97, 7.71]]",5.0,7.71,78,"[0.21, 0.28, 0.29, 0.22]","[[0, 0, 0, 0, 0, 0, 0, 0], [0, 0, 0, 0, 0, 0, 0, 0], [0, 0, 0, 0, 0, 0, 0, 0], [0, 0, 0, 0, 0, 0, 0, 0]]",2.994
1550,0.01,2,"[[0.23, 0.06, 0.08, 0.13, 0.11, 0.05, 0.11], [0.17, 0.17, 0.17, 0.13, 0.09, 0.2, 0.07], [0.21, 0.11, 0.17, 0.05, 0.13, 0.11, 0.17], [0.16, 0.02, 0.2, 0.19, 0.23, 0.13, 0.13]]",0.13,0.02,78,"[0.24, 0.22, 0.21, 0.33]","[[0, 0, 0, 0, 0, 0, 0, 0], [0, 0, 0, 0, 0, 0, 0, 0], [0, 0, 0, 0, 0, 0, 0, 0], [0, 0, 0, 0, 0, 0, 0, 0]]",0.072
1551,0.01,7,"[[0.11, 0.22, 0.08, 0.2, 0.14, 0.03, 0.13], [0.17, 0.02, 0.02, 0.09, 0.21, 0.16, 0.15], [0.09, 0.18, 0.16, 0.17, 0.05, 0.09, 0.1], [0.18, 0.05, 0.09, 0.19, 0.24, 0.18, 0.12]]",0.13,0.12,78,"[0.33, 0.18, 0.11, 0.38]","[[0, 0, 0, 0, 0, 0, 0, 0], [0, 0, 0, 0, 0, 0, 0, 0], [0, 0, 0, 0, 0, 0, 0, 0], [0, 0, 0, 0, 0, 0, 0, 0]]",0.072
1552,0.01,3,"[[0.15, 0.08, 0.16, 0.16, 0.12, 0.04, 0.13], [0.17, 0.17, 0.2, 0.1, 0.06, 0.16, 0.12], [0.04, 0.25, 0.2, 0.11, 0.04, 0.11, 0.24], [0.15, 0.14, 0.05, 0.11, 0.22, 0.22, 0.2]]",0.13,0.2,78,"[0.01, 0.89, 0.09, 0.01]","[[0, 0, 0, 0, 0, 0, 0, 0], [0, 0, 0, 0, 0, 0, 0, 0], [0, 0, 0, 0, 0, 0, 0, 0], [0, 0, 0, 0, 0, 0, 0, 0]]",0.072
1553,0.01,5,"[[0.11, 0.13, 0.2, 0.15, 0.12, 0.07, 0.12], [0.17, 0.14, 0.08, 0.03, 0.14, 0.12, 0.21], [0.15, 0.05, 0.06, 0.08, 0.07, 0.16, 0.13], [0.11, 0.11, 0.13, 0.18, 0.08, 0.12, 0.15]]",0.13,0.08,78,"[0.11, 0.38, 0.34, 0.17]","[[0, 0, 0, 0, 0, 0, 0, 0], [0, 0, 0, 0, 0, 0, 0, 0], [0, 0, 0, 0, 0, 0, 0, 0], [0, 0, 0, 0, 0, 0, 0, 0]]",0.072
1554,0.01,1,"[[0.09, 0.06, 0.16, 0.11, 0.12, 0.22, 0.04], [0.11, 0.19, 0.13, 0.18, 0.2, 0.12, 0.12], [0.11, 0.08, 0.15, 0.06, 0.15, 0.13, 0.16], [0.08, 0.15, 0.2, 0.17, 0.24, 0.04, 0.12]]",0.13,0.11,78,"[0.15, 0.32, 0.21, 0.32]","[[0, 0, 0, 0, 0, 0, 0, 0], [0, 0, 0, 0, 0, 0, 0, 0], [0, 0, 0, 0, 0, 0, 0, 0], [0, 0, 0, 0, 0, 0, 0, 0]]",0.072
1555,0.01,7,"[[0.15, 0.08, 0.15, 0.12, 0.15, 0.08, 0.22], [0.12, 0.2, 0.22, 0.16, 0.25, 0.12, 0.11], [0.19, 0.22, 0.15, 0.08, 0.12, 0.14, 0.2], [0.21, 0.16, 0.09, 0.16, 0.22, 0.15, 0.19]]",0.13,0.2,78,"[0.05, 0.07, 0.86, 0.02]","[[0, 0, 0, 0, 0, 0, 0, 0], [0, 0, 0, 0, 0, 0, 0, 0], [0, 0, 0, 0, 0, 0, 0, 0], [0, 0, 0, 0, 0, 0, 0, 0]]",0.072
1556,0.01,4,"[[0.01, 0.19, 0.1, 0.03, 0.13, 0.15, 0.13], [0.17, 0.18, 0.07, 0.17, 0.17, 0.12, 0.12], [0.11, 0.17, 0.18, 0.22, 0.08, 0.06, 0.07], [0.12, 0.02, 0.07, 0.16, 0.17, 0.14, 0.04]]",0.13,0.03,78,"[0.3, 0.29, 0.13, 0.28]","[[0, 0, 0, 0, 0, 0, 0, 0], [0, 0, 0, 0, 0, 0, 0, 0], [0, 0, 0, 0, 0, 0, 0, 0], [0, 0, 0, 0, 0, 0, 0, 0]]",0.072
1557,0.01,4,"[[0.2, 0.21, 0.23, 0.23, 0.18, 0.14, 0.22], [0.2, 0.22, 0.22, 0.25, 0.05, 0.12, 0.09], [0.02, 0.05, 0.07, 0.23, 0.14, 0.19, 0.02], [0.12, 0.1, 0.13, 0.23, 0.18, 0.06, 0.24]]",0.13,0.23,78,"[0.08, 0.03, 0.87, 0.02]","[[0, 0, 0, 0, 0, 0, 0, 0], [0, 0, 0, 0, 0, 0, 0, 0], [0, 0, 0, 0, 0, 0, 0, 0], [0, 0, 0, 0, 0, 0, 0, 0]]",0.072
1558,0.01,4,"[[0.16, 0.11, 0.08, 0.09, 0.11, 0.11, 0.06], [0.14, 0.14, 0.15, 0.18, 0.2, 0.23, 0.09], [0.09, 0.18, 0.2, 0.13, 0.05, 0.16, 0.07], [0.08, 0.02, 0.16, 0.15, 0.1, 0.09, 0.12]]",0.13,0.13,78,"[0.08, 0.02, 0.89, 0.01]","[[0, 0, 0, 0, 0, 0, 0, 0], [0, 0, 0, 0, 0, 0, 0, 0], [0, 0, 0, 0, 0, 0, 0, 0], [0, 0, 0, 0, 0, 0, 0, 0]]",0.072
1559,0.01,5,"[[0.07, 0.16, 0.11, 0.2, 0.2, 0.19, 0.16], [0.15, 0.22, 0.24, 0.17, 0.18, 0.12, 0.12], [0.11, 0.16, 0.11, 0.12, 0.21, 0.06, 0.16], [0.17, 0.22, 0.15, 0.11, 0.24, 0.11, 0.17]]",0.13,0.24,78,"[0.09, 0.03, 0.01, 0.87]","[[0, 0, 0, 0, 0, 0, 0, 0], [0, 0, 0, 0, 0, 0, 0, 0], [0, 0, 0, 0, 0, 0, 0, 0], [0, 0, 0, 0, 0, 0, 0, 0]]",0.072
1560,0.0,7,"[[5.71, 4.0, 7.87, 3.26, 8.95, 9.97, 6.35], [4.81, 5.73, 5.74, 5.66, 5.51, 4.81, 7.59], [6.14, 5.62, 3.6, 6.94, 3.42, 3.6, 6.26], [1.09, 4.7, 1.56, 4.05, 2.65, 4.29, 5.33]]",5.0,5.33,79,"[0.02, 0.08, 0.03, 0.87]","[[0, 0, 0, 0, 0, 0, 0, 0], [0, 8, 9, 10, 11, 12, 13, 14], [0, 0, 0, 0, 0, 0, 0, 0], [0, 1, 2, 3, 4, 5, 6, 7]]",2.994
1561,0.0,3,"[[3.25, 0.97, 8.64, 8.18, 2.13, 6.22, 0.77], [5.88, 7.57, 5.25, 3.43, 6.13, 3.52, 3.61], [5.54, 4.65, 8.68, 9.8, 7.31, 3.42, 4.37], [7.14, 2.83, 7.59, 3.91, 6.6, 1.41, 1.96]]",5.0,7.59,79,"[0.06, 0.03, 0.01, 0.9]","[[0, 8, 9, 10, 11, 12, 13, 14], [0, 0, 0, 0, 0, 0, 0, 0], [0, 0, 0, 0, 0, 0, 0, 0], [0, 1, 2, 3, 4, 5, 6, 7]]",2.994
1562,0.0,1,"[[7.17, 3.46, 5.58, 3.93, 3.7, 2.49, 5.53], [9.77, 5.93, 5.47, 2.25, 8.04, 7.17, 0.39], [7.48, 1.53, 5.91, 7.74, 1.59, 6.73, 3.86], [5.1, 6.8, 2.11, 7.09, 7.57, 6.62, 8.34]]",5.0,7.17,79,"[0.88, 0.05, 0.05, 0.02]","[[0, 1, 2, 3, 4, 5, 6, 7], [0, 20, 19, 16, 15, 12, 11, 8], [0, 21, 18, 17, 14, 13, 9, 10], [0, 0, 0, 0, 0, 0, 0, 0]]",2.994
1563,0.0,3,"[[2.09, 7.52, 9.74, 6.72, 2.88, 5.9, 5.87], [6.25, 4.49, 6.66, 2.68, 2.62, 7.58, 4.86], [0.33, 4.49, 3.44, 6.0, 4.73, 0.87, 2.63], [7.63, 1.46, 3.24, 5.72, 7.53, 7.25, 3.01]]",5.0,6.66,79,"[0.34, 0.23, 0.2, 0.23]","[[0, 1, 8, 9, 10, 11, 12, 13], [0, 2, 7, 28, 27, 20, 19, 14], [0, 3, 6, 25, 26, 21, 18, 15], [0, 4, 5, 24, 23, 22, 17, 16]]",2.994
1564,0.0,5,"[[6.19, 1.85, 1.16, 4.28, 2.66, 3.25, 7.93], [4.16, 3.03, 5.34, 3.93, 5.82, 4.05, 2.14], [6.53, 8.89, 6.73, 7.28, 2.75, 0.6, 4.09], [4.95, 6.55, 6.81, 6.9, 1.07, 2.2, 5.26]]",5.0,5.82,79,"[0.03, 0.86, 0.04, 0.07]","[[0, 28, 27, 26, 25, 24, 23, 22], [0, 1, 2, 3, 4, 5, 6, 7], [0, 15, 16, 17, 18, 19, 20, 21], [0, 14, 13, 12, 11, 9, 10, 8]]",2.994
1565,0.0,4,"[[7.74, 3.22, 6.43, 3.71, 7.81, 4.87, 5.0], [6.79, 7.24, 2.38, 4.86, 3.87, 6.17, 4.92], [3.15, 9.58, 2.44, 5.2, 8.45, 2.58, 2.29], [4.2, 1.81, 5.9, 9.47, 8.69, 2.45, 6.94]]",5.0,4.86,79,"[0.15, 0.38, 0.14, 0.33]","[[0, 16, 17, 18, 19, 20, 21, 22], [0, 15, 14, 13, 12, 11, 10, 9], [0, 1, 28, 27, 26, 25, 24, 23], [0, 2, 3, 4, 5, 6, 7, 8]]",2.994
1566,0.0,4,"[[2.67, 1.86, 1.79, 5.75, 3.59, 3.3, 1.49], [1.18, 8.77, 6.89, 4.16, 3.25, 3.0, 9.34], [1.75, 2.03, 4.01, 8.67, 5.48, 1.04, 6.3], [4.37, 0.5, 5.19, 4.46, 0.43, 0.13, 6.06]]",5.0,4.16,79,"[0.24, 0.23, 0.24, 0.29]","[[0, 1, 8, 9, 16, 17, 24, 25], [0, 2, 7, 10, 15, 18, 23, 26], [0, 3, 6, 11, 14, 19, 22, 27], [0, 4, 5, 12, 13, 20, 21, 28]]",2.994
1567,0.0,5,"[[5.77, 3.99, 6.61, 4.81, 8.16, 4.87, 2.84], [5.38, 5.12, 5.88, 4.67, 7.45, 7.64, 1.41], [2.86, 1.79, 4.9, 7.89, 6.3, 3.05, 5.2], [5.28, 6.58, 1.34, 2.2, 4.69, 6.92, 5.01]]",5.0,4.69,79,"[0.34, 0.23, 0.11, 0.32]","[[0, 1, 8, 9, 16, 17, 24, 25], [0, 2, 7, 10, 15, 18, 23, 26], [0, 3, 6, 11, 14, 20, 22, 27], [0, 4, 5, 12, 13, 19, 21, 28]]",2.994
1568,0.0,5,"[[8.39, 1.9, 3.96, 5.78, 2.24, 5.8, 4.1], [0.94, 5.02, 2.49, 5.54, 6.54, 4.33, 9.65], [7.94, 7.8, 4.1, 9.82, 1.59, 4.84, 8.58], [8.96, 7.49, 1.94, 3.92, 0.76, 2.82, 6.17]]",5.0,6.54,79,"[0.11, 0.85, 0.02, 0.02]","[[0, 0, 8, 0, 9, 10, 11, 0], [0, 1, 2, 3, 4, 5, 6, 7], [0, 0, 0, 0, 14, 16, 12, 0], [0, 0, 0, 0, 15, 17, 13, 0]]",2.994
1569,0.0,6,"[[3.55, 2.94, 0.08, 3.13, 2.15, 9.59, 4.77], [4.35, 5.83, 1.82, 2.79, 3.6, 4.35, 6.66], [4.91, 4.62, 9.06, 2.02, 4.04, 2.21, 7.62], [0.78, 5.9, 1.77, 4.45, 7.63, 4.39, 2.86]]",5.0,4.39,79,"[0.34, 0.11, 0.27, 0.28]","[[0, 1, 8, 9, 16, 17, 24, 25], [0, 2, 7, 10, 15, 18, 23, 26], [0, 3, 6, 11, 14, 19, 22, 27], [0, 4, 5, 12, 13, 20, 21, 28]]",2.994
1570,0.0,5,"[[0.11, 0.22, 0.08, 0.2, 0.14, 0.03, 0.13], [0.17, 0.02, 0.02, 0.09, 0.21, 0.16, 0.15], [0.09, 0.18, 0.16, 0.17, 0.05, 0.09, 0.1], [0.18, 0.05, 0.09, 0.19, 0.24, 0.18, 0.12]]",0.13,0.24,79,"[0.33, 0.18, 0.11, 0.38]","[[0, 1, 8, 9, 16, 17, 21, 27], [0, 2, 7, 10, 15, 20, 22, 28], [0, 3, 6, 11, 14, 18, 24, 25], [0, 4, 5, 12, 13, 19, 23, 26]]",0.072
1571,0.0,2,"[[0.21, 0.14, 0.05, 0.18, 0.12, 0.1, 0.15], [0.03, 0.07, 0.04, 0.14, 0.13, 0.15, 0.2], [0.05, 0.14, 0.08, 0.16, 0.04, 0.13, 0.08], [0.19, 0.12, 0.09, 0.06, 0.18, 0.05, 0.09]]",0.13,0.14,79,"[0.01, 0.02, 0.88, 0.09]","[[0, 0, 0, 0, 0, 0, 0, 0], [0, 0, 0, 0, 0, 0, 0, 0], [0, 1, 2, 3, 4, 6, 5, 7], [0, 0, 9, 0, 8, 0, 10, 0]]",0.072
1572,0.0,3,"[[0.16, 0.11, 0.08, 0.09, 0.11, 0.11, 0.06], [0.14, 0.14, 0.15, 0.18, 0.2, 0.23, 0.09], [0.09, 0.18, 0.2, 0.13, 0.05, 0.16, 0.07], [0.08, 0.02, 0.16, 0.15, 0.1, 0.09, 0.12]]",0.13,0.2,79,"[0.08, 0.02, 0.89, 0.01]","[[0, 0, 9, 8, 10, 0, 11, 0], [0, 0, 0, 0, 0, 0, 0, 0], [0, 1, 2, 3, 4, 5, 6, 7], [0, 0, 0, 0, 0, 0, 0, 0]]",0.072
1573,0.0,4,"[[0.08, 0.23, 0.11, 0.15, 0.14, 0.16, 0.07], [0.19, 0.17, 0.09, 0.16, 0.14, 0.09, 0.03], [0.13, 0.11, 0.24, 0.17, 0.14, 0.06, 0.15], [0.09, 0.17, 0.09, 0.17, 0.19, 0.1, 0.17]]",0.13,0.17,79,"[0.01, 0.02, 0.11, 0.86]","[[0, 0, 0, 0, 0, 0, 0, 0], [0, 0, 0, 0, 0, 0, 0, 0], [0, 2, 3, 6, 7, 10, 11, 14], [0, 1, 4, 5, 8, 9, 12, 13]]",0.072
1574,0.0,6,"[[0.06, 0.11, 0.17, 0.23, 0.15, 0.14, 0.21], [0.16, 0.17, 0.08, 0.04, 0.07, 0.21, 0.12], [0.2, 0.19, 0.13, 0.12, 0.17, 0.2, 0.16], [0.1, 0.1, 0.12, 0.16, 0.01, 0.17, 0.09]]",0.13,0.14,79,"[0.23, 0.25, 0.3, 0.22]","[[0, 1, 8, 9, 16, 17, 24, 25], [0, 2, 7, 10, 15, 18, 23, 26], [0, 3, 6, 11, 14, 19, 22, 27], [0, 4, 5, 12, 13, 20, 21, 28]]",0.072
1575,0.0,4,"[[0.11, 0.18, 0.17, 0.05, 0.02, 0.11, 0.14], [0.16, 0.12, 0.11, 0.08, 0.11, 0.16, 0.08], [0.12, 0.16, 0.05, 0.23, 0.13, 0.08, 0.03], [0.17, 0.24, 0.1, 0.22, 0.06, 0.14, 0.05]]",0.13,0.08,79,"[0.01, 0.08, 0.86, 0.05]","[[0, 0, 0, 0, 0, 0, 0, 0], [0, 0, 10, 0, 8, 0, 0, 0], [0, 1, 2, 3, 4, 5, 6, 7], [0, 0, 11, 0, 9, 0, 0, 0]]",0.072
1576,0.0,7,"[[0.16, 0.21, 0.19, 0.12, 0.21, 0.05, 0.2], [0.14, 0.1, 0.04, 0.07, 0.08, 0.16, 0.22], [0.03, 0.17, 0.22, 0.13, 0.04, 0.22, 0.12], [0.16, 0.14, 0.16, 0.16, 0.18, 0.13, 0.14]]",0.13,0.22,79,"[0.06, 0.89, 0.04, 0.01]","[[0, 0, 0, 0, 0, 0, 0, 8], [0, 1, 2, 3, 4, 5, 6, 7], [0, 0, 0, 0, 0, 0, 0, 9], [0, 0, 0, 0, 0, 0, 0, 0]]",0.072
1577,0.0,1,"[[0.22, 0.12, 0.18, 0.2, 0.04, 0.04, 0.16], [0.19, 0.18, 0.17, 0.17, 0.18, 0.2, 0.15], [0.03, 0.13, 0.18, 0.12, 0.17, 0.16, 0.08], [0.21, 0.09, 0.16, 0.11, 0.25, 0.1, 0.16]]",0.13,0.21,79,"[0.34, 0.12, 0.22, 0.32]","[[0, 1, 2, 3, 4, 5, 6, 7], [0, 28, 27, 26, 25, 24, 23, 22], [0, 14, 13, 12, 11, 10, 9, 8], [0, 15, 16, 17, 18, 19, 20, 21]]",0.072
1578,0.0,2,"[[0.12, 0.13, 0.12, 0.14, 0.05, 0.1, 0.25], [0.16, 0.2, 0.2, 0.14, 0.09, 0.17, 0.09], [0.11, 0.12, 0.11, 0.11, 0.08, 0.05, 0.17], [0.19, 0.2, 0.07, 0.21, 0.07, 0.13, 0.2]]",0.13,0.2,79,"[0.17, 0.35, 0.31, 0.17]","[[0, 1, 2, 3, 4, 5, 7, 6], [0, 14, 13, 12, 11, 10, 9, 8], [0, 15, 16, 17, 18, 19, 20, 21], [0, 28, 27, 26, 25, 24, 23, 22]]",0.072
1579,0.0,6,"[[0.14, 0.12, 0.08, 0.02, 0.14, 0.19, 0.09], [0.2, 0.01, 0.13, 0.03, 0.11, 0.06, 0.23], [0.19, 0.12, 0.16, 0.15, 0.16, 0.07, 0.21], [0.09, 0.14, 0.24, 0.12, 0.1, 0.2, 0.16]]",0.13,0.19,79,"[0.36, 0.17, 0.12, 0.35]","[[0, 1, 2, 3, 4, 5, 6, 7], [0, 14, 13, 12, 11, 10, 9, 8], [0, 15, 16, 17, 18, 19, 20, 21], [0, 28, 27, 26, 25, 24, 23, 22]]",0.072
1580,0.01,2,"[[0.12, 0.13, 0.12, 0.14, 0.05, 0.1, 0.25], [0.16, 0.2, 0.2, 0.14, 0.09, 0.17, 0.09], [0.11, 0.12, 0.11, 0.11, 0.08, 0.05, 0.17], [0.19, 0.2, 0.07, 0.21, 0.07, 0.13, 0.2]]",0.13,0.2,80,"[0.17, 0.35, 0.31, 0.17]","[[0, 0, 0, 1, 0, 0, 0, 0], [0, 8, 2, 3, 4, 5, 6, 7], [0, 9, 10, 11, 12, 13, 14, 15], [0, 0, 0, 0, 0, 0, 0, 0]]",0.072
1581,0.01,2,"[[0.1, 0.22, 0.11, 0.07, 0.15, 0.15, 0.08], [0.22, 0.14, 0.05, 0.13, 0.2, 0.14, 0.2], [0.02, 0.25, 0.2, 0.08, 0.15, 0.02, 0.07], [0.11, 0.1, 0.17, 0.14, 0.2, 0.08, 0.11]]",0.13,0.1,80,"[0.87, 0.08, 0.02, 0.03]","[[0, 0, 1, 0, 0, 2, 0, 3], [0, 0, 0, 0, 0, 0, 0, 0], [0, 0, 0, 0, 0, 0, 0, 0], [0, 0, 0, 0, 0, 0, 0, 0]]",0.072
1582,0.01,5,"[[0.11, 0.06, 0.11, 0.08, 0.17, 0.11, 0.11], [0.14, 0.12, 0.06, 0.14, 0.09, 0.14, 0.12], [0.04, 0.15, 0.09, 0.13, 0.15, 0.18, 0.21], [0.1, 0.08, 0.17, 0.08, 0.19, 0.13, 0.19]]",0.13,0.17,80,"[0.26, 0.2, 0.27, 0.27]","[[0, 0, 0, 0, 0, 0, 0, 0], [0, 0, 0, 0, 0, 0, 0, 0], [0, 0, 2, 0, 0, 3, 0, 0], [0, 0, 1, 0, 0, 4, 0, 0]]",0.072
1583,0.01,7,"[[0.12, 0.04, 0.15, 0.03, 0.12, 0.21, 0.16], [0.15, 0.15, 0.1, 0.11, 0.22, 0.11, 0.06], [0.06, 0.07, 0.19, 0.11, 0.05, 0.07, 0.16], [0.05, 0.12, 0.14, 0.09, 0.12, 0.13, 0.02]]",0.13,0.16,80,"[0.04, 0.05, 0.89, 0.02]","[[0, 0, 0, 0, 0, 0, 0, 0], [0, 0, 0, 0, 0, 0, 0, 0], [0, 0, 1, 0, 2, 0, 3, 4], [0, 0, 0, 0, 0, 0, 0, 0]]",0.072
1584,0.01,1,"[[0.15, 0.08, 0.15, 0.12, 0.15, 0.08, 0.22], [0.12, 0.2, 0.22, 0.16, 0.25, 0.12, 0.11], [0.19, 0.22, 0.15, 0.08, 0.12, 0.14, 0.2], [0.21, 0.16, 0.09, 0.16, 0.22, 0.15, 0.19]]",0.13,0.19,80,"[0.05, 0.07, 0.86, 0.02]","[[0, 0, 0, 0, 0, 0, 0, 0], [0, 0, 0, 0, 0, 0, 0, 0], [0, 1, 0, 2, 0, 4, 3, 0], [0, 0, 0, 0, 0, 0, 0, 0]]",0.072
1585,0.01,3,"[[0.14, 0.12, 0.08, 0.02, 0.14, 0.19, 0.09], [0.2, 0.01, 0.13, 0.03, 0.11, 0.06, 0.23], [0.19, 0.12, 0.16, 0.15, 0.16, 0.07, 0.21], [0.09, 0.14, 0.24, 0.12, 0.1, 0.2, 0.16]]",0.13,0.08,80,"[0.36, 0.17, 0.12, 0.35]","[[0, 0, 0, 0, 0, 0, 0, 0], [0, 0, 0, 0, 0, 0, 0, 0], [0, 0, 0, 0, 0, 0, 0, 0], [0, 1, 0, 2, 0, 0, 0, 0]]",0.072
1586,0.01,1,"[[0.15, 0.06, 0.09, 0.11, 0.16, 0.04, 0.14], [0.13, 0.19, 0.06, 0.21, 0.14, 0.09, 0.14], [0.16, 0.13, 0.11, 0.14, 0.1, 0.12, 0.12], [0.2, 0.09, 0.2, 0.06, 0.12, 0.09, 0.16]]",0.13,0.16,80,"[0.08, 0.04, 0.87, 0.01]","[[0, 0, 0, 0, 0, 0, 0, 0], [0, 0, 0, 0, 0, 0, 0, 0], [0, 0, 1, 6, 3, 2, 4, 5], [0, 0, 0, 0, 0, 0, 0, 0]]",0.072
1587,0.01,2,"[[0.11, 0.17, 0.16, 0.1, 0.16, 0.08, 0.16], [0.14, 0.11, 0.1, 0.17, 0.15, 0.09, 0.15], [0.18, 0.13, 0.06, 0.09, 0.04, 0.12, 0.18], [0.24, 0.17, 0.23, 0.17, 0.08, 0.13, 0.06]]",0.13,0.13,80,"[0.26, 0.27, 0.3, 0.17]","[[0, 0, 0, 0, 0, 0, 0, 0], [0, 0, 1, 0, 0, 0, 0, 0], [0, 0, 2, 0, 0, 4, 0, 0], [0, 0, 3, 0, 0, 0, 0, 0]]",0.072
1588,0.01,5,"[[0.08, 0.23, 0.16, 0.14, 0.22, 0.12, 0.2], [0.17, 0.2, 0.03, 0.17, 0.21, 0.17, 0.07], [0.08, 0.2, 0.14, 0.22, 0.1, 0.13, 0.17], [0.07, 0.12, 0.01, 0.11, 0.05, 0.12, 0.17]]",0.13,0.22,80,"[0.86, 0.03, 0.04, 0.07]","[[0, 1, 0, 2, 0, 3, 0, 0], [0, 0, 0, 0, 0, 0, 0, 0], [0, 0, 0, 0, 0, 0, 0, 0], [0, 0, 0, 0, 0, 0, 0, 0]]",0.072
1589,0.01,7,"[[0.2, 0.14, 0.16, 0.12, 0.21, 0.18, 0.23], [0.06, 0.09, 0.16, 0.16, 0.14, 0.12, 0.15], [0.23, 0.08, 0.17, 0.11, 0.04, 0.14, 0.15], [0.06, 0.12, 0.16, 0.23, 0.08, 0.11, 0.15]]",0.13,0.15,80,"[0.33, 0.18, 0.11, 0.38]","[[0, 1, 0, 2, 5, 10, 7, 11], [0, 0, 0, 0, 0, 0, 0, 0], [0, 0, 0, 0, 0, 0, 0, 0], [0, 6, 3, 0, 4, 9, 8, 12]]",0.072
1590,0.01,1,"[[4.36, 8.7, 5.94, 4.41, 8.37, 5.83, 0.58], [9.58, 2.24, 8.49, 4.24, 4.63, 4.53, 5.29], [6.08, 4.31, 5.59, 3.3, 3.91, 4.21, 4.74], [9.25, 5.33, 1.67, 7.75, 5.64, 2.81, 3.02]]",5.0,9.58,80,"[0.31, 0.27, 0.14, 0.28]","[[0, 3, 7, 8, 9, 10, 11, 12], [0, 6, 2, 18, 19, 20, 21, 22], [0, 5, 0, 0, 0, 0, 0, 0], [0, 4, 1, 13, 14, 16, 15, 17]]",2.994
1591,0.01,3,"[[3.25, 0.97, 8.64, 8.18, 2.13, 6.22, 0.77], [5.88, 7.57, 5.25, 3.43, 6.13, 3.52, 3.61], [5.54, 4.65, 8.68, 9.8, 7.31, 3.42, 4.37], [7.14, 2.83, 7.59, 3.91, 6.6, 1.41, 1.96]]",5.0,7.59,80,"[0.06, 0.03, 0.01, 0.9]","[[0, 8, 9, 11, 10, 12, 13, 14], [0, 0, 0, 0, 0, 0, 0, 0], [0, 0, 0, 0, 0, 0, 0, 0], [0, 1, 2, 3, 4, 5, 6, 7]]",2.994
1592,0.01,1,"[[5.63, 2.91, 6.84, 6.5, 2.65, 5.91, 4.09], [5.16, 0.83, 2.41, 5.99, 6.15, 3.67, 6.12], [5.67, 9.08, 3.93, 7.57, 5.62, 2.51, 2.61], [4.59, 1.2, 4.42, 1.16, 8.17, 8.27, 1.11]]",5.0,5.67,80,"[0.14, 0.34, 0.35, 0.17]","[[0, 4, 12, 11, 13, 20, 21, 28], [0, 3, 5, 10, 14, 19, 27, 26], [0, 1, 6, 9, 15, 18, 22, 25], [0, 2, 7, 8, 16, 17, 24, 23]]",2.994
1593,0.01,1,"[[1.63, 4.7, 3.32, 2.64, 8.47, 3.24, 4.54], [8.67, 5.47, 1.74, 1.77, 1.06, 7.43, 3.25], [4.05, 4.33, 1.96, 6.68, 6.28, 9.52, 7.64], [3.95, 5.24, 1.85, 2.91, 0.64, 2.21, 1.85]]",5.0,8.67,80,"[0.05, 0.89, 0.05, 0.01]","[[0, 0, 0, 0, 0, 0, 0, 0], [0, 1, 2, 3, 4, 5, 6, 7], [0, 0, 0, 0, 0, 0, 0, 0], [0, 0, 0, 0, 0, 0, 0, 0]]",2.994
1594,0.01,2,"[[2.54, 7.44, 2.24, 4.32, 2.76, 9.01, 8.48], [1.82, 8.34, 6.23, 3.89, 6.94, 3.11, 6.18], [7.6, 3.71, 5.31, 9.83, 1.09, 3.87, 7.81], [7.76, 7.0, 2.77, 7.48, 3.83, 0.31, 3.13]]",5.0,7.0,80,"[0.04, 0.07, 0.03, 0.86]","[[0, 13, 10, 0, 9, 0, 0, 0], [0, 12, 11, 0, 8, 0, 0, 0], [0, 0, 0, 0, 0, 0, 0, 0], [0, 1, 2, 3, 5, 4, 6, 7]]",2.994
1595,0.01,4,"[[6.2, 4.19, 3.44, 8.27, 6.51, 4.65, 4.01], [2.89, 4.13, 4.82, 8.89, 9.25, 0.96, 6.04], [8.8, 2.84, 4.5, 4.81, 3.19, 0.46, 7.31], [5.12, 1.87, 1.91, 7.0, 2.08, 5.06, 2.86]]",5.0,7.0,80,"[0.15, 0.21, 0.3, 0.34]","[[0, 1, 8, 9, 16, 17, 0, 0], [0, 2, 7, 10, 15, 18, 23, 24], [0, 3, 6, 11, 14, 19, 22, 25], [0, 4, 5, 12, 13, 20, 21, 26]]",2.994
1596,0.01,3,"[[5.12, 1.51, 5.2, 6.71, 2.69, 8.45, 7.56], [1.26, 6.81, 6.02, 6.85, 3.83, 2.04, 5.15], [0.77, 1.29, 6.67, 1.6, 1.63, 0.54, 0.89], [4.2, 5.58, 3.29, 3.97, 3.54, 6.37, 4.95]]",5.0,6.02,80,"[0.21, 0.27, 0.19, 0.33]","[[0, 1, 3, 4, 8, 12, 13, 14], [0, 2, 19, 5, 9, 21, 15, 16], [0, 0, 20, 6, 10, 22, 18, 17], [0, 0, 0, 7, 11, 0, 0, 0]]",2.994
1597,0.01,6,"[[2.65, 1.66, 4.12, 6.28, 3.9, 4.24, 8.17], [4.84, 2.23, 5.57, 7.45, 3.35, 5.55, 3.39], [6.15, 3.53, 5.47, 2.82, 6.99, 9.09, 0.79], [2.47, 2.31, 1.36, 3.11, 4.52, 5.21, 3.31]]",5.0,5.21,80,"[0.01, 0.06, 0.02, 0.91]","[[0, 0, 0, 0, 0, 0, 0, 0], [0, 0, 0, 0, 0, 9, 8, 0], [0, 0, 0, 0, 0, 0, 0, 0], [0, 1, 2, 3, 4, 5, 6, 7]]",2.994
1598,0.01,2,"[[3.89, 7.03, 1.42, 3.85, 5.57, 3.85, 2.09], [1.42, 3.42, 3.49, 1.78, 8.76, 8.52, 6.88], [3.98, 7.53, 6.94, 2.68, 5.16, 4.6, 0.82], [7.43, 7.31, 6.36, 5.75, 9.0, 9.88, 3.78]]",5.0,7.03,80,"[0.86, 0.01, 0.02, 0.11]","[[0, 2, 1, 3, 4, 5, 6, 7], [0, 0, 0, 0, 0, 0, 0, 0], [0, 0, 0, 0, 0, 0, 0, 0], [0, 0, 8, 0, 0, 0, 0, 0]]",2.994
1599,0.01,1,"[[7.78, 7.83, 6.34, 3.49, 9.25, 4.1, 8.16], [4.02, 5.78, 4.37, 3.5, 3.65, 5.34, 1.1], [4.29, 1.52, 3.77, 7.63, 3.05, 0.82, 4.95], [8.46, 6.15, 6.73, 3.18, 8.15, 6.29, 5.32]]",5.0,4.29,80,"[0.2, 0.29, 0.22, 0.29]","[[0, 1, 3, 5, 11, 12, 14, 16], [0, 2, 4, 6, 19, 13, 0, 17], [0, 7, 8, 9, 0, 15, 0, 20], [0, 10, 0, 18, 0, 0, 0, 21]]",2.994
1600,0.01,4,"[[0.15, 0.2, 0.21, 0.14, 0.15, 0.21, 0.2], [0.1, 0.12, 0.15, 0.05, 0.19, 0.19, 0.19], [0.2, 0.18, 0.22, 0.07, 0.23, 0.17, 0.15], [0.25, 0.17, 0.14, 0.07, 0.06, 0.14, 0.21]]",0.13,0.14,81,"[0.33, 0.32, 0.13, 0.22]","[[0, 0, 0, 0, 0, 1, 0, 0], [0, 0, 0, 0, 0, 0, 0, 0], [0, 0, 0, 0, 0, 0, 0, 0], [0, 0, 0, 0, 0, 0, 0, 0]]",0.072
1601,0.01,6,"[[0.19, 0.12, 0.08, 0.18, 0.08, 0.2, 0.22], [0.05, 0.04, 0.19, 0.18, 0.18, 0.05, 0.1], [0.21, 0.13, 0.15, 0.13, 0.16, 0.15, 0.08], [0.19, 0.06, 0.09, 0.07, 0.04, 0.2, 0.08]]",0.13,0.2,81,"[0.16, 0.28, 0.23, 0.33]","[[0, 0, 0, 0, 0, 0, 0, 0], [0, 0, 2, 0, 0, 0, 0, 0], [0, 0, 0, 0, 0, 0, 0, 0], [0, 0, 0, 0, 0, 0, 1, 0]]",0.072
1602,0.01,4,"[[0.06, 0.22, 0.11, 0.12, 0.13, 0.09, 0.18], [0.2, 0.17, 0.05, 0.09, 0.17, 0.16, 0.24], [0.14, 0.03, 0.23, 0.14, 0.04, 0.13, 0.18], [0.16, 0.1, 0.17, 0.16, 0.14, 0.04, 0.05]]",0.13,0.14,81,"[0.87, 0.02, 0.1, 0.01]","[[0, 0, 1, 0, 0, 0, 0, 0], [0, 0, 0, 0, 0, 0, 0, 0], [0, 0, 0, 0, 0, 0, 0, 0], [0, 0, 0, 0, 0, 0, 0, 0]]",0.072
1603,0.01,2,"[[0.02, 0.18, 0.09, 0.13, 0.07, 0.12, 0.08], [0.15, 0.12, 0.24, 0.14, 0.1, 0.01, 0.14], [0.2, 0.14, 0.24, 0.13, 0.22, 0.23, 0.18], [0.11, 0.21, 0.18, 0.07, 0.12, 0.14, 0.14]]",0.13,0.18,81,"[0.85, 0.02, 0.03, 0.1]","[[0, 0, 0, 0, 0, 0, 0, 1], [0, 0, 0, 0, 0, 0, 0, 0], [0, 0, 0, 0, 0, 0, 0, 0], [0, 0, 0, 0, 0, 0, 0, 0]]",0.072
1604,0.01,3,"[[0.15, 0.08, 0.15, 0.12, 0.15, 0.08, 0.22], [0.12, 0.2, 0.22, 0.16, 0.25, 0.12, 0.11], [0.19, 0.22, 0.15, 0.08, 0.12, 0.14, 0.2], [0.21, 0.16, 0.09, 0.16, 0.22, 0.15, 0.19]]",0.13,0.22,81,"[0.05, 0.07, 0.86, 0.02]","[[0, 0, 0, 0, 0, 0, 0, 0], [0, 0, 0, 0, 0, 0, 0, 0], [0, 0, 0, 0, 0, 0, 0, 0], [0, 0, 0, 0, 0, 0, 0, 0]]",0.072
1605,0.01,5,"[[0.17, 0.04, 0.18, 0.09, 0.04, 0.16, 0.22], [0.22, 0.14, 0.04, 0.11, 0.04, 0.23, 0.13], [0.09, 0.1, 0.01, 0.06, 0.15, 0.17, 0.05], [0.04, 0.06, 0.1, 0.03, 0.1, 0.03, 0.15]]",0.13,0.04,81,"[0.35, 0.15, 0.13, 0.37]","[[0, 0, 0, 0, 0, 0, 0, 0], [0, 0, 0, 0, 0, 0, 0, 0], [0, 0, 0, 0, 0, 0, 0, 0], [0, 0, 0, 0, 0, 0, 0, 0]]",0.072
1606,0.01,7,"[[0.08, 0.23, 0.11, 0.15, 0.14, 0.16, 0.07], [0.19, 0.17, 0.09, 0.16, 0.14, 0.09, 0.03], [0.13, 0.11, 0.24, 0.17, 0.14, 0.06, 0.15], [0.09, 0.17, 0.09, 0.17, 0.19, 0.1, 0.17]]",0.13,0.17,81,"[0.01, 0.02, 0.11, 0.86]","[[0, 0, 0, 0, 0, 0, 0, 0], [0, 0, 0, 0, 0, 0, 0, 0], [0, 0, 0, 0, 0, 0, 0, 0], [0, 0, 0, 0, 0, 0, 0, 0]]",0.072
1607,0.01,1,"[[0.1, 0.1, 0.03, 0.13, 0.2, 0.08, 0.11], [0.08, 0.05, 0.11, 0.15, 0.22, 0.2, 0.17], [0.16, 0.24, 0.08, 0.04, 0.05, 0.19, 0.14], [0.1, 0.18, 0.15, 0.14, 0.18, 0.07, 0.19]]",0.13,0.16,81,"[0.36, 0.26, 0.19, 0.19]","[[0, 0, 0, 0, 0, 0, 0, 0], [0, 0, 0, 0, 0, 0, 0, 0], [0, 0, 0, 0, 0, 0, 0, 0], [0, 0, 0, 0, 0, 0, 0, 0]]",0.072
1608,0.01,6,"[[0.05, 0.08, 0.17, 0.15, 0.22, 0.07, 0.07], [0.06, 0.1, 0.12, 0.11, 0.19, 0.16, 0.05], [0.19, 0.16, 0.13, 0.06, 0.18, 0.04, 0.24], [0.15, 0.24, 0.11, 0.13, 0.14, 0.03, 0.01]]",0.13,0.07,81,"[0.86, 0.01, 0.05, 0.08]","[[0, 0, 0, 0, 0, 0, 0, 0], [0, 0, 0, 0, 0, 0, 0, 0], [0, 0, 0, 0, 0, 0, 0, 0], [0, 0, 0, 0, 0, 0, 0, 0]]",0.072
1609,0.01,2,"[[0.07, 0.07, 0.17, 0.05, 0.08, 0.18, 0.15], [0.19, 0.17, 0.06, 0.13, 0.2, 0.13, 0.2], [0.08, 0.18, 0.04, 0.21, 0.15, 0.15, 0.18], [0.06, 0.08, 0.09, 0.02, 0.12, 0.19, 0.09]]",0.13,0.17,81,"[0.31, 0.27, 0.19, 0.23]","[[0, 0, 0, 0, 0, 0, 0, 0], [0, 0, 0, 0, 0, 0, 0, 0], [0, 0, 0, 0, 0, 0, 0, 0], [0, 0, 0, 0, 0, 0, 0, 0]]",0.072
1610,0.01,3,"[[3.95, 8.96, 8.28, 6.18, 7.02, 4.65, 4.21], [7.39, 4.82, 4.44, 1.73, 7.35, 9.66, 2.04], [6.67, 2.62, 2.43, 7.24, 6.32, 7.33, 5.82], [4.75, 4.96, 2.68, 1.71, 6.22, 1.58, 9.11]]",5.0,2.68,81,"[0.25, 0.24, 0.28, 0.23]","[[0, 0, 0, 0, 0, 0, 0, 0], [0, 0, 0, 0, 0, 0, 0, 0], [0, 0, 0, 0, 0, 0, 0, 0], [0, 0, 0, 0, 0, 0, 0, 0]]",2.994
1611,0.01,7,"[[2.09, 7.52, 9.74, 6.72, 2.88, 5.9, 5.87], [6.25, 4.49, 6.66, 2.68, 2.62, 7.58, 4.86], [0.33, 4.49, 3.44, 6.0, 4.73, 0.87, 2.63], [7.63, 1.46, 3.24, 5.72, 7.53, 7.25, 3.01]]",5.0,2.63,81,"[0.34, 0.23, 0.2, 0.23]","[[0, 0, 0, 0, 0, 0, 0, 0], [0, 0, 0, 0, 0, 0, 0, 0], [0, 0, 0, 0, 0, 0, 0, 0], [0, 0, 0, 0, 0, 0, 0, 0]]",2.994
1612,0.01,5,"[[1.32, 1.79, 4.74, 6.52, 9.55, 1.49, 3.36], [2.67, 2.3, 3.39, 7.85, 3.89, 7.4, 8.55], [4.18, 0.46, 4.32, 2.27, 3.18, 8.62, 2.94], [6.02, 2.09, 4.16, 3.95, 2.34, 3.36, 2.27]]",5.0,2.34,81,"[0.16, 0.11, 0.34, 0.39]","[[0, 0, 0, 0, 0, 0, 0, 0], [0, 0, 0, 0, 0, 0, 0, 0], [0, 0, 0, 0, 0, 0, 0, 0], [0, 0, 0, 0, 0, 0, 0, 0]]",2.994
1613,0.01,3,"[[3.25, 0.97, 8.64, 8.18, 2.13, 6.22, 0.77], [5.88, 7.57, 5.25, 3.43, 6.13, 3.52, 3.61], [5.54, 4.65, 8.68, 9.8, 7.31, 3.42, 4.37], [7.14, 2.83, 7.59, 3.91, 6.6, 1.41, 1.96]]",5.0,7.59,81,"[0.06, 0.03, 0.01, 0.9]","[[0, 0, 0, 0, 0, 0, 0, 0], [0, 0, 0, 0, 0, 0, 0, 0], [0, 0, 0, 0, 0, 0, 0, 0], [0, 0, 0, 1, 2, 0, 0, 0]]",2.994
1614,0.01,1,"[[6.2, 4.19, 3.44, 8.27, 6.51, 4.65, 4.01], [2.89, 4.13, 4.82, 8.89, 9.25, 0.96, 6.04], [8.8, 2.84, 4.5, 4.81, 3.19, 0.46, 7.31], [5.12, 1.87, 1.91, 7.0, 2.08, 5.06, 2.86]]",5.0,5.12,81,"[0.15, 0.21, 0.3, 0.34]","[[0, 0, 0, 0, 0, 0, 0, 0], [0, 0, 0, 0, 0, 0, 0, 0], [0, 0, 0, 0, 0, 0, 0, 0], [0, 0, 0, 0, 0, 0, 0, 0]]",2.994
1615,0.01,7,"[[3.4, 2.14, 9.33, 2.59, 4.55, 1.09, 2.85], [2.69, 7.17, 4.91, 8.03, 6.07, 6.49, 2.28], [2.24, 5.15, 4.83, 2.39, 2.78, 7.43, 5.61], [3.01, 5.69, 6.66, 3.22, 3.6, 8.48, 3.28]]",5.0,5.61,81,"[0.07, 0.01, 0.9, 0.02]","[[0, 0, 0, 0, 0, 0, 0, 0], [0, 0, 0, 0, 0, 0, 0, 0], [0, 0, 1, 4, 0, 3, 0, 2], [0, 0, 0, 0, 0, 0, 0, 0]]",2.994
1616,0.01,3,"[[7.78, 7.83, 6.34, 3.49, 9.25, 4.1, 8.16], [4.02, 5.78, 4.37, 3.5, 3.65, 5.34, 1.1], [4.29, 1.52, 3.77, 7.63, 3.05, 0.82, 4.95], [8.46, 6.15, 6.73, 3.18, 8.15, 6.29, 5.32]]",5.0,6.34,81,"[0.2, 0.29, 0.22, 0.29]","[[0, 0, 0, 0, 0, 0, 0, 0], [0, 0, 0, 0, 0, 0, 0, 0], [0, 0, 0, 0, 0, 0, 0, 0], [0, 0, 0, 0, 0, 0, 0, 0]]",2.994
1617,0.01,5,"[[3.89, 7.03, 1.42, 3.85, 5.57, 3.85, 2.09], [1.42, 3.42, 3.49, 1.78, 8.76, 8.52, 6.88], [3.98, 7.53, 6.94, 2.68, 5.16, 4.6, 0.82], [7.43, 7.31, 6.36, 5.75, 9.0, 9.88, 3.78]]",5.0,5.57,81,"[0.86, 0.01, 0.02, 0.11]","[[0, 0, 0, 0, 0, 1, 0, 0], [0, 0, 0, 0, 0, 0, 0, 0], [0, 0, 0, 0, 0, 0, 0, 0], [0, 0, 0, 0, 0, 0, 0, 0]]",2.994
1618,0.01,7,"[[4.41, 7.98, 5.03, 0.94, 6.07, 7.96, 3.08], [7.18, 6.38, 1.11, 4.77, 7.21, 4.82, 4.9], [5.63, 7.2, 7.79, 1.19, 2.56, 6.05, 3.13], [2.67, 2.05, 5.91, 4.15, 9.55, 4.46, 9.22]]",5.0,9.22,81,"[0.04, 0.02, 0.05, 0.89]","[[0, 0, 0, 0, 0, 0, 0, 0], [0, 0, 0, 0, 0, 0, 0, 0], [0, 0, 0, 0, 0, 0, 0, 0], [0, 1, 0, 0, 0, 0, 0, 0]]",2.994
1619,0.01,4,"[[7.32, 4.38, 4.99, 7.76, 5.0, 5.94, 2.36], [8.4, 3.61, 8.45, 4.23, 7.02, 4.36, 9.23], [1.69, 3.23, 3.54, 3.86, 3.72, 2.06, 0.61], [7.94, 7.02, 6.73, 4.28, 8.5, 0.13, 2.63]]",5.0,7.76,81,"[0.85, 0.03, 0.11, 0.01]","[[0, 0, 1, 0, 0, 0, 0, 0], [0, 0, 0, 0, 0, 0, 0, 0], [0, 0, 0, 0, 0, 0, 0, 0], [0, 0, 0, 0, 0, 0, 0, 0]]",2.994
1620,0.01,3,"[[0.19, 0.09, 0.13, 0.2, 0.03, 0.17, 0.2], [0.08, 0.14, 0.18, 0.15, 0.19, 0.11, 0.07], [0.15, 0.06, 0.07, 0.11, 0.19, 0.02, 0.14], [0.12, 0.04, 0.06, 0.04, 0.06, 0.19, 0.09]]",0.13,0.06,82,"[0.02, 0.85, 0.05, 0.08]","[[0, 1, 7, 6, 2, 3, 4, 5], [0, 8, 9, 10, 11, 14, 12, 13], [0, 0, 0, 0, 0, 0, 0, 0], [0, 0, 0, 0, 0, 0, 0, 0]]",0.072
1621,0.01,6,"[[0.01, 0.19, 0.1, 0.03, 0.13, 0.15, 0.13], [0.17, 0.18, 0.07, 0.17, 0.17, 0.12, 0.12], [0.11, 0.17, 0.18, 0.22, 0.08, 0.06, 0.07], [0.12, 0.02, 0.07, 0.16, 0.17, 0.14, 0.04]]",0.13,0.15,82,"[0.3, 0.29, 0.13, 0.28]","[[0, 0, 0, 0, 0, 0, 0, 0], [0, 0, 0, 0, 0, 0, 0, 0], [0, 0, 0, 0, 0, 0, 0, 0], [0, 0, 0, 0, 0, 0, 0, 0]]",0.072
1622,0.01,6,"[[0.06, 0.11, 0.17, 0.23, 0.15, 0.14, 0.21], [0.16, 0.17, 0.08, 0.04, 0.07, 0.21, 0.12], [0.2, 0.19, 0.13, 0.12, 0.17, 0.2, 0.16], [0.1, 0.1, 0.12, 0.16, 0.01, 0.17, 0.09]]",0.13,0.17,82,"[0.23, 0.25, 0.3, 0.22]","[[0, 0, 0, 0, 0, 0, 0, 0], [0, 0, 0, 0, 0, 0, 0, 0], [0, 0, 0, 0, 0, 0, 0, 0], [0, 0, 0, 0, 0, 0, 0, 0]]",0.072
1623,0.01,7,"[[0.11, 0.06, 0.11, 0.08, 0.17, 0.11, 0.11], [0.14, 0.12, 0.06, 0.14, 0.09, 0.14, 0.12], [0.04, 0.15, 0.09, 0.13, 0.15, 0.18, 0.21], [0.1, 0.08, 0.17, 0.08, 0.19, 0.13, 0.19]]",0.13,0.19,82,"[0.26, 0.2, 0.27, 0.27]","[[0, 0, 0, 0, 0, 0, 0, 0], [0, 0, 0, 0, 0, 0, 0, 0], [0, 1, 0, 0, 2, 0, 0, 3], [0, 0, 0, 0, 0, 0, 0, 0]]",0.072
1624,0.01,4,"[[0.11, 0.22, 0.08, 0.2, 0.14, 0.03, 0.13], [0.17, 0.02, 0.02, 0.09, 0.21, 0.16, 0.15], [0.09, 0.18, 0.16, 0.17, 0.05, 0.09, 0.1], [0.18, 0.05, 0.09, 0.19, 0.24, 0.18, 0.12]]",0.13,0.09,82,"[0.33, 0.18, 0.11, 0.38]","[[0, 0, 0, 0, 4, 0, 5, 0], [0, 0, 0, 0, 0, 0, 0, 0], [0, 0, 0, 0, 0, 0, 0, 0], [0, 0, 1, 0, 2, 0, 3, 0]]",0.072
1625,0.01,5,"[[0.15, 0.17, 0.12, 0.06, 0.06, 0.22, 0.15], [0.19, 0.17, 0.21, 0.18, 0.06, 0.19, 0.04], [0.07, 0.13, 0.08, 0.09, 0.18, 0.11, 0.12], [0.16, 0.1, 0.02, 0.11, 0.21, 0.13, 0.19]]",0.13,0.21,82,"[0.09, 0.05, 0.01, 0.85]","[[0, 0, 0, 0, 0, 0, 0, 0], [0, 0, 0, 0, 0, 0, 0, 0], [0, 0, 0, 0, 0, 0, 0, 0], [0, 1, 2, 3, 4, 5, 6, 7]]",0.072
1626,0.01,6,"[[0.18, 0.08, 0.04, 0.19, 0.05, 0.05, 0.16], [0.09, 0.22, 0.23, 0.17, 0.13, 0.24, 0.18], [0.21, 0.2, 0.1, 0.14, 0.11, 0.11, 0.19], [0.23, 0.14, 0.16, 0.18, 0.12, 0.18, 0.03]]",0.13,0.24,82,"[0.02, 0.92, 0.02, 0.04]","[[0, 0, 0, 0, 0, 0, 0, 0], [0, 1, 0, 0, 2, 4, 5, 3], [0, 0, 0, 0, 0, 0, 0, 0], [0, 0, 0, 0, 0, 0, 0, 0]]",0.072
1627,0.01,4,"[[0.11, 0.18, 0.17, 0.05, 0.02, 0.11, 0.14], [0.16, 0.12, 0.11, 0.08, 0.11, 0.16, 0.08], [0.12, 0.16, 0.05, 0.23, 0.13, 0.08, 0.03], [0.17, 0.24, 0.1, 0.22, 0.06, 0.14, 0.05]]",0.13,0.23,82,"[0.01, 0.08, 0.86, 0.05]","[[0, 0, 0, 0, 0, 0, 0, 0], [0, 0, 0, 0, 0, 0, 0, 0], [0, 1, 0, 0, 2, 0, 3, 4], [0, 0, 0, 0, 0, 0, 0, 0]]",0.072
1628,0.01,1,"[[0.11, 0.17, 0.16, 0.1, 0.16, 0.08, 0.16], [0.14, 0.11, 0.1, 0.17, 0.15, 0.09, 0.15], [0.18, 0.13, 0.06, 0.09, 0.04, 0.12, 0.18], [0.24, 0.17, 0.23, 0.17, 0.08, 0.13, 0.06]]",0.13,0.18,82,"[0.26, 0.27, 0.3, 0.17]","[[0, 6, 0, 2, 0, 0, 0, 4], [0, 0, 5, 0, 0, 0, 0, 0], [0, 1, 0, 0, 0, 3, 0, 0], [0, 0, 0, 0, 0, 0, 0, 0]]",0.072
1629,0.01,1,"[[0.06, 0.1, 0.22, 0.17, 0.09, 0.03, 0.08], [0.24, 0.07, 0.1, 0.11, 0.11, 0.15, 0.16], [0.04, 0.05, 0.2, 0.13, 0.03, 0.1, 0.19], [0.2, 0.09, 0.17, 0.15, 0.2, 0.1, 0.15]]",0.13,0.24,82,"[0.01, 0.1, 0.04, 0.85]","[[0, 0, 0, 0, 0, 0, 0, 0], [0, 0, 0, 0, 0, 0, 0, 0], [0, 0, 0, 0, 0, 0, 0, 0], [0, 1, 5, 2, 6, 3, 7, 4]]",0.072
1630,0.01,1,"[[7.78, 7.83, 6.34, 3.49, 9.25, 4.1, 8.16], [4.02, 5.78, 4.37, 3.5, 3.65, 5.34, 1.1], [4.29, 1.52, 3.77, 7.63, 3.05, 0.82, 4.95], [8.46, 6.15, 6.73, 3.18, 8.15, 6.29, 5.32]]",5.0,4.02,82,"[0.2, 0.29, 0.22, 0.29]","[[0, 14, 13, 9, 8, 18, 23, 24], [0, 15, 12, 10, 7, 19, 22, 25], [0, 16, 11, 17, 6, 20, 21, 26], [0, 1, 2, 3, 5, 4, 28, 27]]",2.994
1631,0.01,1,"[[7.17, 3.46, 5.58, 3.93, 3.7, 2.49, 5.53], [9.77, 5.93, 5.47, 2.25, 8.04, 7.17, 0.39], [7.48, 1.53, 5.91, 7.74, 1.59, 6.73, 3.86], [5.1, 6.8, 2.11, 7.09, 7.57, 6.62, 8.34]]",5.0,7.17,82,"[0.88, 0.05, 0.05, 0.02]","[[0, 1, 2, 3, 5, 4, 6, 7], [0, 0, 0, 0, 0, 0, 0, 0], [0, 0, 0, 0, 0, 0, 0, 0], [0, 0, 0, 0, 0, 0, 0, 0]]",2.994
1632,0.01,5,"[[8.47, 2.82, 7.33, 4.03, 7.07, 2.75, 1.54], [4.68, 3.16, 0.97, 1.44, 5.2, 6.65, 9.25], [8.41, 7.04, 1.31, 3.23, 7.09, 7.67, 1.55], [6.28, 2.99, 4.33, 1.28, 9.25, 6.99, 2.35]]",5.0,9.25,82,"[0.01, 0.01, 0.01, 0.97]","[[0, 0, 0, 0, 0, 0, 0, 0], [0, 0, 0, 0, 0, 0, 0, 0], [0, 0, 0, 0, 0, 0, 0, 0], [0, 1, 2, 3, 4, 5, 0, 0]]",2.994
1633,0.01,7,"[[5.12, 1.51, 5.2, 6.71, 2.69, 8.45, 7.56], [1.26, 6.81, 6.02, 6.85, 3.83, 2.04, 5.15], [0.77, 1.29, 6.67, 1.6, 1.63, 0.54, 0.89], [4.2, 5.58, 3.29, 3.97, 3.54, 6.37, 4.95]]",5.0,7.56,82,"[0.21, 0.27, 0.19, 0.33]","[[0, 0, 15, 0, 0, 0, 0, 16], [0, 8, 9, 10, 11, 12, 13, 14], [0, 0, 0, 0, 0, 0, 0, 0], [0, 1, 2, 3, 4, 5, 6, 7]]",2.994
1634,0.01,5,"[[4.41, 7.98, 5.03, 0.94, 6.07, 7.96, 3.08], [7.18, 6.38, 1.11, 4.77, 7.21, 4.82, 4.9], [5.63, 7.2, 7.79, 1.19, 2.56, 6.05, 3.13], [2.67, 2.05, 5.91, 4.15, 9.55, 4.46, 9.22]]",5.0,9.55,82,"[0.04, 0.02, 0.05, 0.89]","[[0, 0, 0, 0, 0, 10, 0, 12], [0, 0, 0, 0, 0, 11, 0, 13], [0, 0, 0, 0, 0, 8, 0, 9], [0, 1, 2, 3, 4, 5, 6, 7]]",2.994
1635,0.01,3,"[[5.92, 9.68, 5.15, 2.59, 5.89, 7.38, 2.85], [1.22, 5.64, 6.3, 3.82, 9.13, 6.51, 3.36], [6.72, 1.0, 8.86, 8.25, 8.82, 6.13, 4.12], [7.5, 7.75, 5.39, 3.9, 7.48, 3.23, 1.98]]",5.0,6.3,82,"[0.3, 0.17, 0.24, 0.29]","[[0, 1, 2, 3, 4, 5, 6, 7], [0, 15, 18, 19, 22, 23, 26, 27], [0, 16, 17, 20, 21, 24, 25, 28], [0, 8, 9, 12, 11, 13, 10, 14]]",2.994
1636,0.01,2,"[[7.11, 5.78, 4.85, 4.33, 7.33, 7.89, 5.26], [5.95, 7.87, 3.44, 7.0, 6.97, 5.22, 6.26], [3.72, 9.35, 7.04, 6.38, 7.42, 6.47, 5.89], [5.94, 4.84, 1.39, 4.52, 3.41, 2.82, 3.73]]",5.0,9.35,82,"[0.33, 0.2, 0.24, 0.23]","[[0, 15, 16, 17, 18, 19, 20, 21], [0, 8, 9, 10, 11, 13, 12, 14], [0, 22, 24, 0, 0, 23, 0, 0], [0, 1, 2, 3, 4, 5, 6, 7]]",2.994
1637,0.01,7,"[[0.94, 9.58, 9.58, 1.68, 3.99, 3.26, 9.98], [7.2, 6.69, 3.6, 6.35, 1.28, 0.52, 9.84], [4.59, 4.33, 3.41, 2.69, 0.89, 3.28, 2.91], [7.61, 5.48, 8.81, 6.78, 0.6, 7.91, 3.87]]",5.0,9.84,82,"[0.01, 0.89, 0.08, 0.02]","[[0, 0, 0, 0, 0, 0, 0, 11], [0, 1, 2, 3, 4, 5, 7, 6], [0, 9, 10, 0, 0, 0, 0, 8], [0, 0, 0, 0, 0, 0, 0, 0]]",2.994
1638,0.01,5,"[[0.95, 2.78, 3.25, 5.38, 7.09, 3.77, 4.83], [7.13, 8.96, 5.39, 2.27, 8.34, 7.96, 4.55], [9.77, 5.61, 8.97, 8.09, 6.52, 2.37, 9.08], [8.52, 1.84, 1.06, 3.62, 0.7, 3.27, 0.14]]",5.0,6.52,82,"[0.85, 0.07, 0.07, 0.01]","[[0, 1, 2, 3, 4, 5, 7, 6], [0, 0, 0, 0, 10, 8, 0, 0], [0, 0, 0, 0, 11, 9, 0, 0], [0, 0, 0, 0, 13, 12, 0, 0]]",2.994
1639,0.01,1,"[[4.36, 8.7, 5.94, 4.41, 8.37, 5.83, 0.58], [9.58, 2.24, 8.49, 4.24, 4.63, 4.53, 5.29], [6.08, 4.31, 5.59, 3.3, 3.91, 4.21, 4.74], [9.25, 5.33, 1.67, 7.75, 5.64, 2.81, 3.02]]",5.0,9.25,82,"[0.31, 0.27, 0.14, 0.28]","[[0, 1, 8, 9, 16, 17, 24, 25], [0, 2, 7, 10, 15, 18, 23, 26], [0, 3, 6, 11, 14, 19, 22, 27], [0, 4, 5, 12, 13, 20, 21, 28]]",2.994
1640,0.0,5,"[[0.1, 0.1, 0.03, 0.13, 0.2, 0.08, 0.11], [0.08, 0.05, 0.11, 0.15, 0.22, 0.2, 0.17], [0.16, 0.24, 0.08, 0.04, 0.05, 0.19, 0.14], [0.1, 0.18, 0.15, 0.14, 0.18, 0.07, 0.19]]",0.13,0.2,83,"[0.36, 0.26, 0.19, 0.19]","[[0, 2, 4, 3, 5, 6, 7, 8], [0, 1, 14, 13, 12, 11, 10, 9], [0, 0, 0, 0, 0, 0, 0, 0], [0, 0, 0, 0, 0, 0, 0, 0]]",0.072
1641,0.0,3,"[[0.12, 0.04, 0.15, 0.03, 0.12, 0.21, 0.16], [0.15, 0.15, 0.1, 0.11, 0.22, 0.11, 0.06], [0.06, 0.07, 0.19, 0.11, 0.05, 0.07, 0.16], [0.05, 0.12, 0.14, 0.09, 0.12, 0.13, 0.02]]",0.13,0.19,83,"[0.04, 0.05, 0.89, 0.02]","[[0, 0, 0, 8, 0, 0, 0, 0], [0, 0, 0, 9, 0, 0, 0, 0], [0, 1, 2, 3, 4, 5, 6, 7], [0, 0, 0, 10, 0, 0, 0, 0]]",0.072
1642,0.0,5,"[[0.11, 0.22, 0.08, 0.2, 0.14, 0.03, 0.13], [0.17, 0.02, 0.02, 0.09, 0.21, 0.16, 0.15], [0.09, 0.18, 0.16, 0.17, 0.05, 0.09, 0.1], [0.18, 0.05, 0.09, 0.19, 0.24, 0.18, 0.12]]",0.13,0.14,83,"[0.33, 0.18, 0.11, 0.38]","[[0, 8, 9, 10, 11, 12, 13, 14], [0, 0, 0, 0, 0, 0, 0, 0], [0, 0, 0, 0, 0, 0, 0, 0], [0, 1, 2, 3, 4, 5, 6, 7]]",0.072
1643,0.0,3,"[[0.18, 0.08, 0.14, 0.2, 0.12, 0.1, 0.1], [0.1, 0.05, 0.2, 0.13, 0.11, 0.09, 0.04], [0.15, 0.11, 0.22, 0.09, 0.14, 0.12, 0.12], [0.17, 0.01, 0.14, 0.05, 0.14, 0.07, 0.08]]",0.13,0.14,83,"[0.3, 0.22, 0.27, 0.21]","[[0, 16, 17, 19, 22, 23, 26, 27], [0, 15, 18, 20, 21, 24, 25, 28], [0, 14, 13, 12, 11, 10, 9, 8], [0, 1, 2, 3, 4, 5, 6, 7]]",0.072
1644,0.0,1,"[[0.15, 0.06, 0.09, 0.11, 0.16, 0.04, 0.14], [0.13, 0.19, 0.06, 0.21, 0.14, 0.09, 0.14], [0.16, 0.13, 0.11, 0.14, 0.1, 0.12, 0.12], [0.2, 0.09, 0.2, 0.06, 0.12, 0.09, 0.16]]",0.13,0.16,83,"[0.08, 0.04, 0.87, 0.01]","[[0, 8, 0, 0, 11, 0, 0, 0], [0, 9, 0, 0, 0, 0, 0, 0], [0, 1, 2, 3, 4, 5, 6, 7], [0, 10, 0, 0, 0, 0, 0, 0]]",0.072
1645,0.0,1,"[[0.23, 0.06, 0.08, 0.13, 0.11, 0.05, 0.11], [0.17, 0.17, 0.17, 0.13, 0.09, 0.2, 0.07], [0.21, 0.11, 0.17, 0.05, 0.13, 0.11, 0.17], [0.16, 0.02, 0.2, 0.19, 0.23, 0.13, 0.13]]",0.13,0.16,83,"[0.24, 0.22, 0.21, 0.33]","[[0, 28, 27, 26, 19, 14, 12, 13], [0, 23, 24, 25, 18, 15, 11, 10], [0, 22, 21, 20, 17, 16, 9, 8], [0, 1, 2, 3, 4, 5, 6, 7]]",0.072
1646,0.0,1,"[[0.08, 0.08, 0.03, 0.08, 0.06, 0.11, 0.11], [0.21, 0.12, 0.16, 0.16, 0.17, 0.12, 0.08], [0.24, 0.22, 0.1, 0.12, 0.06, 0.2, 0.05], [0.13, 0.19, 0.1, 0.18, 0.14, 0.09, 0.16]]",0.13,0.24,83,"[0.12, 0.34, 0.21, 0.33]","[[0, 0, 0, 0, 0, 0, 0, 0], [0, 14, 13, 12, 11, 10, 9, 8], [0, 15, 16, 17, 18, 19, 20, 21], [0, 1, 2, 3, 4, 5, 6, 7]]",0.072
1647,0.0,3,"[[0.16, 0.11, 0.08, 0.09, 0.11, 0.11, 0.06], [0.14, 0.14, 0.15, 0.18, 0.2, 0.23, 0.09], [0.09, 0.18, 0.2, 0.13, 0.05, 0.16, 0.07], [0.08, 0.02, 0.16, 0.15, 0.1, 0.09, 0.12]]",0.13,0.2,83,"[0.08, 0.02, 0.89, 0.01]","[[0, 0, 0, 8, 0, 0, 0, 0], [0, 0, 11, 9, 12, 0, 0, 0], [0, 1, 2, 3, 4, 5, 6, 7], [0, 0, 0, 10, 0, 0, 0, 0]]",0.072
1648,0.0,7,"[[0.06, 0.22, 0.11, 0.12, 0.13, 0.09, 0.18], [0.2, 0.17, 0.05, 0.09, 0.17, 0.16, 0.24], [0.14, 0.03, 0.23, 0.14, 0.04, 0.13, 0.18], [0.16, 0.1, 0.17, 0.16, 0.14, 0.04, 0.05]]",0.13,0.18,83,"[0.87, 0.02, 0.1, 0.01]","[[0, 1, 2, 3, 4, 5, 6, 7], [0, 0, 13, 0, 0, 0, 0, 8], [0, 0, 12, 0, 0, 0, 0, 9], [0, 0, 11, 0, 0, 0, 0, 10]]",0.072
1649,0.0,5,"[[0.07, 0.16, 0.11, 0.2, 0.2, 0.19, 0.16], [0.15, 0.22, 0.24, 0.17, 0.18, 0.12, 0.12], [0.11, 0.16, 0.11, 0.12, 0.21, 0.06, 0.16], [0.17, 0.22, 0.15, 0.11, 0.24, 0.11, 0.17]]",0.13,0.24,83,"[0.09, 0.03, 0.01, 0.87]","[[0, 0, 11, 0, 0, 10, 0, 0], [0, 0, 12, 0, 0, 9, 0, 0], [0, 0, 13, 0, 0, 8, 0, 0], [0, 1, 2, 3, 4, 5, 6, 7]]",0.072
1650,0.0,3,"[[2.88, 2.6, 7.89, 4.77, 7.12, 4.23, 2.87], [3.29, 2.97, 3.82, 9.51, 9.45, 8.27, 5.42], [3.22, 3.81, 4.18, 2.52, 3.48, 3.16, 9.41], [1.89, 5.73, 6.1, 1.69, 4.58, 1.23, 3.5]]",5.0,4.18,83,"[0.2, 0.16, 0.26, 0.38]","[[0, 28, 25, 24, 21, 20, 17, 16], [0, 27, 26, 23, 22, 19, 18, 15], [0, 2, 3, 8, 6, 9, 12, 13], [0, 1, 4, 5, 7, 10, 11, 14]]",2.994
1651,0.0,3,"[[3.74, 4.35, 1.03, 5.02, 2.48, 7.72, 3.91], [9.52, 3.82, 4.46, 2.55, 5.65, 6.25, 0.76], [2.96, 5.49, 2.32, 7.63, 0.35, 8.21, 6.51], [4.09, 2.1, 9.56, 8.08, 0.89, 1.16, 4.1]]",5.0,4.46,83,"[0.04, 0.08, 0.02, 0.86]","[[0, 0, 0, 0, 22, 19, 18, 15], [0, 8, 9, 10, 11, 12, 13, 14], [0, 0, 0, 0, 21, 20, 17, 16], [0, 7, 6, 5, 4, 3, 2, 1]]",2.994
1652,0.0,4,"[[3.54, 3.18, 6.26, 3.39, 3.52, 5.47, 1.42], [3.13, 1.91, 7.14, 3.81, 4.58, 6.9, 8.39], [7.48, 1.27, 5.41, 7.63, 6.12, 1.81, 6.34], [6.09, 3.7, 4.25, 4.91, 0.8, 7.46, 7.59]]",5.0,7.63,83,"[0.04, 0.07, 0.88, 0.01]","[[0, 17, 0, 0, 19, 0, 0, 15], [0, 8, 9, 10, 11, 12, 13, 14], [0, 1, 2, 3, 4, 5, 6, 7], [0, 16, 0, 0, 18, 0, 0, 0]]",2.994
1653,0.0,1,"[[2.44, 7.36, 6.46, 5.15, 7.43, 1.32, 0.71], [3.96, 8.36, 4.6, 6.91, 2.69, 5.0, 1.64], [8.24, 5.23, 2.67, 1.92, 6.03, 2.88, 7.54], [1.43, 5.93, 6.77, 1.1, 3.47, 5.78, 6.1]]",5.0,8.24,83,"[0.02, 0.06, 0.89, 0.03]","[[0, 13, 0, 0, 0, 16, 0, 9], [0, 12, 0, 0, 0, 15, 0, 8], [0, 1, 2, 3, 4, 5, 6, 7], [0, 11, 0, 0, 0, 14, 0, 10]]",2.994
1654,0.0,5,"[[5.16, 3.84, 2.97, 6.89, 7.92, 3.02, 6.81], [6.93, 3.64, 5.33, 8.47, 3.82, 8.88, 7.83], [4.51, 5.38, 9.21, 3.79, 4.77, 9.29, 4.59], [3.55, 8.48, 4.66, 2.28, 3.95, 2.95, 5.67]]",5.0,7.92,83,"[0.86, 0.08, 0.05, 0.01]","[[0, 1, 2, 3, 4, 5, 6, 7], [0, 0, 0, 0, 14, 8, 0, 11], [0, 0, 0, 0, 15, 9, 0, 12], [0, 0, 0, 0, 16, 10, 0, 13]]",2.994
1655,0.0,3,"[[2.09, 7.52, 9.74, 6.72, 2.88, 5.9, 5.87], [6.25, 4.49, 6.66, 2.68, 2.62, 7.58, 4.86], [0.33, 4.49, 3.44, 6.0, 4.73, 0.87, 2.63], [7.63, 1.46, 3.24, 5.72, 7.53, 7.25, 3.01]]",5.0,6.66,83,"[0.34, 0.23, 0.2, 0.23]","[[0, 4, 5, 12, 13, 20, 21, 22], [0, 3, 6, 11, 14, 19, 24, 23], [0, 2, 7, 10, 15, 18, 25, 28], [0, 1, 8, 9, 16, 17, 26, 27]]",2.994
1656,0.0,5,"[[7.74, 3.22, 6.43, 3.71, 7.81, 4.87, 5.0], [6.79, 7.24, 2.38, 4.86, 3.87, 6.17, 4.92], [3.15, 9.58, 2.44, 5.2, 8.45, 2.58, 2.29], [4.2, 1.81, 5.9, 9.47, 8.69, 2.45, 6.94]]",5.0,8.69,83,"[0.15, 0.38, 0.14, 0.33]","[[0, 15, 18, 19, 22, 23, 28, 27], [0, 14, 13, 12, 11, 10, 9, 8], [0, 16, 17, 20, 21, 25, 24, 26], [0, 1, 2, 4, 3, 5, 6, 7]]",2.994
1657,0.0,1,"[[1.63, 4.7, 3.32, 2.64, 8.47, 3.24, 4.54], [8.67, 5.47, 1.74, 1.77, 1.06, 7.43, 3.25], [4.05, 4.33, 1.96, 6.68, 6.28, 9.52, 7.64], [3.95, 5.24, 1.85, 2.91, 0.64, 2.21, 1.85]]",5.0,8.67,83,"[0.05, 0.89, 0.05, 0.01]","[[0, 10, 0, 0, 0, 0, 11, 0], [0, 1, 2, 3, 4, 5, 6, 7], [0, 8, 0, 0, 0, 0, 12, 0], [0, 9, 0, 0, 0, 0, 13, 0]]",2.994
1658,0.0,4,"[[6.2, 4.19, 3.44, 8.27, 6.51, 4.65, 4.01], [2.89, 4.13, 4.82, 8.89, 9.25, 0.96, 6.04], [8.8, 2.84, 4.5, 4.81, 3.19, 0.46, 7.31], [5.12, 1.87, 1.91, 7.0, 2.08, 5.06, 2.86]]",5.0,4.81,83,"[0.15, 0.21, 0.3, 0.34]","[[0, 12, 9, 8, 13, 14, 15, 16], [0, 11, 10, 7, 26, 25, 18, 17], [0, 2, 3, 6, 27, 24, 19, 20], [0, 1, 4, 5, 28, 23, 22, 21]]",2.994
1659,0.0,3,"[[1.89, 1.68, 4.82, 0.64, 6.72, 5.82, 3.47], [2.81, 5.64, 4.93, 5.88, 1.19, 6.58, 2.91], [6.88, 4.96, 4.06, 5.77, 1.03, 4.24, 5.62], [0.22, 1.89, 4.63, 5.2, 4.1, 3.36, 6.44]]",5.0,4.63,83,"[0.25, 0.26, 0.31, 0.18]","[[0, 23, 21, 20, 2, 8, 9, 11], [0, 24, 22, 19, 1, 7, 10, 12], [0, 25, 28, 18, 3, 6, 16, 13], [0, 26, 27, 17, 4, 5, 15, 14]]",2.994
1660,0.0,5,"[[3.89, 7.03, 1.42, 3.85, 5.57, 3.85, 2.09], [1.42, 3.42, 3.49, 1.78, 8.76, 8.52, 6.88], [3.98, 7.53, 6.94, 2.68, 5.16, 4.6, 0.82], [7.43, 7.31, 6.36, 5.75, 9.0, 9.88, 3.78]]",5.0,9.0,84,"[0.86, 0.01, 0.02, 0.11]","[[0, 10, 26, 25, 24, 23, 20, 18], [0, 9, 6, 5, 1, 2, 16, 17], [0, 8, 7, 4, 3, 15, 19, 21], [0, 27, 11, 12, 13, 14, 22, 28]]",2.994
1661,0.0,4,"[[6.26, 0.19, 5.42, 8.23, 3.15, 1.79, 3.82], [4.19, 3.39, 2.75, 9.2, 5.7, 3.44, 3.56], [5.45, 5.72, 8.61, 4.63, 8.16, 8.36, 7.19], [3.14, 2.27, 7.83, 9.11, 0.69, 3.38, 9.35]]",5.0,9.11,84,"[0.1, 0.01, 0.01, 0.88]","[[0, 26, 27, 16, 15, 4, 3, 8], [0, 25, 24, 17, 14, 1, 2, 5], [0, 19, 22, 18, 13, 10, 7, 6], [0, 23, 20, 21, 12, 11, 9, 28]]",2.994
1662,0.0,1,"[[8.47, 2.82, 7.33, 4.03, 7.07, 2.75, 1.54], [4.68, 3.16, 0.97, 1.44, 5.2, 6.65, 9.25], [8.41, 7.04, 1.31, 3.23, 7.09, 7.67, 1.55], [6.28, 2.99, 4.33, 1.28, 9.25, 6.99, 2.35]]",5.0,6.28,84,"[0.01, 0.01, 0.01, 0.97]","[[0, 27, 21, 20, 1, 4, 6, 5], [0, 26, 22, 19, 2, 3, 7, 8], [0, 28, 23, 17, 16, 13, 11, 12], [0, 25, 24, 18, 15, 14, 9, 10]]",2.994
1663,0.0,5,"[[3.95, 8.96, 8.28, 6.18, 7.02, 4.65, 4.21], [7.39, 4.82, 4.44, 1.73, 7.35, 9.66, 2.04], [6.67, 2.62, 2.43, 7.24, 6.32, 7.33, 5.82], [4.75, 4.96, 2.68, 1.71, 6.22, 1.58, 9.11]]",5.0,7.02,84,"[0.25, 0.24, 0.28, 0.23]","[[0, 1, 3, 5, 16, 17, 24, 25], [0, 2, 4, 6, 15, 19, 23, 26], [0, 8, 7, 11, 14, 18, 22, 27], [0, 9, 10, 12, 13, 20, 21, 28]]",2.994
1664,0.0,6,"[[6.38, 4.4, 2.78, 4.02, 3.28, 4.56, 6.79], [6.89, 5.4, 5.87, 9.63, 0.42, 4.93, 4.29], [2.96, 2.23, 8.29, 4.74, 3.72, 2.39, 0.86], [5.36, 5.18, 6.28, 1.08, 2.81, 5.95, 9.65]]",5.0,4.93,84,"[0.2, 0.38, 0.3, 0.12]","[[0, 4, 5, 2, 0, 16, 17, 24], [0, 6, 3, 1, 12, 13, 20, 21], [0, 7, 8, 0, 11, 14, 18, 22], [0, 0, 9, 0, 10, 15, 19, 23]]",2.994
1665,0.0,4,"[[3.74, 4.35, 1.03, 5.02, 2.48, 7.72, 3.91], [9.52, 3.82, 4.46, 2.55, 5.65, 6.25, 0.76], [2.96, 5.49, 2.32, 7.63, 0.35, 8.21, 6.51], [4.09, 2.1, 9.56, 8.08, 0.89, 1.16, 4.1]]",5.0,8.08,84,"[0.04, 0.08, 0.02, 0.86]","[[0, 1, 2, 3, 4, 5, 6, 7], [0, 14, 13, 12, 11, 8, 9, 10], [0, 15, 16, 19, 22, 23, 26, 27], [0, 17, 18, 20, 21, 24, 25, 28]]",2.994
1666,0.0,4,"[[7.11, 5.78, 4.85, 4.33, 7.33, 7.89, 5.26], [5.95, 7.87, 3.44, 7.0, 6.97, 5.22, 6.26], [3.72, 9.35, 7.04, 6.38, 7.42, 6.47, 5.89], [5.94, 4.84, 1.39, 4.52, 3.41, 2.82, 3.73]]",5.0,6.38,84,"[0.33, 0.2, 0.24, 0.23]","[[0, 1, 7, 11, 16, 17, 23, 26], [0, 3, 6, 10, 15, 18, 22, 25], [0, 2, 5, 12, 13, 19, 24, 27], [0, 4, 8, 9, 14, 20, 21, 28]]",2.994
1667,0.0,2,"[[1.92, 6.77, 0.18, 0.58, 7.09, 4.34, 4.61], [2.63, 2.6, 4.89, 2.52, 8.42, 2.23, 4.37], [6.54, 7.27, 4.71, 3.86, 8.83, 4.81, 5.31], [5.47, 8.91, 3.37, 8.65, 6.85, 1.47, 5.12]]",5.0,8.91,84,"[0.31, 0.2, 0.17, 0.32]","[[0, 1, 2, 3, 4, 5, 7, 6], [0, 14, 13, 12, 10, 11, 8, 9], [0, 15, 17, 20, 21, 24, 25, 28], [0, 16, 18, 19, 22, 23, 26, 27]]",2.994
1668,0.0,7,"[[2.67, 1.86, 1.79, 5.75, 3.59, 3.3, 1.49], [1.18, 8.77, 6.89, 4.16, 3.25, 3.0, 9.34], [1.75, 2.03, 4.01, 8.67, 5.48, 1.04, 6.3], [4.37, 0.5, 5.19, 4.46, 0.43, 0.13, 6.06]]",5.0,6.3,84,"[0.24, 0.23, 0.24, 0.29]","[[0, 1, 2, 3, 4, 5, 6, 8], [0, 14, 13, 12, 11, 10, 9, 7], [0, 15, 16, 19, 21, 24, 25, 28], [0, 17, 18, 20, 22, 23, 26, 27]]",2.994
1669,0.0,5,"[[7.04, 7.27, 1.99, 4.87, 6.53, 6.34, 1.47], [5.29, 2.16, 9.06, 4.67, 7.92, 5.41, 7.56], [6.95, 5.35, 1.7, 4.81, 6.84, 1.21, 8.92], [6.63, 5.53, 4.35, 1.42, 5.69, 5.92, 4.12]]",5.0,7.92,84,"[0.07, 0.87, 0.03, 0.03]","[[0, 1, 2, 3, 4, 5, 6, 7], [0, 14, 13, 12, 11, 10, 9, 8], [0, 15, 16, 17, 18, 19, 20, 21], [0, 28, 27, 26, 25, 24, 23, 22]]",2.994
1670,0.0,2,"[[0.04, 0.14, 0.09, 0.06, 0.18, 0.1, 0.07], [0.09, 0.13, 0.01, 0.23, 0.07, 0.19, 0.05], [0.08, 0.2, 0.08, 0.21, 0.07, 0.04, 0.22], [0.12, 0.1, 0.09, 0.18, 0.18, 0.04, 0.15]]",0.13,0.1,84,"[0.05, 0.03, 0.07, 0.85]","[[0, 1, 8, 9, 15, 17, 24, 25], [0, 2, 7, 10, 16, 18, 23, 26], [0, 3, 5, 11, 13, 19, 22, 27], [0, 4, 6, 12, 14, 20, 21, 28]]",0.072
1671,0.0,2,"[[0.21, 0.18, 0.18, 0.07, 0.17, 0.09, 0.08], [0.07, 0.09, 0.01, 0.16, 0.02, 0.06, 0.25], [0.21, 0.16, 0.24, 0.08, 0.24, 0.16, 0.09], [0.17, 0.08, 0.18, 0.24, 0.11, 0.09, 0.22]]",0.13,0.08,84,"[0.21, 0.27, 0.2, 0.32]","[[0, 1, 2, 3, 4, 5, 6, 7], [0, 27, 25, 18, 19, 14, 13, 8], [0, 26, 24, 20, 21, 15, 12, 9], [0, 28, 23, 22, 17, 16, 11, 10]]",0.072
1672,0.0,6,"[[0.01, 0.19, 0.1, 0.03, 0.13, 0.15, 0.13], [0.17, 0.18, 0.07, 0.17, 0.17, 0.12, 0.12], [0.11, 0.17, 0.18, 0.22, 0.08, 0.06, 0.07], [0.12, 0.02, 0.07, 0.16, 0.17, 0.14, 0.04]]",0.13,0.14,84,"[0.3, 0.29, 0.13, 0.28]","[[0, 1, 3, 4, 5, 6, 7, 8], [0, 2, 14, 13, 11, 12, 10, 9], [0, 16, 15, 19, 21, 24, 25, 27], [0, 17, 18, 20, 22, 23, 26, 28]]",0.072
1673,0.0,5,"[[0.14, 0.15, 0.11, 0.2, 0.03, 0.13, 0.04], [0.03, 0.07, 0.1, 0.21, 0.1, 0.13, 0.08], [0.14, 0.03, 0.06, 0.05, 0.15, 0.08, 0.09], [0.13, 0.08, 0.16, 0.01, 0.21, 0.09, 0.05]]",0.13,0.15,84,"[0.06, 0.03, 0.86, 0.05]","[[0, 1, 5, 2, 4, 3, 6, 7], [0, 14, 13, 12, 11, 10, 9, 8], [0, 17, 16, 15, 18, 19, 20, 21], [0, 28, 27, 26, 25, 24, 23, 22]]",0.072
1674,0.0,5,"[[0.11, 0.22, 0.08, 0.2, 0.14, 0.03, 0.13], [0.17, 0.02, 0.02, 0.09, 0.21, 0.16, 0.15], [0.09, 0.18, 0.16, 0.17, 0.05, 0.09, 0.1], [0.18, 0.05, 0.09, 0.19, 0.24, 0.18, 0.12]]",0.13,0.14,84,"[0.33, 0.18, 0.11, 0.38]","[[0, 1, 2, 4, 5, 6, 7, 8], [0, 14, 3, 13, 11, 12, 10, 9], [0, 15, 18, 19, 22, 23, 26, 27], [0, 16, 17, 20, 21, 24, 25, 28]]",0.072
1675,0.0,6,"[[0.17, 0.04, 0.18, 0.09, 0.04, 0.16, 0.22], [0.22, 0.14, 0.04, 0.11, 0.04, 0.23, 0.13], [0.09, 0.1, 0.01, 0.06, 0.15, 0.17, 0.05], [0.04, 0.06, 0.1, 0.03, 0.1, 0.03, 0.15]]",0.13,0.16,84,"[0.35, 0.15, 0.13, 0.37]","[[0, 1, 2, 3, 4, 5, 6, 7], [0, 14, 13, 12, 11, 9, 10, 8], [0, 15, 16, 19, 22, 23, 28, 26], [0, 18, 17, 20, 21, 24, 25, 27]]",0.072
1676,0.0,3,"[[0.16, 0.21, 0.19, 0.12, 0.21, 0.05, 0.2], [0.14, 0.1, 0.04, 0.07, 0.08, 0.16, 0.22], [0.03, 0.17, 0.22, 0.13, 0.04, 0.22, 0.12], [0.16, 0.14, 0.16, 0.16, 0.18, 0.13, 0.14]]",0.13,0.04,84,"[0.06, 0.89, 0.04, 0.01]","[[0, 1, 2, 3, 4, 5, 6, 7], [0, 28, 23, 22, 17, 16, 9, 8], [0, 27, 24, 21, 18, 15, 11, 10], [0, 26, 25, 20, 19, 14, 13, 12]]",0.072
1677,0.0,4,"[[0.16, 0.14, 0.08, 0.14, 0.11, 0.13, 0.09], [0.19, 0.11, 0.19, 0.08, 0.11, 0.19, 0.13], [0.21, 0.23, 0.11, 0.11, 0.1, 0.18, 0.03], [0.04, 0.14, 0.12, 0.13, 0.05, 0.04, 0.05]]",0.13,0.14,84,"[0.31, 0.22, 0.18, 0.29]","[[0, 1, 2, 3, 4, 5, 6, 7], [0, 14, 13, 12, 11, 10, 9, 8], [0, 15, 16, 17, 18, 19, 20, 21], [0, 28, 27, 26, 25, 24, 23, 22]]",0.072
1678,0.0,4,"[[0.02, 0.1, 0.05, 0.19, 0.09, 0.05, 0.06], [0.03, 0.12, 0.22, 0.08, 0.02, 0.07, 0.12], [0.18, 0.19, 0.1, 0.18, 0.18, 0.13, 0.15], [0.08, 0.17, 0.23, 0.11, 0.13, 0.16, 0.07]]",0.13,0.11,84,"[0.06, 0.06, 0.03, 0.85]","[[0, 1, 2, 4, 3, 5, 7, 6], [0, 15, 14, 13, 11, 12, 10, 9], [0, 16, 17, 18, 19, 20, 21, 8], [0, 28, 27, 26, 25, 24, 23, 22]]",0.072
1679,0.0,4,"[[0.02, 0.18, 0.09, 0.13, 0.07, 0.12, 0.08], [0.15, 0.12, 0.24, 0.14, 0.1, 0.01, 0.14], [0.2, 0.14, 0.24, 0.13, 0.22, 0.23, 0.18], [0.11, 0.21, 0.18, 0.07, 0.12, 0.14, 0.14]]",0.13,0.07,84,"[0.85, 0.02, 0.03, 0.1]","[[0, 1, 2, 3, 4, 5, 6, 7], [0, 14, 13, 12, 11, 10, 9, 8], [0, 15, 16, 17, 18, 19, 20, 21], [0, 28, 27, 26, 25, 24, 23, 22]]",0.072
1680,0.01,2,"[[0.12, 0.13, 0.12, 0.14, 0.05, 0.1, 0.25], [0.16, 0.2, 0.2, 0.14, 0.09, 0.17, 0.09], [0.11, 0.12, 0.11, 0.11, 0.08, 0.05, 0.17], [0.19, 0.2, 0.07, 0.21, 0.07, 0.13, 0.2]]",0.13,0.12,85,"[0.17, 0.35, 0.31, 0.17]","[[0, 0, 0, 0, 0, 0, 0, 0], [0, 1, 4, 0, 0, 2, 0, 0], [0, 3, 0, 0, 0, 0, 0, 0], [0, 0, 0, 0, 0, 0, 0, 0]]",0.072
1681,0.01,5,"[[0.08, 0.23, 0.11, 0.15, 0.14, 0.16, 0.07], [0.19, 0.17, 0.09, 0.16, 0.14, 0.09, 0.03], [0.13, 0.11, 0.24, 0.17, 0.14, 0.06, 0.15], [0.09, 0.17, 0.09, 0.17, 0.19, 0.1, 0.17]]",0.13,0.19,85,"[0.01, 0.02, 0.11, 0.86]","[[0, 0, 0, 0, 0, 0, 0, 0], [0, 0, 0, 0, 0, 0, 0, 0], [0, 0, 0, 0, 0, 0, 0, 0], [0, 1, 6, 2, 3, 5, 7, 4]]",0.072
1682,0.01,4,"[[0.16, 0.14, 0.08, 0.14, 0.11, 0.13, 0.09], [0.19, 0.11, 0.19, 0.08, 0.11, 0.19, 0.13], [0.21, 0.23, 0.11, 0.11, 0.1, 0.18, 0.03], [0.04, 0.14, 0.12, 0.13, 0.05, 0.04, 0.05]]",0.13,0.11,85,"[0.31, 0.22, 0.18, 0.29]","[[0, 0, 0, 0, 0, 0, 0, 0], [0, 0, 0, 0, 0, 0, 0, 0], [0, 0, 0, 0, 0, 0, 0, 0], [0, 0, 0, 0, 0, 0, 0, 0]]",0.072
1683,0.01,7,"[[0.15, 0.08, 0.15, 0.12, 0.15, 0.08, 0.22], [0.12, 0.2, 0.22, 0.16, 0.25, 0.12, 0.11], [0.19, 0.22, 0.15, 0.08, 0.12, 0.14, 0.2], [0.21, 0.16, 0.09, 0.16, 0.22, 0.15, 0.19]]",0.13,0.2,85,"[0.05, 0.07, 0.86, 0.02]","[[0, 0, 0, 0, 0, 0, 0, 0], [0, 0, 0, 0, 0, 0, 0, 0], [0, 1, 0, 0, 0, 0, 2, 3], [0, 0, 0, 0, 0, 0, 0, 0]]",0.072
1684,0.01,1,"[[0.06, 0.1, 0.22, 0.17, 0.09, 0.03, 0.08], [0.24, 0.07, 0.1, 0.11, 0.11, 0.15, 0.16], [0.04, 0.05, 0.2, 0.13, 0.03, 0.1, 0.19], [0.2, 0.09, 0.17, 0.15, 0.2, 0.1, 0.15]]",0.13,0.2,85,"[0.01, 0.1, 0.04, 0.85]","[[0, 0, 0, 0, 0, 0, 0, 0], [0, 0, 0, 0, 0, 0, 0, 0], [0, 0, 0, 0, 0, 0, 0, 0], [0, 1, 0, 0, 0, 0, 0, 0]]",0.072
1685,0.01,7,"[[0.16, 0.21, 0.19, 0.12, 0.21, 0.05, 0.2], [0.14, 0.1, 0.04, 0.07, 0.08, 0.16, 0.22], [0.03, 0.17, 0.22, 0.13, 0.04, 0.22, 0.12], [0.16, 0.14, 0.16, 0.16, 0.18, 0.13, 0.14]]",0.13,0.22,85,"[0.06, 0.89, 0.04, 0.01]","[[0, 0, 0, 0, 0, 0, 0, 0], [0, 0, 0, 1, 0, 0, 0, 2], [0, 0, 0, 0, 0, 0, 0, 0], [0, 0, 0, 0, 0, 0, 0, 0]]",0.072
1686,0.01,3,"[[0.14, 0.16, 0.16, 0.21, 0.14, 0.04, 0.08], [0.06, 0.2, 0.17, 0.04, 0.15, 0.07, 0.15], [0.13, 0.19, 0.14, 0.02, 0.08, 0.23, 0.1], [0.15, 0.03, 0.13, 0.07, 0.13, 0.07, 0.19]]",0.13,0.16,85,"[0.26, 0.28, 0.24, 0.22]","[[0, 0, 0, 0, 0, 0, 0, 0], [0, 0, 0, 0, 0, 0, 0, 0], [0, 0, 0, 0, 0, 0, 0, 0], [0, 0, 0, 0, 0, 0, 0, 0]]",0.072
1687,0.01,5,"[[0.05, 0.08, 0.17, 0.15, 0.22, 0.07, 0.07], [0.06, 0.1, 0.12, 0.11, 0.19, 0.16, 0.05], [0.19, 0.16, 0.13, 0.06, 0.18, 0.04, 0.24], [0.15, 0.24, 0.11, 0.13, 0.14, 0.03, 0.01]]",0.13,0.22,85,"[0.86, 0.01, 0.05, 0.08]","[[0, 2, 1, 6, 4, 7, 3, 5], [0, 0, 0, 0, 0, 0, 0, 0], [0, 0, 0, 0, 0, 0, 0, 0], [0, 0, 0, 0, 0, 0, 0, 0]]",0.072
1688,0.01,6,"[[0.19, 0.12, 0.08, 0.18, 0.08, 0.2, 0.22], [0.05, 0.04, 0.19, 0.18, 0.18, 0.05, 0.1], [0.21, 0.13, 0.15, 0.13, 0.16, 0.15, 0.08], [0.19, 0.06, 0.09, 0.07, 0.04, 0.2, 0.08]]",0.13,0.2,85,"[0.16, 0.28, 0.23, 0.33]","[[0, 0, 0, 0, 0, 0, 0, 0], [0, 0, 0, 0, 0, 0, 0, 0], [0, 0, 0, 0, 0, 0, 0, 0], [0, 0, 1, 0, 3, 0, 4, 2]]",0.072
1689,0.01,4,"[[0.11, 0.17, 0.16, 0.1, 0.16, 0.08, 0.16], [0.14, 0.11, 0.1, 0.17, 0.15, 0.09, 0.15], [0.18, 0.13, 0.06, 0.09, 0.04, 0.12, 0.18], [0.24, 0.17, 0.23, 0.17, 0.08, 0.13, 0.06]]",0.13,0.09,85,"[0.26, 0.27, 0.3, 0.17]","[[0, 0, 0, 0, 0, 0, 0, 0], [0, 0, 0, 0, 0, 0, 0, 0], [0, 0, 0, 0, 0, 0, 0, 0], [0, 0, 0, 0, 0, 0, 0, 0]]",0.072
1690,0.01,7,"[[5.12, 1.51, 5.2, 6.71, 2.69, 8.45, 7.56], [1.26, 6.81, 6.02, 6.85, 3.83, 2.04, 5.15], [0.77, 1.29, 6.67, 1.6, 1.63, 0.54, 0.89], [4.2, 5.58, 3.29, 3.97, 3.54, 6.37, 4.95]]",5.0,7.56,85,"[0.21, 0.27, 0.19, 0.33]","[[0, 0, 0, 0, 0, 0, 0, 0], [0, 1, 0, 0, 0, 0, 0, 3], [0, 0, 0, 0, 0, 0, 0, 0], [0, 0, 0, 0, 2, 0, 0, 0]]",2.994
1691,0.01,2,"[[2.09, 7.52, 9.74, 6.72, 2.88, 5.9, 5.87], [6.25, 4.49, 6.66, 2.68, 2.62, 7.58, 4.86], [0.33, 4.49, 3.44, 6.0, 4.73, 0.87, 2.63], [7.63, 1.46, 3.24, 5.72, 7.53, 7.25, 3.01]]",5.0,7.52,85,"[0.34, 0.23, 0.2, 0.23]","[[0, 0, 1, 0, 0, 0, 0, 0], [0, 0, 0, 0, 0, 0, 0, 0], [0, 0, 0, 0, 0, 0, 0, 0], [0, 0, 0, 0, 0, 0, 0, 0]]",2.994
1692,0.01,2,"[[3.95, 8.96, 8.28, 6.18, 7.02, 4.65, 4.21], [7.39, 4.82, 4.44, 1.73, 7.35, 9.66, 2.04], [6.67, 2.62, 2.43, 7.24, 6.32, 7.33, 5.82], [4.75, 4.96, 2.68, 1.71, 6.22, 1.58, 9.11]]",5.0,2.62,85,"[0.25, 0.24, 0.28, 0.23]","[[0, 0, 2, 0, 0, 0, 0, 1], [0, 0, 0, 0, 0, 0, 0, 0], [0, 0, 0, 0, 0, 0, 0, 0], [0, 0, 0, 0, 0, 0, 0, 0]]",2.994
1693,0.01,1,"[[7.17, 3.46, 5.58, 3.93, 3.7, 2.49, 5.53], [9.77, 5.93, 5.47, 2.25, 8.04, 7.17, 0.39], [7.48, 1.53, 5.91, 7.74, 1.59, 6.73, 3.86], [5.1, 6.8, 2.11, 7.09, 7.57, 6.62, 8.34]]",5.0,7.48,85,"[0.88, 0.05, 0.05, 0.02]","[[0, 1, 5, 2, 3, 6, 4, 0], [0, 0, 0, 0, 0, 0, 0, 0], [0, 0, 0, 0, 0, 0, 0, 0], [0, 0, 0, 0, 0, 0, 0, 0]]",2.994
1694,0.01,3,"[[2.88, 2.6, 7.89, 4.77, 7.12, 4.23, 2.87], [3.29, 2.97, 3.82, 9.51, 9.45, 8.27, 5.42], [3.22, 3.81, 4.18, 2.52, 3.48, 3.16, 9.41], [1.89, 5.73, 6.1, 1.69, 4.58, 1.23, 3.5]]",5.0,7.89,85,"[0.2, 0.16, 0.26, 0.38]","[[0, 0, 0, 0, 0, 0, 0, 0], [0, 0, 0, 0, 0, 0, 0, 0], [0, 0, 0, 0, 0, 0, 0, 0], [0, 6, 1, 4, 0, 3, 2, 5]]",2.994
1695,0.01,7,"[[8.39, 1.9, 3.96, 5.78, 2.24, 5.8, 4.1], [0.94, 5.02, 2.49, 5.54, 6.54, 4.33, 9.65], [7.94, 7.8, 4.1, 9.82, 1.59, 4.84, 8.58], [8.96, 7.49, 1.94, 3.92, 0.76, 2.82, 6.17]]",5.0,9.65,85,"[0.11, 0.85, 0.02, 0.02]","[[0, 0, 0, 0, 0, 0, 0, 0], [0, 1, 0, 2, 0, 0, 3, 4], [0, 0, 0, 0, 0, 0, 0, 0], [0, 0, 0, 0, 0, 0, 0, 0]]",2.994
1696,0.01,4,"[[6.2, 4.19, 3.44, 8.27, 6.51, 4.65, 4.01], [2.89, 4.13, 4.82, 8.89, 9.25, 0.96, 6.04], [8.8, 2.84, 4.5, 4.81, 3.19, 0.46, 7.31], [5.12, 1.87, 1.91, 7.0, 2.08, 5.06, 2.86]]",5.0,4.81,85,"[0.15, 0.21, 0.3, 0.34]","[[0, 0, 0, 0, 7, 0, 0, 0], [0, 2, 3, 0, 0, 0, 0, 0], [0, 0, 4, 0, 6, 0, 0, 0], [0, 1, 0, 0, 5, 0, 0, 0]]",2.994
1697,0.01,3,"[[7.04, 7.27, 1.99, 4.87, 6.53, 6.34, 1.47], [5.29, 2.16, 9.06, 4.67, 7.92, 5.41, 7.56], [6.95, 5.35, 1.7, 4.81, 6.84, 1.21, 8.92], [6.63, 5.53, 4.35, 1.42, 5.69, 5.92, 4.12]]",5.0,9.06,85,"[0.07, 0.87, 0.03, 0.03]","[[0, 0, 0, 0, 0, 0, 0, 0], [0, 1, 3, 6, 2, 5, 4, 0], [0, 0, 0, 0, 0, 0, 0, 0], [0, 0, 0, 0, 0, 0, 0, 0]]",2.994
1698,0.01,2,"[[5.71, 4.0, 7.87, 3.26, 8.95, 9.97, 6.35], [4.81, 5.73, 5.74, 5.66, 5.51, 4.81, 7.59], [6.14, 5.62, 3.6, 6.94, 3.42, 3.6, 6.26], [1.09, 4.7, 1.56, 4.05, 2.65, 4.29, 5.33]]",5.0,5.73,85,"[0.02, 0.08, 0.03, 0.87]","[[0, 0, 0, 0, 0, 0, 0, 0], [0, 0, 0, 0, 0, 0, 0, 0], [0, 0, 0, 0, 0, 0, 0, 0], [0, 1, 5, 4, 6, 3, 2, 0]]",2.994
1699,0.01,1,"[[3.54, 3.18, 6.26, 3.39, 3.52, 5.47, 1.42], [3.13, 1.91, 7.14, 3.81, 4.58, 6.9, 8.39], [7.48, 1.27, 5.41, 7.63, 6.12, 1.81, 6.34], [6.09, 3.7, 4.25, 4.91, 0.8, 7.46, 7.59]]",5.0,7.48,85,"[0.04, 0.07, 0.88, 0.01]","[[0, 0, 0, 0, 0, 0, 0, 0], [0, 0, 0, 0, 0, 0, 0, 0], [0, 1, 3, 5, 0, 4, 6, 2], [0, 0, 0, 0, 0, 0, 0, 0]]",2.994
1700,0.0,5,"[[0.07, 0.16, 0.11, 0.2, 0.2, 0.19, 0.16], [0.15, 0.22, 0.24, 0.17, 0.18, 0.12, 0.12], [0.11, 0.16, 0.11, 0.12, 0.21, 0.06, 0.16], [0.17, 0.22, 0.15, 0.11, 0.24, 0.11, 0.17]]",0.13,0.24,86,"[0.09, 0.03, 0.01, 0.87]","[[0, 1, 8, 9, 22, 16, 23, 25], [0, 3, 7, 10, 21, 17, 26, 0], [0, 2, 6, 20, 19, 18, 24, 0], [0, 4, 5, 11, 12, 13, 14, 15]]",0.072
1701,0.0,5,"[[0.15, 0.17, 0.12, 0.06, 0.06, 0.22, 0.15], [0.19, 0.17, 0.21, 0.18, 0.06, 0.19, 0.04], [0.07, 0.13, 0.08, 0.09, 0.18, 0.11, 0.12], [0.16, 0.1, 0.02, 0.11, 0.21, 0.13, 0.19]]",0.13,0.21,86,"[0.09, 0.05, 0.01, 0.85]","[[0, 8, 9, 10, 11, 12, 13, 14], [0, 15, 16, 17, 18, 19, 20, 21], [0, 0, 0, 0, 0, 0, 0, 0], [0, 1, 2, 3, 4, 5, 6, 7]]",0.072
1702,0.0,6,"[[0.07, 0.07, 0.17, 0.05, 0.08, 0.18, 0.15], [0.19, 0.17, 0.06, 0.13, 0.2, 0.13, 0.2], [0.08, 0.18, 0.04, 0.21, 0.15, 0.15, 0.18], [0.06, 0.08, 0.09, 0.02, 0.12, 0.19, 0.09]]",0.13,0.18,86,"[0.31, 0.27, 0.19, 0.23]","[[0, 1, 2, 3, 4, 7, 5, 6], [0, 14, 13, 12, 11, 8, 9, 10], [0, 22, 23, 24, 27, 25, 26, 28], [0, 15, 16, 17, 18, 19, 20, 21]]",0.072
1703,0.0,3,"[[0.12, 0.17, 0.14, 0.13, 0.11, 0.07, 0.23], [0.21, 0.03, 0.18, 0.17, 0.22, 0.07, 0.12], [0.06, 0.15, 0.14, 0.1, 0.11, 0.15, 0.22], [0.13, 0.03, 0.18, 0.17, 0.07, 0.25, 0.1]]",0.13,0.18,86,"[0.39, 0.18, 0.15, 0.28]","[[0, 1, 2, 3, 4, 5, 7, 6], [0, 15, 16, 17, 18, 19, 20, 21], [0, 27, 26, 25, 24, 23, 22, 28], [0, 8, 9, 10, 11, 12, 13, 14]]",0.072
1704,0.0,6,"[[0.06, 0.11, 0.17, 0.23, 0.15, 0.14, 0.21], [0.16, 0.17, 0.08, 0.04, 0.07, 0.21, 0.12], [0.2, 0.19, 0.13, 0.12, 0.17, 0.2, 0.16], [0.1, 0.1, 0.12, 0.16, 0.01, 0.17, 0.09]]",0.13,0.2,86,"[0.23, 0.25, 0.3, 0.22]","[[0, 15, 16, 17, 18, 19, 20, 21], [0, 8, 9, 10, 11, 12, 13, 14], [0, 1, 2, 4, 3, 5, 6, 7], [0, 0, 0, 0, 0, 0, 22, 0]]",0.072
1705,0.0,7,"[[0.19, 0.11, 0.24, 0.23, 0.21, 0.14, 0.16], [0.12, 0.1, 0.02, 0.19, 0.1, 0.08, 0.14], [0.05, 0.21, 0.07, 0.2, 0.09, 0.02, 0.23], [0.09, 0.04, 0.09, 0.14, 0.18, 0.2, 0.23]]",0.13,0.23,86,"[0.03, 0.01, 0.92, 0.04]","[[0, 0, 0, 0, 0, 0, 0, 10], [0, 0, 0, 0, 0, 0, 0, 9], [0, 1, 2, 3, 4, 5, 6, 7], [0, 0, 0, 0, 0, 0, 0, 8]]",0.072
1706,0.0,6,"[[0.14, 0.12, 0.08, 0.02, 0.14, 0.19, 0.09], [0.2, 0.01, 0.13, 0.03, 0.11, 0.06, 0.23], [0.19, 0.12, 0.16, 0.15, 0.16, 0.07, 0.21], [0.09, 0.14, 0.24, 0.12, 0.1, 0.2, 0.16]]",0.13,0.2,86,"[0.36, 0.17, 0.12, 0.35]","[[0, 1, 2, 3, 4, 5, 6, 7], [0, 22, 21, 20, 19, 17, 15, 18], [0, 0, 0, 0, 0, 0, 16, 0], [0, 14, 13, 12, 11, 10, 9, 8]]",0.072
1707,0.0,2,"[[0.16, 0.14, 0.08, 0.14, 0.11, 0.13, 0.09], [0.19, 0.11, 0.19, 0.08, 0.11, 0.19, 0.13], [0.21, 0.23, 0.11, 0.11, 0.1, 0.18, 0.03], [0.04, 0.14, 0.12, 0.13, 0.05, 0.04, 0.05]]",0.13,0.14,86,"[0.31, 0.22, 0.18, 0.29]","[[0, 1, 2, 3, 4, 5, 7, 6], [0, 0, 15, 0, 0, 0, 0, 0], [0, 0, 16, 0, 0, 0, 0, 0], [0, 8, 9, 10, 11, 12, 13, 14]]",0.072
1708,0.0,5,"[[0.05, 0.08, 0.17, 0.15, 0.22, 0.07, 0.07], [0.06, 0.1, 0.12, 0.11, 0.19, 0.16, 0.05], [0.19, 0.16, 0.13, 0.06, 0.18, 0.04, 0.24], [0.15, 0.24, 0.11, 0.13, 0.14, 0.03, 0.01]]",0.13,0.22,86,"[0.86, 0.01, 0.05, 0.08]","[[0, 1, 2, 4, 3, 5, 6, 7], [0, 0, 0, 0, 0, 10, 0, 0], [0, 0, 0, 0, 0, 9, 0, 0], [0, 0, 0, 0, 0, 8, 0, 0]]",0.072
1709,0.0,1,"[[0.15, 0.06, 0.09, 0.11, 0.16, 0.04, 0.14], [0.13, 0.19, 0.06, 0.21, 0.14, 0.09, 0.14], [0.16, 0.13, 0.11, 0.14, 0.1, 0.12, 0.12], [0.2, 0.09, 0.2, 0.06, 0.12, 0.09, 0.16]]",0.13,0.13,86,"[0.08, 0.04, 0.87, 0.01]","[[0, 10, 0, 0, 0, 0, 0, 0], [0, 9, 0, 0, 0, 0, 0, 0], [0, 1, 2, 3, 4, 5, 6, 7], [0, 8, 0, 0, 0, 0, 0, 0]]",0.072
1710,0.0,1,"[[2.44, 7.36, 6.46, 5.15, 7.43, 1.32, 0.71], [3.96, 8.36, 4.6, 6.91, 2.69, 5.0, 1.64], [8.24, 5.23, 2.67, 1.92, 6.03, 2.88, 7.54], [1.43, 5.93, 6.77, 1.1, 3.47, 5.78, 6.1]]",5.0,3.96,86,"[0.02, 0.06, 0.89, 0.03]","[[0, 10, 0, 0, 0, 0, 0, 0], [0, 9, 0, 0, 0, 0, 0, 0], [0, 1, 2, 3, 4, 5, 6, 7], [0, 8, 0, 0, 0, 0, 0, 0]]",2.994
1711,0.0,4,"[[6.26, 0.19, 5.42, 8.23, 3.15, 1.79, 3.82], [4.19, 3.39, 2.75, 9.2, 5.7, 3.44, 3.56], [5.45, 5.72, 8.61, 4.63, 8.16, 8.36, 7.19], [3.14, 2.27, 7.83, 9.11, 0.69, 3.38, 9.35]]",5.0,9.11,86,"[0.1, 0.01, 0.01, 0.88]","[[0, 0, 0, 0, 12, 0, 0, 11], [0, 0, 0, 0, 13, 0, 0, 10], [0, 0, 0, 0, 8, 0, 0, 9], [0, 1, 2, 3, 4, 6, 5, 7]]",2.994
1712,0.0,5,"[[7.04, 7.27, 1.99, 4.87, 6.53, 6.34, 1.47], [5.29, 2.16, 9.06, 4.67, 7.92, 5.41, 7.56], [6.95, 5.35, 1.7, 4.81, 6.84, 1.21, 8.92], [6.63, 5.53, 4.35, 1.42, 5.69, 5.92, 4.12]]",5.0,5.69,86,"[0.07, 0.87, 0.03, 0.03]","[[0, 0, 0, 10, 0, 11, 0, 14], [0, 1, 2, 3, 4, 5, 6, 7], [0, 0, 0, 8, 0, 12, 0, 15], [0, 0, 0, 9, 0, 13, 0, 16]]",2.994
1713,0.0,7,"[[7.29, 4.26, 4.93, 3.96, 3.34, 8.54, 6.49], [0.79, 3.44, 2.71, 8.71, 2.86, 7.09, 3.94], [9.61, 8.74, 7.3, 3.82, 1.83, 1.17, 5.37], [2.04, 1.98, 8.39, 1.63, 1.8, 1.97, 7.71]]",5.0,3.94,86,"[0.21, 0.28, 0.29, 0.22]","[[0, 9, 13, 16, 0, 0, 0, 19], [0, 8, 12, 15, 0, 0, 0, 18], [0, 2, 1, 3, 4, 7, 5, 6], [0, 10, 11, 14, 0, 0, 0, 17]]",2.994
1714,0.0,5,"[[5.77, 3.99, 6.61, 4.81, 8.16, 4.87, 2.84], [5.38, 5.12, 5.88, 4.67, 7.45, 7.64, 1.41], [2.86, 1.79, 4.9, 7.89, 6.3, 3.05, 5.2], [5.28, 6.58, 1.34, 2.2, 4.69, 6.92, 5.01]]",5.0,6.3,86,"[0.34, 0.23, 0.11, 0.32]","[[0, 1, 2, 3, 4, 5, 6, 7], [0, 0, 0, 0, 0, 15, 18, 0], [0, 0, 0, 0, 0, 16, 17, 0], [0, 8, 9, 10, 11, 12, 13, 14]]",2.994
1715,0.0,6,"[[3.4, 2.14, 9.33, 2.59, 4.55, 1.09, 2.85], [2.69, 7.17, 4.91, 8.03, 6.07, 6.49, 2.28], [2.24, 5.15, 4.83, 2.39, 2.78, 7.43, 5.61], [3.01, 5.69, 6.66, 3.22, 3.6, 8.48, 3.28]]",5.0,1.09,86,"[0.07, 0.01, 0.9, 0.02]","[[0, 0, 0, 0, 0, 0, 10, 11], [0, 0, 0, 0, 0, 0, 9, 0], [0, 1, 2, 4, 3, 5, 6, 7], [0, 0, 0, 0, 0, 0, 8, 0]]",2.994
1716,0.0,7,"[[1.89, 1.68, 4.82, 0.64, 6.72, 5.82, 3.47], [2.81, 5.64, 4.93, 5.88, 1.19, 6.58, 2.91], [6.88, 4.96, 4.06, 5.77, 1.03, 4.24, 5.62], [0.22, 1.89, 4.63, 5.2, 4.1, 3.36, 6.44]]",5.0,5.62,86,"[0.25, 0.26, 0.31, 0.18]","[[0, 10, 19, 0, 13, 0, 0, 15], [0, 9, 18, 0, 12, 0, 0, 14], [0, 1, 2, 3, 4, 5, 6, 7], [0, 8, 17, 0, 11, 0, 0, 16]]",2.994
1717,0.0,5,"[[8.47, 2.82, 7.33, 4.03, 7.07, 2.75, 1.54], [4.68, 3.16, 0.97, 1.44, 5.2, 6.65, 9.25], [8.41, 7.04, 1.31, 3.23, 7.09, 7.67, 1.55], [6.28, 2.99, 4.33, 1.28, 9.25, 6.99, 2.35]]",5.0,9.25,86,"[0.01, 0.01, 0.01, 0.97]","[[0, 0, 0, 0, 0, 10, 13, 0], [0, 0, 0, 0, 0, 9, 12, 0], [0, 0, 0, 0, 0, 8, 11, 0], [0, 1, 2, 3, 4, 5, 6, 7]]",2.994
1718,0.0,4,"[[6.38, 4.4, 2.78, 4.02, 3.28, 4.56, 6.79], [6.89, 5.4, 5.87, 9.63, 0.42, 4.93, 4.29], [2.96, 2.23, 8.29, 4.74, 3.72, 2.39, 0.86], [5.36, 5.18, 6.28, 1.08, 2.81, 5.95, 9.65]]",5.0,1.08,86,"[0.2, 0.38, 0.3, 0.12]","[[0, 13, 0, 16, 8, 0, 0, 0], [0, 1, 2, 3, 4, 5, 6, 7], [0, 12, 0, 14, 9, 0, 0, 0], [0, 11, 0, 15, 10, 0, 0, 0]]",2.994
1719,0.0,5,"[[7.11, 5.78, 4.85, 4.33, 7.33, 7.89, 5.26], [5.95, 7.87, 3.44, 7.0, 6.97, 5.22, 6.26], [3.72, 9.35, 7.04, 6.38, 7.42, 6.47, 5.89], [5.94, 4.84, 1.39, 4.52, 3.41, 2.82, 3.73]]",5.0,6.97,86,"[0.33, 0.2, 0.24, 0.23]","[[0, 1, 3, 2, 4, 5, 6, 7], [0, 14, 0, 0, 0, 13, 8, 0], [0, 15, 0, 0, 0, 12, 9, 0], [0, 16, 0, 0, 0, 11, 10, 0]]",2.994
1720,0.01,5,"[[0.08, 0.23, 0.11, 0.15, 0.14, 0.16, 0.07], [0.19, 0.17, 0.09, 0.16, 0.14, 0.09, 0.03], [0.13, 0.11, 0.24, 0.17, 0.14, 0.06, 0.15], [0.09, 0.17, 0.09, 0.17, 0.19, 0.1, 0.17]]",0.13,0.19,87,"[0.01, 0.02, 0.11, 0.86]","[[0, 0, 0, 0, 0, 0, 0, 0], [0, 0, 0, 0, 0, 0, 0, 0], [0, 0, 0, 0, 0, 0, 0, 0], [0, 1, 0, 2, 0, 3, 5, 4]]",0.072
1721,0.01,3,"[[0.12, 0.13, 0.12, 0.14, 0.05, 0.1, 0.25], [0.16, 0.2, 0.2, 0.14, 0.09, 0.17, 0.09], [0.11, 0.12, 0.11, 0.11, 0.08, 0.05, 0.17], [0.19, 0.2, 0.07, 0.21, 0.07, 0.13, 0.2]]",0.13,0.2,87,"[0.17, 0.35, 0.31, 0.17]","[[0, 0, 0, 0, 0, 0, 0, 0], [0, 0, 0, 2, 0, 0, 0, 0], [0, 0, 0, 0, 0, 0, 0, 0], [0, 1, 0, 0, 0, 0, 0, 0]]",0.072
1722,0.01,1,"[[0.14, 0.12, 0.08, 0.02, 0.14, 0.19, 0.09], [0.2, 0.01, 0.13, 0.03, 0.11, 0.06, 0.23], [0.19, 0.12, 0.16, 0.15, 0.16, 0.07, 0.21], [0.09, 0.14, 0.24, 0.12, 0.1, 0.2, 0.16]]",0.13,0.09,87,"[0.36, 0.17, 0.12, 0.35]","[[0, 0, 0, 0, 0, 0, 0, 0], [0, 0, 0, 0, 0, 0, 0, 0], [0, 0, 0, 0, 0, 0, 0, 0], [0, 0, 0, 0, 0, 0, 0, 0]]",0.072
1723,0.01,1,"[[0.15, 0.06, 0.09, 0.11, 0.16, 0.04, 0.14], [0.13, 0.19, 0.06, 0.21, 0.14, 0.09, 0.14], [0.16, 0.13, 0.11, 0.14, 0.1, 0.12, 0.12], [0.2, 0.09, 0.2, 0.06, 0.12, 0.09, 0.16]]",0.13,0.16,87,"[0.08, 0.04, 0.87, 0.01]","[[0, 0, 0, 0, 0, 0, 0, 0], [0, 0, 0, 0, 0, 0, 0, 0], [0, 4, 1, 5, 2, 0, 3, 6], [0, 0, 0, 0, 0, 0, 0, 0]]",0.072
1724,0.01,5,"[[0.19, 0.12, 0.08, 0.18, 0.08, 0.2, 0.22], [0.05, 0.04, 0.19, 0.18, 0.18, 0.05, 0.1], [0.21, 0.13, 0.15, 0.13, 0.16, 0.15, 0.08], [0.19, 0.06, 0.09, 0.07, 0.04, 0.2, 0.08]]",0.13,0.16,87,"[0.16, 0.28, 0.23, 0.33]","[[0, 0, 0, 0, 0, 0, 0, 0], [0, 1, 2, 0, 0, 0, 0, 0], [0, 0, 0, 0, 0, 0, 0, 0], [0, 0, 0, 0, 3, 0, 0, 0]]",0.072
1725,0.01,4,"[[0.01, 0.19, 0.1, 0.03, 0.13, 0.15, 0.13], [0.17, 0.18, 0.07, 0.17, 0.17, 0.12, 0.12], [0.11, 0.17, 0.18, 0.22, 0.08, 0.06, 0.07], [0.12, 0.02, 0.07, 0.16, 0.17, 0.14, 0.04]]",0.13,0.22,87,"[0.3, 0.29, 0.13, 0.28]","[[0, 0, 0, 0, 0, 0, 0, 0], [0, 0, 0, 0, 0, 0, 0, 0], [0, 0, 0, 0, 0, 0, 0, 0], [0, 0, 0, 0, 0, 0, 0, 0]]",0.072
1726,0.01,7,"[[0.08, 0.23, 0.16, 0.14, 0.22, 0.12, 0.2], [0.17, 0.2, 0.03, 0.17, 0.21, 0.17, 0.07], [0.08, 0.2, 0.14, 0.22, 0.1, 0.13, 0.17], [0.07, 0.12, 0.01, 0.11, 0.05, 0.12, 0.17]]",0.13,0.2,87,"[0.86, 0.03, 0.04, 0.07]","[[0, 1, 0, 0, 2, 0, 0, 3], [0, 0, 0, 0, 0, 0, 0, 0], [0, 0, 0, 0, 0, 0, 0, 0], [0, 0, 0, 0, 0, 0, 0, 0]]",0.072
1727,0.01,4,"[[0.16, 0.14, 0.08, 0.14, 0.11, 0.13, 0.09], [0.19, 0.11, 0.19, 0.08, 0.11, 0.19, 0.13], [0.21, 0.23, 0.11, 0.11, 0.1, 0.18, 0.03], [0.04, 0.14, 0.12, 0.13, 0.05, 0.04, 0.05]]",0.13,0.11,87,"[0.31, 0.22, 0.18, 0.29]","[[0, 0, 0, 0, 0, 0, 0, 0], [0, 0, 0, 0, 0, 0, 0, 0], [0, 0, 0, 0, 0, 0, 0, 0], [0, 0, 0, 0, 0, 0, 0, 0]]",0.072
1728,0.01,5,"[[0.05, 0.08, 0.17, 0.15, 0.22, 0.07, 0.07], [0.06, 0.1, 0.12, 0.11, 0.19, 0.16, 0.05], [0.19, 0.16, 0.13, 0.06, 0.18, 0.04, 0.24], [0.15, 0.24, 0.11, 0.13, 0.14, 0.03, 0.01]]",0.13,0.22,87,"[0.86, 0.01, 0.05, 0.08]","[[0, 1, 0, 0, 2, 4, 0, 3], [0, 0, 0, 0, 0, 0, 0, 0], [0, 0, 0, 0, 0, 0, 0, 0], [0, 0, 0, 0, 0, 0, 0, 0]]",0.072
1729,0.01,1,"[[0.07, 0.16, 0.11, 0.2, 0.2, 0.19, 0.16], [0.15, 0.22, 0.24, 0.17, 0.18, 0.12, 0.12], [0.11, 0.16, 0.11, 0.12, 0.21, 0.06, 0.16], [0.17, 0.22, 0.15, 0.11, 0.24, 0.11, 0.17]]",0.13,0.17,87,"[0.09, 0.03, 0.01, 0.87]","[[0, 0, 0, 0, 0, 0, 0, 0], [0, 0, 0, 0, 0, 0, 0, 0], [0, 0, 0, 0, 0, 0, 0, 0], [0, 3, 0, 0, 2, 0, 0, 1]]",0.072
1730,0.01,5,"[[6.19, 1.85, 1.16, 4.28, 2.66, 3.25, 7.93], [4.16, 3.03, 5.34, 3.93, 5.82, 4.05, 2.14], [6.53, 8.89, 6.73, 7.28, 2.75, 0.6, 4.09], [4.95, 6.55, 6.81, 6.9, 1.07, 2.2, 5.26]]",5.0,5.82,87,"[0.03, 0.86, 0.04, 0.07]","[[0, 0, 0, 0, 0, 0, 0, 0], [0, 1, 7, 6, 5, 4, 3, 2], [0, 0, 0, 0, 0, 0, 0, 0], [0, 0, 0, 0, 0, 0, 0, 0]]",2.994
1731,0.01,1,"[[4.36, 8.7, 5.94, 4.41, 8.37, 5.83, 0.58], [9.58, 2.24, 8.49, 4.24, 4.63, 4.53, 5.29], [6.08, 4.31, 5.59, 3.3, 3.91, 4.21, 4.74], [9.25, 5.33, 1.67, 7.75, 5.64, 2.81, 3.02]]",5.0,9.58,87,"[0.31, 0.27, 0.14, 0.28]","[[0, 1, 0, 0, 2, 0, 0, 3], [0, 6, 0, 0, 5, 0, 0, 0], [0, 0, 0, 0, 0, 0, 0, 0], [0, 7, 0, 0, 4, 0, 0, 0]]",2.994
1732,0.01,6,"[[3.4, 2.14, 9.33, 2.59, 4.55, 1.09, 2.85], [2.69, 7.17, 4.91, 8.03, 6.07, 6.49, 2.28], [2.24, 5.15, 4.83, 2.39, 2.78, 7.43, 5.61], [3.01, 5.69, 6.66, 3.22, 3.6, 8.48, 3.28]]",5.0,7.43,87,"[0.07, 0.01, 0.9, 0.02]","[[0, 0, 0, 0, 0, 0, 0, 0], [0, 0, 0, 0, 0, 0, 0, 0], [0, 1, 7, 2, 6, 3, 5, 4], [0, 0, 0, 0, 0, 0, 0, 0]]",2.994
1733,0.01,2,"[[7.29, 4.26, 4.93, 3.96, 3.34, 8.54, 6.49], [0.79, 3.44, 2.71, 8.71, 2.86, 7.09, 3.94], [9.61, 8.74, 7.3, 3.82, 1.83, 1.17, 5.37], [2.04, 1.98, 8.39, 1.63, 1.8, 1.97, 7.71]]",5.0,3.44,87,"[0.21, 0.28, 0.29, 0.22]","[[0, 3, 17, 5, 13, 8, 12, 10], [0, 2, 18, 6, 0, 0, 0, 0], [0, 1, 16, 4, 14, 7, 11, 9], [0, 15, 0, 0, 0, 0, 0, 0]]",2.994
1734,0.01,2,"[[7.74, 3.22, 6.43, 3.71, 7.81, 4.87, 5.0], [6.79, 7.24, 2.38, 4.86, 3.87, 6.17, 4.92], [3.15, 9.58, 2.44, 5.2, 8.45, 2.58, 2.29], [4.2, 1.81, 5.9, 9.47, 8.69, 2.45, 6.94]]",5.0,1.81,87,"[0.15, 0.38, 0.14, 0.33]","[[0, 7, 11, 0, 0, 0, 0, 0], [0, 1, 8, 2, 0, 3, 0, 4], [0, 5, 9, 0, 0, 0, 0, 0], [0, 6, 10, 0, 0, 0, 0, 0]]",2.994
1735,0.01,4,"[[2.67, 1.86, 1.79, 5.75, 3.59, 3.3, 1.49], [1.18, 8.77, 6.89, 4.16, 3.25, 3.0, 9.34], [1.75, 2.03, 4.01, 8.67, 5.48, 1.04, 6.3], [4.37, 0.5, 5.19, 4.46, 0.43, 0.13, 6.06]]",5.0,4.46,87,"[0.24, 0.23, 0.24, 0.29]","[[0, 17, 0, 13, 16, 0, 0, 11], [0, 18, 0, 12, 15, 0, 0, 10], [0, 19, 0, 8, 14, 0, 0, 9], [0, 1, 2, 3, 4, 5, 6, 7]]",2.994
1736,0.01,5,"[[0.95, 2.78, 3.25, 5.38, 7.09, 3.77, 4.83], [7.13, 8.96, 5.39, 2.27, 8.34, 7.96, 4.55], [9.77, 5.61, 8.97, 8.09, 6.52, 2.37, 9.08], [8.52, 1.84, 1.06, 3.62, 0.7, 3.27, 0.14]]",5.0,7.09,87,"[0.85, 0.07, 0.07, 0.01]","[[0, 1, 3, 2, 4, 5, 6, 7], [0, 0, 0, 0, 0, 0, 0, 0], [0, 0, 0, 0, 0, 0, 0, 0], [0, 0, 0, 0, 0, 0, 0, 0]]",2.994
1737,0.01,7,"[[0.94, 9.58, 9.58, 1.68, 3.99, 3.26, 9.98], [7.2, 6.69, 3.6, 6.35, 1.28, 0.52, 9.84], [4.59, 4.33, 3.41, 2.69, 0.89, 3.28, 2.91], [7.61, 5.48, 8.81, 6.78, 0.6, 7.91, 3.87]]",5.0,9.84,87,"[0.01, 0.89, 0.08, 0.02]","[[0, 0, 0, 0, 0, 0, 0, 0], [0, 1, 2, 3, 4, 5, 6, 7], [0, 0, 0, 0, 0, 0, 0, 0], [0, 0, 0, 0, 0, 0, 0, 0]]",2.994
1738,0.01,3,"[[2.09, 7.52, 9.74, 6.72, 2.88, 5.9, 5.87], [6.25, 4.49, 6.66, 2.68, 2.62, 7.58, 4.86], [0.33, 4.49, 3.44, 6.0, 4.73, 0.87, 2.63], [7.63, 1.46, 3.24, 5.72, 7.53, 7.25, 3.01]]",5.0,9.74,87,"[0.34, 0.23, 0.2, 0.23]","[[0, 1, 13, 2, 9, 6, 8, 7], [0, 0, 14, 3, 10, 0, 0, 0], [0, 0, 15, 4, 11, 0, 0, 0], [0, 0, 16, 5, 12, 0, 0, 0]]",2.994
1739,0.01,3,"[[3.74, 4.35, 1.03, 5.02, 2.48, 7.72, 3.91], [9.52, 3.82, 4.46, 2.55, 5.65, 6.25, 0.76], [2.96, 5.49, 2.32, 7.63, 0.35, 8.21, 6.51], [4.09, 2.1, 9.56, 8.08, 0.89, 1.16, 4.1]]",5.0,9.56,87,"[0.04, 0.08, 0.02, 0.86]","[[0, 0, 0, 0, 0, 0, 0, 0], [0, 0, 0, 0, 0, 0, 0, 0], [0, 0, 0, 0, 0, 0, 0, 0], [0, 1, 2, 4, 3, 5, 6, 7]]",2.994
1740,0.0,7,"[[0.95, 2.78, 3.25, 5.38, 7.09, 3.77, 4.83], [7.13, 8.96, 5.39, 2.27, 8.34, 7.96, 4.55], [9.77, 5.61, 8.97, 8.09, 6.52, 2.37, 9.08], [8.52, 1.84, 1.06, 3.62, 0.7, 3.27, 0.14]]",5.0,4.83,88,"[0.85, 0.07, 0.07, 0.01]","[[0, 1, 12, 0, 0, 0, 3, 0], [0, 0, 0, 0, 2, 11, 0, 14], [0, 0, 5, 9, 0, 0, 7, 6], [0, 13, 0, 10, 8, 4, 0, 0]]",2.994
1741,0.0,7,"[[5.16, 3.84, 2.97, 6.89, 7.92, 3.02, 6.81], [6.93, 3.64, 5.33, 8.47, 3.82, 8.88, 7.83], [4.51, 5.38, 9.21, 3.79, 4.77, 9.29, 4.59], [3.55, 8.48, 4.66, 2.28, 3.95, 2.95, 5.67]]",5.0,6.81,88,"[0.86, 0.08, 0.05, 0.01]","[[0, 1, 8, 9, 16, 18, 24, 25], [0, 2, 6, 10, 15, 17, 23, 26], [0, 3, 7, 11, 14, 19, 22, 27], [0, 4, 5, 12, 13, 20, 21, 28]]",2.994
1742,0.0,4,"[[6.26, 0.19, 5.42, 8.23, 3.15, 1.79, 3.82], [4.19, 3.39, 2.75, 9.2, 5.7, 3.44, 3.56], [5.45, 5.72, 8.61, 4.63, 8.16, 8.36, 7.19], [3.14, 2.27, 7.83, 9.11, 0.69, 3.38, 9.35]]",5.0,9.11,88,"[0.1, 0.01, 0.01, 0.88]","[[0, 1, 14, 10, 9, 20, 25, 22], [0, 15, 2, 12, 7, 5, 21, 23], [0, 16, 13, 3, 8, 6, 24, 26], [0, 17, 18, 11, 4, 19, 28, 27]]",2.994
1743,0.0,2,"[[0.94, 9.58, 9.58, 1.68, 3.99, 3.26, 9.98], [7.2, 6.69, 3.6, 6.35, 1.28, 0.52, 9.84], [4.59, 4.33, 3.41, 2.69, 0.89, 3.28, 2.91], [7.61, 5.48, 8.81, 6.78, 0.6, 7.91, 3.87]]",5.0,6.69,88,"[0.01, 0.89, 0.08, 0.02]","[[0, 14, 8, 6, 10, 4, 19, 1], [0, 13, 9, 7, 5, 3, 2, 22], [0, 15, 11, 17, 20, 23, 28, 26], [0, 12, 16, 18, 27, 25, 21, 24]]",2.994
1744,0.0,2,"[[2.54, 7.44, 2.24, 4.32, 2.76, 9.01, 8.48], [1.82, 8.34, 6.23, 3.89, 6.94, 3.11, 6.18], [7.6, 3.71, 5.31, 9.83, 1.09, 3.87, 7.81], [7.76, 7.0, 2.77, 7.48, 3.83, 0.31, 3.13]]",5.0,7.0,88,"[0.04, 0.07, 0.03, 0.86]","[[0, 1, 18, 19, 23, 22, 25, 28], [0, 2, 17, 20, 21, 24, 26, 27], [0, 3, 16, 15, 14, 12, 13, 11], [0, 4, 5, 6, 7, 8, 9, 10]]",2.994
1745,0.0,1,"[[8.02, 3.92, 3.11, 4.49, 4.13, 7.86, 3.71], [5.5, 3.12, 4.78, 4.63, 5.83, 9.55, 5.01], [6.87, 6.07, 1.32, 5.58, 8.22, 5.74, 5.54], [4.62, 3.36, 5.75, 5.59, 2.34, 1.7, 6.64]]",5.0,6.87,88,"[0.25, 0.27, 0.24, 0.24]","[[0, 1, 8, 9, 16, 17, 18, 19], [0, 6, 2, 10, 14, 22, 21, 20], [0, 4, 3, 11, 13, 23, 24, 26], [0, 5, 7, 12, 15, 28, 27, 25]]",2.994
1746,0.0,3,"[[4.36, 8.7, 5.94, 4.41, 8.37, 5.83, 0.58], [9.58, 2.24, 8.49, 4.24, 4.63, 4.53, 5.29], [6.08, 4.31, 5.59, 3.3, 3.91, 4.21, 4.74], [9.25, 5.33, 1.67, 7.75, 5.64, 2.81, 3.02]]",5.0,5.59,88,"[0.31, 0.27, 0.14, 0.28]","[[0, 1, 11, 9, 19, 16, 18, 25], [0, 2, 7, 10, 15, 17, 26, 23], [0, 3, 5, 8, 14, 20, 22, 24], [0, 6, 4, 12, 13, 0, 21, 0]]",2.994
1747,0.0,4,"[[6.2, 4.19, 3.44, 8.27, 6.51, 4.65, 4.01], [2.89, 4.13, 4.82, 8.89, 9.25, 0.96, 6.04], [8.8, 2.84, 4.5, 4.81, 3.19, 0.46, 7.31], [5.12, 1.87, 1.91, 7.0, 2.08, 5.06, 2.86]]",5.0,8.89,88,"[0.15, 0.21, 0.3, 0.34]","[[0, 5, 1, 25, 24, 26, 27, 28], [0, 3, 2, 11, 13, 12, 15, 17], [0, 4, 6, 9, 10, 14, 16, 19], [0, 7, 8, 23, 22, 21, 20, 18]]",2.994
1748,0.0,5,"[[7.74, 3.22, 6.43, 3.71, 7.81, 4.87, 5.0], [6.79, 7.24, 2.38, 4.86, 3.87, 6.17, 4.92], [3.15, 9.58, 2.44, 5.2, 8.45, 2.58, 2.29], [4.2, 1.81, 5.9, 9.47, 8.69, 2.45, 6.94]]",5.0,8.69,88,"[0.15, 0.38, 0.14, 0.33]","[[0, 1, 10, 12, 13, 19, 22, 21], [0, 2, 11, 8, 14, 15, 16, 20], [0, 3, 7, 9, 28, 17, 18, 23], [0, 5, 4, 6, 27, 26, 24, 25]]",2.994
1749,0.0,1,"[[5.63, 2.91, 6.84, 6.5, 2.65, 5.91, 4.09], [5.16, 0.83, 2.41, 5.99, 6.15, 3.67, 6.12], [5.67, 9.08, 3.93, 7.57, 5.62, 2.51, 2.61], [4.59, 1.2, 4.42, 1.16, 8.17, 8.27, 1.11]]",5.0,5.67,88,"[0.14, 0.34, 0.35, 0.17]","[[0, 1, 8, 9, 16, 17, 23, 24], [0, 2, 7, 10, 15, 18, 27, 25], [0, 3, 6, 11, 14, 19, 22, 26], [0, 4, 5, 12, 13, 20, 21, 28]]",2.994
1750,0.0,5,"[[0.14, 0.16, 0.16, 0.21, 0.14, 0.04, 0.08], [0.06, 0.2, 0.17, 0.04, 0.15, 0.07, 0.15], [0.13, 0.19, 0.14, 0.02, 0.08, 0.23, 0.1], [0.15, 0.03, 0.13, 0.07, 0.13, 0.07, 0.19]]",0.13,0.15,88,"[0.26, 0.28, 0.24, 0.22]","[[0, 1, 0, 13, 12, 0, 0, 8], [0, 0, 2, 0, 0, 9, 7, 0], [0, 0, 0, 3, 4, 6, 0, 15], [0, 11, 10, 0, 5, 0, 0, 14]]",0.072
1751,0.0,2,"[[0.16, 0.14, 0.08, 0.14, 0.11, 0.13, 0.09], [0.19, 0.11, 0.19, 0.08, 0.11, 0.19, 0.13], [0.21, 0.23, 0.11, 0.11, 0.1, 0.18, 0.03], [0.04, 0.14, 0.12, 0.13, 0.05, 0.04, 0.05]]",0.13,0.14,88,"[0.31, 0.22, 0.18, 0.29]","[[0, 16, 15, 14, 22, 1, 24, 10], [0, 7, 6, 19, 2, 23, 8, 25], [0, 17, 18, 3, 21, 9, 26, 12], [0, 5, 4, 20, 11, 28, 27, 13]]",0.072
1752,0.0,3,"[[0.02, 0.18, 0.09, 0.13, 0.07, 0.12, 0.08], [0.15, 0.12, 0.24, 0.14, 0.1, 0.01, 0.14], [0.2, 0.14, 0.24, 0.13, 0.22, 0.23, 0.18], [0.11, 0.21, 0.18, 0.07, 0.12, 0.14, 0.14]]",0.13,0.09,88,"[0.85, 0.02, 0.03, 0.1]","[[0, 25, 24, 17, 1, 8, 9, 16], [0, 26, 23, 18, 2, 7, 10, 15], [0, 27, 22, 19, 3, 6, 11, 14], [0, 28, 21, 20, 4, 5, 12, 13]]",0.072
1753,0.0,7,"[[0.16, 0.21, 0.19, 0.12, 0.21, 0.05, 0.2], [0.14, 0.1, 0.04, 0.07, 0.08, 0.16, 0.22], [0.03, 0.17, 0.22, 0.13, 0.04, 0.22, 0.12], [0.16, 0.14, 0.16, 0.16, 0.18, 0.13, 0.14]]",0.13,0.22,88,"[0.06, 0.89, 0.04, 0.01]","[[0, 9, 8, 1, 16, 17, 25, 24], [0, 10, 7, 2, 15, 18, 23, 26], [0, 11, 6, 3, 14, 19, 22, 27], [0, 12, 5, 4, 13, 20, 21, 28]]",0.072
1754,0.0,4,"[[0.2, 0.21, 0.23, 0.23, 0.18, 0.14, 0.22], [0.2, 0.22, 0.22, 0.25, 0.05, 0.12, 0.09], [0.02, 0.05, 0.07, 0.23, 0.14, 0.19, 0.02], [0.12, 0.1, 0.13, 0.23, 0.18, 0.06, 0.24]]",0.13,0.23,88,"[0.08, 0.03, 0.87, 0.02]","[[0, 1, 17, 16, 18, 25, 24, 28], [0, 2, 15, 14, 13, 12, 10, 11], [0, 3, 4, 5, 6, 7, 8, 9], [0, 23, 21, 20, 19, 22, 26, 27]]",0.072
1755,0.0,7,"[[0.19, 0.11, 0.24, 0.23, 0.21, 0.14, 0.16], [0.12, 0.1, 0.02, 0.19, 0.1, 0.08, 0.14], [0.05, 0.21, 0.07, 0.2, 0.09, 0.02, 0.23], [0.09, 0.04, 0.09, 0.14, 0.18, 0.2, 0.23]]",0.13,0.23,88,"[0.03, 0.01, 0.92, 0.04]","[[0, 28, 27, 26, 25, 24, 23, 22], [0, 14, 13, 12, 11, 10, 9, 8], [0, 1, 2, 3, 4, 5, 6, 7], [0, 15, 16, 17, 18, 19, 20, 21]]",0.072
1756,0.0,1,"[[0.15, 0.06, 0.09, 0.11, 0.16, 0.04, 0.14], [0.13, 0.19, 0.06, 0.21, 0.14, 0.09, 0.14], [0.16, 0.13, 0.11, 0.14, 0.1, 0.12, 0.12], [0.2, 0.09, 0.2, 0.06, 0.12, 0.09, 0.16]]",0.13,0.15,88,"[0.08, 0.04, 0.87, 0.01]","[[0, 16, 17, 20, 21, 24, 25, 27], [0, 15, 18, 19, 22, 23, 28, 26], [0, 1, 2, 3, 4, 5, 6, 7], [0, 14, 13, 12, 11, 10, 9, 8]]",0.072
1757,0.0,6,"[[0.1, 0.1, 0.17, 0.08, 0.04, 0.09, 0.12], [0.18, 0.07, 0.12, 0.15, 0.14, 0.22, 0.18], [0.17, 0.02, 0.06, 0.16, 0.1, 0.2, 0.19], [0.23, 0.18, 0.17, 0.22, 0.21, 0.09, 0.19]]",0.13,0.22,88,"[0.21, 0.32, 0.34, 0.13]","[[0, 1, 7, 8, 16, 17, 25, 24], [0, 2, 6, 9, 14, 18, 23, 27], [0, 3, 10, 12, 13, 19, 20, 26], [0, 4, 5, 11, 15, 21, 22, 28]]",0.072
1758,0.0,5,"[[0.09, 0.06, 0.16, 0.11, 0.12, 0.22, 0.04], [0.11, 0.19, 0.13, 0.18, 0.2, 0.12, 0.12], [0.11, 0.08, 0.15, 0.06, 0.15, 0.13, 0.16], [0.08, 0.15, 0.2, 0.17, 0.24, 0.04, 0.12]]",0.13,0.24,88,"[0.15, 0.32, 0.21, 0.32]","[[0, 1, 8, 0, 0, 20, 0, 0], [0, 2, 7, 9, 10, 11, 12, 13], [0, 4, 6, 0, 0, 19, 0, 0], [0, 3, 5, 18, 17, 16, 15, 14]]",0.072
1759,0.0,6,"[[0.06, 0.11, 0.17, 0.23, 0.15, 0.14, 0.21], [0.16, 0.17, 0.08, 0.04, 0.07, 0.21, 0.12], [0.2, 0.19, 0.13, 0.12, 0.17, 0.2, 0.16], [0.1, 0.1, 0.12, 0.16, 0.01, 0.17, 0.09]]",0.13,0.17,88,"[0.23, 0.25, 0.3, 0.22]","[[0, 16, 17, 19, 21, 23, 25, 27], [0, 15, 18, 20, 22, 24, 28, 26], [0, 1, 2, 3, 4, 5, 6, 8], [0, 14, 13, 12, 11, 10, 9, 7]]",0.072
1760,0.0,1,"[[0.72, 5.25, 9.97, 4.85, 8.58, 2.57, 9.15], [5.48, 9.36, 2.36, 9.25, 3.72, 4.76, 6.74], [7.14, 7.36, 2.91, 4.13, 7.03, 8.48, 0.38], [5.84, 6.37, 7.56, 3.71, 4.02, 2.93, 0.09]]",5.0,5.48,89,"[0.03, 0.85, 0.06, 0.06]","[[0, 1, 8, 12, 16, 17, 24, 25], [0, 2, 7, 11, 15, 18, 23, 26], [0, 3, 6, 10, 14, 19, 22, 27], [0, 4, 5, 9, 13, 20, 21, 28]]",2.994
1761,0.0,1,"[[2.44, 7.36, 6.46, 5.15, 7.43, 1.32, 0.71], [3.96, 8.36, 4.6, 6.91, 2.69, 5.0, 1.64], [8.24, 5.23, 2.67, 1.92, 6.03, 2.88, 7.54], [1.43, 5.93, 6.77, 1.1, 3.47, 5.78, 6.1]]",5.0,8.24,89,"[0.02, 0.06, 0.89, 0.03]","[[0, 16, 0, 0, 0, 18, 0, 20], [0, 15, 0, 0, 0, 17, 0, 19], [0, 1, 2, 3, 4, 5, 6, 7], [0, 8, 9, 10, 11, 12, 14, 13]]",2.994
1762,0.0,4,"[[5.97, 8.23, 1.24, 7.62, 4.62, 4.29, 5.98], [8.29, 4.65, 5.55, 1.01, 2.98, 8.74, 8.92], [1.93, 2.81, 4.79, 6.01, 7.29, 6.55, 4.48], [9.09, 1.98, 6.38, 4.5, 3.08, 5.26, 4.47]]",5.0,7.62,89,"[0.86, 0.01, 0.12, 0.01]","[[0, 1, 2, 3, 4, 5, 6, 7], [0, 0, 8, 0, 11, 0, 0, 14], [0, 0, 9, 0, 12, 0, 0, 15], [0, 0, 10, 0, 13, 0, 0, 16]]",2.994
1763,0.0,3,"[[5.28, 9.9, 6.81, 1.61, 2.79, 8.92, 6.09], [3.46, 6.68, 6.44, 3.71, 3.55, 0.25, 8.07], [6.52, 2.17, 8.0, 8.5, 5.35, 1.81, 3.32], [5.89, 1.86, 6.44, 5.29, 3.29, 8.96, 7.12]]",5.0,6.44,89,"[0.23, 0.3, 0.24, 0.23]","[[0, 2, 6, 10, 13, 0, 0, 0], [0, 1, 5, 9, 14, 0, 0, 0], [0, 3, 7, 11, 15, 0, 0, 0], [0, 4, 8, 12, 16, 0, 0, 0]]",2.994
1764,0.0,4,"[[6.38, 4.4, 2.78, 4.02, 3.28, 4.56, 6.79], [6.89, 5.4, 5.87, 9.63, 0.42, 4.93, 4.29], [2.96, 2.23, 8.29, 4.74, 3.72, 2.39, 0.86], [5.36, 5.18, 6.28, 1.08, 2.81, 5.95, 9.65]]",5.0,9.63,89,"[0.2, 0.38, 0.3, 0.12]","[[0, 1, 6, 20, 21, 0, 0, 0], [0, 2, 5, 9, 11, 13, 15, 17], [0, 3, 7, 10, 12, 14, 16, 18], [0, 4, 8, 19, 22, 0, 0, 0]]",2.994
1765,0.0,5,"[[3.95, 8.96, 8.28, 6.18, 7.02, 4.65, 4.21], [7.39, 4.82, 4.44, 1.73, 7.35, 9.66, 2.04], [6.67, 2.62, 2.43, 7.24, 6.32, 7.33, 5.82], [4.75, 4.96, 2.68, 1.71, 6.22, 1.58, 9.11]]",5.0,7.02,89,"[0.25, 0.24, 0.28, 0.23]","[[0, 2, 3, 6, 7, 10, 11, 17], [0, 0, 0, 0, 0, 19, 12, 15], [0, 1, 4, 5, 8, 9, 13, 16], [0, 0, 0, 0, 0, 20, 14, 18]]",2.994
1766,0.0,5,"[[4.41, 7.98, 5.03, 0.94, 6.07, 7.96, 3.08], [7.18, 6.38, 1.11, 4.77, 7.21, 4.82, 4.9], [5.63, 7.2, 7.79, 1.19, 2.56, 6.05, 3.13], [2.67, 2.05, 5.91, 4.15, 9.55, 4.46, 9.22]]",5.0,9.55,89,"[0.04, 0.02, 0.05, 0.89]","[[0, 0, 0, 0, 0, 12, 0, 13], [0, 0, 0, 0, 0, 11, 0, 10], [0, 0, 0, 0, 0, 8, 0, 9], [0, 1, 2, 3, 4, 5, 6, 7]]",2.994
1767,0.0,4,"[[8.51, 2.86, 5.22, 3.29, 7.8, 7.12, 2.91], [7.85, 5.63, 4.76, 5.73, 4.36, 4.99, 0.21], [1.1, 2.64, 4.86, 7.57, 7.15, 0.31, 2.34], [6.38, 5.91, 3.08, 6.0, 7.58, 3.85, 6.26]]",5.0,5.73,89,"[0.19, 0.32, 0.23, 0.26]","[[0, 0, 0, 0, 19, 21, 0, 0], [0, 1, 4, 5, 8, 10, 12, 13], [0, 15, 16, 17, 18, 20, 0, 0], [0, 2, 3, 6, 7, 9, 11, 14]]",2.994
1768,0.0,5,"[[6.19, 1.85, 1.16, 4.28, 2.66, 3.25, 7.93], [4.16, 3.03, 5.34, 3.93, 5.82, 4.05, 2.14], [6.53, 8.89, 6.73, 7.28, 2.75, 0.6, 4.09], [4.95, 6.55, 6.81, 6.9, 1.07, 2.2, 5.26]]",5.0,5.82,89,"[0.03, 0.86, 0.04, 0.07]","[[0, 0, 0, 0, 0, 0, 0, 0], [0, 1, 2, 3, 4, 5, 6, 7], [0, 0, 0, 0, 0, 0, 0, 0], [0, 0, 0, 0, 0, 0, 0, 0]]",2.994
1769,0.0,4,"[[2.67, 1.86, 1.79, 5.75, 3.59, 3.3, 1.49], [1.18, 8.77, 6.89, 4.16, 3.25, 3.0, 9.34], [1.75, 2.03, 4.01, 8.67, 5.48, 1.04, 6.3], [4.37, 0.5, 5.19, 4.46, 0.43, 0.13, 6.06]]",5.0,8.67,89,"[0.24, 0.23, 0.24, 0.29]","[[0, 3, 6, 9, 12, 15, 16, 21], [0, 0, 0, 0, 0, 0, 0, 0], [0, 2, 5, 8, 11, 14, 17, 20], [0, 1, 4, 7, 10, 13, 18, 19]]",2.994
1770,0.0,3,"[[0.12, 0.04, 0.15, 0.03, 0.12, 0.21, 0.16], [0.15, 0.15, 0.1, 0.11, 0.22, 0.11, 0.06], [0.06, 0.07, 0.19, 0.11, 0.05, 0.07, 0.16], [0.05, 0.12, 0.14, 0.09, 0.12, 0.13, 0.02]]",0.13,0.19,89,"[0.04, 0.05, 0.89, 0.02]","[[0, 0, 0, 0, 0, 0, 0, 0], [0, 0, 0, 0, 0, 0, 0, 0], [0, 1, 2, 3, 4, 5, 6, 7], [0, 0, 0, 0, 0, 0, 0, 0]]",0.072
1771,0.0,5,"[[0.23, 0.06, 0.08, 0.13, 0.11, 0.05, 0.11], [0.17, 0.17, 0.17, 0.13, 0.09, 0.2, 0.07], [0.21, 0.11, 0.17, 0.05, 0.13, 0.11, 0.17], [0.16, 0.02, 0.2, 0.19, 0.23, 0.13, 0.13]]",0.13,0.09,89,"[0.24, 0.22, 0.21, 0.33]","[[0, 14, 13, 12, 11, 10, 9, 8], [0, 0, 0, 0, 0, 0, 0, 0], [0, 0, 0, 0, 0, 0, 0, 0], [0, 1, 2, 3, 4, 5, 6, 7]]",0.072
1772,0.0,3,"[[0.15, 0.08, 0.16, 0.16, 0.12, 0.04, 0.13], [0.17, 0.17, 0.2, 0.1, 0.06, 0.16, 0.12], [0.04, 0.25, 0.2, 0.11, 0.04, 0.11, 0.24], [0.15, 0.14, 0.05, 0.11, 0.22, 0.22, 0.2]]",0.13,0.2,89,"[0.01, 0.89, 0.09, 0.01]","[[0, 0, 0, 0, 0, 0, 0, 0], [0, 1, 2, 3, 4, 5, 6, 7], [0, 14, 13, 12, 11, 10, 9, 8], [0, 0, 0, 0, 0, 0, 0, 0]]",0.072
1773,0.0,1,"[[0.22, 0.12, 0.18, 0.2, 0.04, 0.04, 0.16], [0.19, 0.18, 0.17, 0.17, 0.18, 0.2, 0.15], [0.03, 0.13, 0.18, 0.12, 0.17, 0.16, 0.08], [0.21, 0.09, 0.16, 0.11, 0.25, 0.1, 0.16]]",0.13,0.21,89,"[0.34, 0.12, 0.22, 0.32]","[[0, 2, 3, 6, 8, 9, 12, 13], [0, 0, 0, 0, 0, 0, 0, 0], [0, 0, 0, 0, 0, 0, 0, 0], [0, 1, 4, 5, 7, 10, 11, 14]]",0.072
1774,0.0,2,"[[0.12, 0.13, 0.12, 0.14, 0.05, 0.1, 0.25], [0.16, 0.2, 0.2, 0.14, 0.09, 0.17, 0.09], [0.11, 0.12, 0.11, 0.11, 0.08, 0.05, 0.17], [0.19, 0.2, 0.07, 0.21, 0.07, 0.13, 0.2]]",0.13,0.2,89,"[0.17, 0.35, 0.31, 0.17]","[[0, 0, 16, 0, 0, 0, 0, 0], [0, 2, 3, 6, 7, 10, 11, 14], [0, 1, 4, 5, 8, 9, 12, 13], [0, 0, 15, 0, 0, 0, 0, 0]]",0.072
1775,0.0,2,"[[0.16, 0.14, 0.08, 0.14, 0.11, 0.13, 0.09], [0.19, 0.11, 0.19, 0.08, 0.11, 0.19, 0.13], [0.21, 0.23, 0.11, 0.11, 0.1, 0.18, 0.03], [0.04, 0.14, 0.12, 0.13, 0.05, 0.04, 0.05]]",0.13,0.23,89,"[0.31, 0.22, 0.18, 0.29]","[[0, 2, 4, 5, 8, 9, 12, 13], [0, 19, 15, 0, 18, 0, 0, 0], [0, 20, 16, 0, 17, 0, 0, 0], [0, 1, 3, 6, 7, 10, 11, 14]]",0.072
1776,0.0,6,"[[0.18, 0.08, 0.04, 0.19, 0.05, 0.05, 0.16], [0.09, 0.22, 0.23, 0.17, 0.13, 0.24, 0.18], [0.21, 0.2, 0.1, 0.14, 0.11, 0.11, 0.19], [0.23, 0.14, 0.16, 0.18, 0.12, 0.18, 0.03]]",0.13,0.24,89,"[0.02, 0.92, 0.02, 0.04]","[[0, 0, 15, 16, 0, 0, 10, 0], [0, 1, 2, 3, 4, 5, 6, 7], [0, 0, 14, 11, 0, 0, 8, 0], [0, 0, 13, 12, 0, 0, 9, 0]]",0.072
1777,0.0,5,"[[0.09, 0.06, 0.16, 0.11, 0.12, 0.22, 0.04], [0.11, 0.19, 0.13, 0.18, 0.2, 0.12, 0.12], [0.11, 0.08, 0.15, 0.06, 0.15, 0.13, 0.16], [0.08, 0.15, 0.2, 0.17, 0.24, 0.04, 0.12]]",0.13,0.24,89,"[0.15, 0.32, 0.21, 0.32]","[[0, 0, 20, 0, 18, 16, 0, 0], [0, 1, 4, 5, 8, 9, 12, 14], [0, 0, 19, 0, 17, 15, 0, 0], [0, 2, 3, 6, 7, 10, 11, 13]]",0.072
1778,0.0,2,"[[0.02, 0.18, 0.09, 0.13, 0.07, 0.12, 0.08], [0.15, 0.12, 0.24, 0.14, 0.1, 0.01, 0.14], [0.2, 0.14, 0.24, 0.13, 0.22, 0.23, 0.18], [0.11, 0.21, 0.18, 0.07, 0.12, 0.14, 0.14]]",0.13,0.18,89,"[0.85, 0.02, 0.03, 0.1]","[[0, 1, 2, 3, 4, 5, 6, 7], [0, 0, 0, 0, 0, 0, 0, 0], [0, 0, 0, 0, 0, 0, 0, 0], [0, 14, 13, 12, 11, 10, 9, 8]]",0.072
1779,0.0,5,"[[0.15, 0.17, 0.12, 0.06, 0.06, 0.22, 0.15], [0.19, 0.17, 0.21, 0.18, 0.06, 0.19, 0.04], [0.07, 0.13, 0.08, 0.09, 0.18, 0.11, 0.12], [0.16, 0.1, 0.02, 0.11, 0.21, 0.13, 0.19]]",0.13,0.21,89,"[0.09, 0.05, 0.01, 0.85]","[[0, 3, 4, 6, 8, 10, 12, 14], [0, 0, 0, 0, 0, 15, 0, 18], [0, 0, 0, 0, 0, 16, 0, 17], [0, 1, 2, 5, 7, 9, 11, 13]]",0.072
1780,0.0,6,"[[0.11, 0.13, 0.2, 0.15, 0.12, 0.07, 0.12], [0.17, 0.14, 0.08, 0.03, 0.14, 0.12, 0.21], [0.15, 0.05, 0.06, 0.08, 0.07, 0.16, 0.13], [0.11, 0.11, 0.13, 0.18, 0.08, 0.12, 0.15]]",0.13,0.16,90,"[0.11, 0.38, 0.34, 0.17]","[[0, 4, 0, 3, 0, 0, 0, 0], [0, 5, 6, 7, 1, 8, 0, 0], [0, 0, 0, 0, 0, 0, 0, 0], [0, 0, 0, 0, 0, 0, 0, 2]]",0.072
1781,0.0,3,"[[0.12, 0.04, 0.15, 0.03, 0.12, 0.21, 0.16], [0.15, 0.15, 0.1, 0.11, 0.22, 0.11, 0.06], [0.06, 0.07, 0.19, 0.11, 0.05, 0.07, 0.16], [0.05, 0.12, 0.14, 0.09, 0.12, 0.13, 0.02]]",0.13,0.19,90,"[0.04, 0.05, 0.89, 0.02]","[[0, 0, 0, 0, 3, 0, 0, 4], [0, 0, 0, 0, 0, 0, 6, 0], [0, 1, 0, 0, 0, 2, 0, 0], [0, 0, 5, 7, 0, 0, 0, 0]]",0.072
1782,0.0,5,"[[0.05, 0.08, 0.17, 0.15, 0.22, 0.07, 0.07], [0.06, 0.1, 0.12, 0.11, 0.19, 0.16, 0.05], [0.19, 0.16, 0.13, 0.06, 0.18, 0.04, 0.24], [0.15, 0.24, 0.11, 0.13, 0.14, 0.03, 0.01]]",0.13,0.19,90,"[0.86, 0.01, 0.05, 0.08]","[[0, 1, 0, 0, 0, 0, 3, 5], [0, 0, 7, 0, 0, 0, 0, 0], [0, 0, 0, 0, 2, 0, 4, 0], [0, 0, 0, 6, 0, 8, 0, 0]]",0.072
1783,0.0,2,"[[0.08, 0.23, 0.11, 0.15, 0.14, 0.16, 0.07], [0.19, 0.17, 0.09, 0.16, 0.14, 0.09, 0.03], [0.13, 0.11, 0.24, 0.17, 0.14, 0.06, 0.15], [0.09, 0.17, 0.09, 0.17, 0.19, 0.1, 0.17]]",0.13,0.17,90,"[0.01, 0.02, 0.11, 0.86]","[[0, 0, 4, 1, 0, 3, 0, 0], [0, 0, 0, 0, 0, 2, 0, 0], [0, 0, 0, 0, 0, 0, 0, 5], [0, 6, 0, 0, 0, 0, 0, 0]]",0.072
1784,0.0,7,"[[0.19, 0.09, 0.13, 0.2, 0.03, 0.17, 0.2], [0.08, 0.14, 0.18, 0.15, 0.19, 0.11, 0.07], [0.15, 0.06, 0.07, 0.11, 0.19, 0.02, 0.14], [0.12, 0.04, 0.06, 0.04, 0.06, 0.19, 0.09]]",0.13,0.07,90,"[0.02, 0.85, 0.05, 0.08]","[[0, 0, 4, 0, 0, 0, 0, 3], [0, 0, 0, 0, 0, 2, 0, 0], [0, 0, 0, 0, 0, 0, 0, 0], [0, 5, 0, 1, 7, 0, 6, 0]]",0.072
1785,0.0,7,"[[0.14, 0.16, 0.16, 0.21, 0.14, 0.04, 0.08], [0.06, 0.2, 0.17, 0.04, 0.15, 0.07, 0.15], [0.13, 0.19, 0.14, 0.02, 0.08, 0.23, 0.1], [0.15, 0.03, 0.13, 0.07, 0.13, 0.07, 0.19]]",0.13,0.15,90,"[0.26, 0.28, 0.24, 0.22]","[[0, 0, 1, 0, 0, 0, 4, 0], [0, 0, 0, 2, 0, 0, 0, 0], [0, 3, 0, 0, 0, 0, 0, 0], [0, 0, 0, 0, 0, 6, 0, 5]]",0.072
1786,0.0,7,"[[0.12, 0.17, 0.14, 0.13, 0.11, 0.07, 0.23], [0.21, 0.03, 0.18, 0.17, 0.22, 0.07, 0.12], [0.06, 0.15, 0.14, 0.1, 0.11, 0.15, 0.22], [0.13, 0.03, 0.18, 0.17, 0.07, 0.25, 0.1]]",0.13,0.23,90,"[0.39, 0.18, 0.15, 0.28]","[[0, 0, 0, 1, 0, 0, 0, 0], [0, 5, 0, 0, 2, 0, 4, 0], [0, 0, 0, 0, 0, 0, 0, 6], [0, 0, 3, 0, 0, 0, 0, 0]]",0.072
1787,0.0,6,"[[0.07, 0.07, 0.17, 0.05, 0.08, 0.18, 0.15], [0.19, 0.17, 0.06, 0.13, 0.2, 0.13, 0.2], [0.08, 0.18, 0.04, 0.21, 0.15, 0.15, 0.18], [0.06, 0.08, 0.09, 0.02, 0.12, 0.19, 0.09]]",0.13,0.19,90,"[0.31, 0.27, 0.19, 0.23]","[[0, 0, 7, 0, 0, 0, 4, 0], [0, 0, 0, 2, 0, 0, 0, 0], [0, 3, 0, 0, 0, 0, 0, 5], [0, 0, 0, 0, 1, 6, 0, 0]]",0.072
1788,0.0,1,"[[0.02, 0.18, 0.09, 0.13, 0.07, 0.12, 0.08], [0.15, 0.12, 0.24, 0.14, 0.1, 0.01, 0.14], [0.2, 0.14, 0.24, 0.13, 0.22, 0.23, 0.18], [0.11, 0.21, 0.18, 0.07, 0.12, 0.14, 0.14]]",0.13,0.02,90,"[0.85, 0.02, 0.03, 0.1]","[[0, 0, 2, 0, 0, 0, 4, 0], [0, 0, 0, 0, 7, 3, 0, 0], [0, 0, 0, 0, 0, 0, 0, 5], [0, 1, 0, 6, 0, 0, 0, 0]]",0.072
1789,0.0,3,"[[0.11, 0.06, 0.11, 0.08, 0.17, 0.11, 0.11], [0.14, 0.12, 0.06, 0.14, 0.09, 0.14, 0.12], [0.04, 0.15, 0.09, 0.13, 0.15, 0.18, 0.21], [0.1, 0.08, 0.17, 0.08, 0.19, 0.13, 0.19]]",0.13,0.17,90,"[0.26, 0.2, 0.27, 0.27]","[[0, 3, 0, 0, 0, 5, 0, 0], [0, 0, 2, 0, 4, 0, 0, 0], [0, 0, 0, 0, 0, 0, 0, 0], [0, 0, 0, 1, 0, 0, 7, 6]]",0.072
1790,0.0,7,"[[6.19, 1.85, 1.16, 4.28, 2.66, 3.25, 7.93], [4.16, 3.03, 5.34, 3.93, 5.82, 4.05, 2.14], [6.53, 8.89, 6.73, 7.28, 2.75, 0.6, 4.09], [4.95, 6.55, 6.81, 6.9, 1.07, 2.2, 5.26]]",5.0,2.14,90,"[0.03, 0.86, 0.04, 0.07]","[[0, 0, 3, 0, 0, 0, 0, 1], [0, 0, 0, 0, 0, 0, 0, 0], [0, 0, 0, 0, 2, 5, 0, 0], [0, 4, 0, 0, 0, 0, 0, 0]]",2.994
1791,0.0,1,"[[6.18, 4.93, 6.72, 3.3, 6.34, 6.06, 5.41], [7.2, 2.38, 3.93, 9.67, 4.79, 7.96, 3.99], [0.82, 2.25, 1.43, 2.43, 5.42, 7.07, 9.93], [9.97, 3.97, 5.79, 8.9, 4.27, 7.39, 5.81]]",5.0,7.2,90,"[0.28, 0.28, 0.19, 0.25]","[[0, 0, 0, 1, 6, 0, 5, 0], [0, 0, 0, 0, 0, 0, 0, 4], [0, 0, 7, 0, 0, 2, 0, 0], [0, 3, 0, 8, 9, 0, 0, 0]]",2.994
1792,0.0,7,"[[2.67, 1.86, 1.79, 5.75, 3.59, 3.3, 1.49], [1.18, 8.77, 6.89, 4.16, 3.25, 3.0, 9.34], [1.75, 2.03, 4.01, 8.67, 5.48, 1.04, 6.3], [4.37, 0.5, 5.19, 4.46, 0.43, 0.13, 6.06]]",5.0,6.06,90,"[0.24, 0.23, 0.24, 0.29]","[[0, 5, 0, 2, 0, 0, 3, 0], [0, 0, 0, 0, 0, 0, 0, 4], [0, 0, 6, 0, 8, 0, 0, 0], [0, 0, 0, 7, 1, 0, 0, 0]]",2.994
1793,0.0,5,"[[1.63, 4.7, 3.32, 2.64, 8.47, 3.24, 4.54], [8.67, 5.47, 1.74, 1.77, 1.06, 7.43, 3.25], [4.05, 4.33, 1.96, 6.68, 6.28, 9.52, 7.64], [3.95, 5.24, 1.85, 2.91, 0.64, 2.21, 1.85]]",5.0,1.06,90,"[0.05, 0.89, 0.05, 0.01]","[[0, 4, 0, 0, 3, 10, 8, 7], [0, 0, 0, 0, 0, 11, 6, 0], [0, 0, 2, 0, 0, 9, 0, 0], [0, 0, 0, 1, 0, 5, 0, 0]]",2.994
1794,0.0,3,"[[7.29, 4.26, 4.93, 3.96, 3.34, 8.54, 6.49], [0.79, 3.44, 2.71, 8.71, 2.86, 7.09, 3.94], [9.61, 8.74, 7.3, 3.82, 1.83, 1.17, 5.37], [2.04, 1.98, 8.39, 1.63, 1.8, 1.97, 7.71]]",5.0,2.71,90,"[0.21, 0.28, 0.29, 0.22]","[[0, 1, 7, 0, 3, 0, 0, 0], [0, 0, 0, 0, 0, 0, 0, 5], [0, 0, 0, 2, 0, 6, 0, 0], [0, 0, 0, 0, 0, 0, 4, 0]]",2.994
1795,0.0,6,"[[3.74, 4.35, 1.03, 5.02, 2.48, 7.72, 3.91], [9.52, 3.82, 4.46, 2.55, 5.65, 6.25, 0.76], [2.96, 5.49, 2.32, 7.63, 0.35, 8.21, 6.51], [4.09, 2.1, 9.56, 8.08, 0.89, 1.16, 4.1]]",5.0,1.16,90,"[0.04, 0.08, 0.02, 0.86]","[[0, 4, 0, 5, 1, 0, 0, 8], [0, 0, 0, 0, 0, 0, 0, 0], [0, 0, 3, 0, 0, 2, 6, 0], [0, 0, 0, 0, 0, 0, 0, 7]]",2.994
1796,0.0,1,"[[7.11, 5.78, 4.85, 4.33, 7.33, 7.89, 5.26], [5.95, 7.87, 3.44, 7.0, 6.97, 5.22, 6.26], [3.72, 9.35, 7.04, 6.38, 7.42, 6.47, 5.89], [5.94, 4.84, 1.39, 4.52, 3.41, 2.82, 3.73]]",5.0,3.72,90,"[0.33, 0.2, 0.24, 0.23]","[[0, 0, 2, 0, 4, 0, 7, 6], [0, 0, 0, 3, 0, 0, 0, 0], [0, 1, 9, 0, 0, 0, 0, 0], [0, 8, 0, 0, 0, 5, 0, 0]]",2.994
1797,0.0,7,"[[3.55, 2.94, 0.08, 3.13, 2.15, 9.59, 4.77], [4.35, 5.83, 1.82, 2.79, 3.6, 4.35, 6.66], [4.91, 4.62, 9.06, 2.02, 4.04, 2.21, 7.62], [0.78, 5.9, 1.77, 4.45, 7.63, 4.39, 2.86]]",5.0,7.62,90,"[0.34, 0.11, 0.27, 0.28]","[[0, 5, 0, 0, 0, 3, 1, 9], [0, 0, 0, 0, 0, 0, 0, 2], [0, 0, 6, 7, 0, 0, 0, 10], [0, 0, 0, 0, 4, 0, 0, 8]]",2.994
1798,0.0,5,"[[6.26, 0.19, 5.42, 8.23, 3.15, 1.79, 3.82], [4.19, 3.39, 2.75, 9.2, 5.7, 3.44, 3.56], [5.45, 5.72, 8.61, 4.63, 8.16, 8.36, 7.19], [3.14, 2.27, 7.83, 9.11, 0.69, 3.38, 9.35]]",5.0,0.69,90,"[0.1, 0.01, 0.01, 0.88]","[[0, 10, 9, 0, 6, 0, 5, 0], [0, 0, 0, 1, 0, 2, 0, 0], [0, 0, 12, 0, 0, 0, 7, 0], [0, 11, 8, 0, 0, 3, 0, 4]]",2.994
1799,0.0,3,"[[9.88, 3.37, 6.84, 6.02, 5.72, 2.47, 6.83], [4.66, 3.57, 1.89, 8.02, 4.52, 4.58, 0.56], [5.57, 8.71, 8.98, 7.3, 1.41, 5.09, 6.3], [2.79, 3.58, 9.87, 3.61, 3.51, 7.13, 2.78]]",5.0,9.87,90,"[0.02, 0.05, 0.05, 0.88]","[[0, 9, 0, 8, 4, 5, 0, 0], [0, 2, 1, 0, 0, 0, 6, 7], [0, 0, 0, 0, 0, 0, 0, 0], [0, 10, 11, 3, 12, 0, 0, 13]]",2.994
1800,0.0,2,"[[5.16, 3.84, 2.97, 6.89, 7.92, 3.02, 6.81], [6.93, 3.64, 5.33, 8.47, 3.82, 8.88, 7.83], [4.51, 5.38, 9.21, 3.79, 4.77, 9.29, 4.59], [3.55, 8.48, 4.66, 2.28, 3.95, 2.95, 5.67]]",5.0,3.84,91,"[0.86, 0.08, 0.05, 0.01]","[[0, 0, 1, 0, 0, 2, 0, 0], [0, 0, 0, 0, 0, 0, 0, 0], [0, 0, 0, 0, 0, 0, 0, 0], [0, 0, 0, 0, 0, 0, 0, 0]]",2.994
1801,0.0,7,"[[2.88, 2.6, 7.89, 4.77, 7.12, 4.23, 2.87], [3.29, 2.97, 3.82, 9.51, 9.45, 8.27, 5.42], [3.22, 3.81, 4.18, 2.52, 3.48, 3.16, 9.41], [1.89, 5.73, 6.1, 1.69, 4.58, 1.23, 3.5]]",5.0,9.41,91,"[0.2, 0.16, 0.26, 0.38]","[[0, 0, 6, 0, 0, 1, 0, 0], [0, 0, 0, 4, 0, 0, 0, 0], [0, 0, 5, 0, 0, 7, 0, 2], [0, 0, 0, 0, 0, 0, 3, 0]]",2.994
1802,0.0,5,"[[4.41, 7.98, 5.03, 0.94, 6.07, 7.96, 3.08], [7.18, 6.38, 1.11, 4.77, 7.21, 4.82, 4.9], [5.63, 7.2, 7.79, 1.19, 2.56, 6.05, 3.13], [2.67, 2.05, 5.91, 4.15, 9.55, 4.46, 9.22]]",5.0,9.55,91,"[0.04, 0.02, 0.05, 0.89]","[[0, 0, 0, 0, 0, 0, 0, 1], [0, 0, 4, 0, 0, 0, 0, 0], [0, 0, 0, 2, 0, 0, 0, 0], [0, 9, 3, 10, 6, 5, 8, 7]]",2.994
1803,0.0,6,"[[3.95, 8.96, 8.28, 6.18, 7.02, 4.65, 4.21], [7.39, 4.82, 4.44, 1.73, 7.35, 9.66, 2.04], [6.67, 2.62, 2.43, 7.24, 6.32, 7.33, 5.82], [4.75, 4.96, 2.68, 1.71, 6.22, 1.58, 9.11]]",5.0,9.66,91,"[0.25, 0.24, 0.28, 0.23]","[[0, 0, 3, 0, 0, 0, 0, 0], [0, 0, 9, 10, 4, 12, 11, 8], [0, 1, 0, 0, 0, 5, 6, 0], [0, 2, 0, 0, 0, 0, 0, 7]]",2.994
1804,0.0,2,"[[7.91, 1.03, 5.87, 7.52, 6.88, 7.18, 6.1], [5.88, 5.55, 1.78, 3.0, 4.69, 4.52, 8.75], [5.71, 1.25, 6.22, 6.17, 8.38, 7.26, 4.32], [6.4, 8.88, 5.28, 4.23, 1.08, 0.7, 3.39]]",5.0,5.55,91,"[0.3, 0.18, 0.2, 0.32]","[[0, 1, 11, 0, 0, 0, 0, 0], [0, 2, 12, 0, 0, 0, 0, 0], [0, 3, 13, 0, 0, 0, 0, 0], [0, 4, 5, 6, 7, 8, 9, 10]]",2.994
1805,0.0,6,"[[3.4, 2.14, 9.33, 2.59, 4.55, 1.09, 2.85], [2.69, 7.17, 4.91, 8.03, 6.07, 6.49, 2.28], [2.24, 5.15, 4.83, 2.39, 2.78, 7.43, 5.61], [3.01, 5.69, 6.66, 3.22, 3.6, 8.48, 3.28]]",5.0,7.43,91,"[0.07, 0.01, 0.9, 0.02]","[[0, 0, 0, 0, 0, 0, 10, 0], [0, 0, 0, 0, 0, 0, 8, 0], [0, 1, 2, 3, 4, 5, 6, 7], [0, 0, 0, 0, 0, 0, 9, 0]]",2.994
1806,0.0,1,"[[8.02, 3.92, 3.11, 4.49, 4.13, 7.86, 3.71], [5.5, 3.12, 4.78, 4.63, 5.83, 9.55, 5.01], [6.87, 6.07, 1.32, 5.58, 8.22, 5.74, 5.54], [4.62, 3.36, 5.75, 5.59, 2.34, 1.7, 6.64]]",5.0,5.5,91,"[0.25, 0.27, 0.24, 0.24]","[[0, 1, 8, 0, 0, 9, 0, 12], [0, 2, 6, 0, 0, 0, 0, 0], [0, 4, 7, 0, 0, 10, 11, 0], [0, 3, 5, 0, 0, 0, 0, 0]]",2.994
1807,0.0,3,"[[3.54, 3.18, 6.26, 3.39, 3.52, 5.47, 1.42], [3.13, 1.91, 7.14, 3.81, 4.58, 6.9, 8.39], [7.48, 1.27, 5.41, 7.63, 6.12, 1.81, 6.34], [6.09, 3.7, 4.25, 4.91, 0.8, 7.46, 7.59]]",5.0,5.41,91,"[0.04, 0.07, 0.88, 0.01]","[[0, 13, 14, 0, 10, 0, 0, 0], [0, 11, 15, 17, 9, 0, 0, 0], [0, 1, 2, 4, 3, 5, 7, 6], [0, 12, 16, 0, 8, 0, 0, 0]]",2.994
1808,0.0,3,"[[3.55, 2.94, 0.08, 3.13, 2.15, 9.59, 4.77], [4.35, 5.83, 1.82, 2.79, 3.6, 4.35, 6.66], [4.91, 4.62, 9.06, 2.02, 4.04, 2.21, 7.62], [0.78, 5.9, 1.77, 4.45, 7.63, 4.39, 2.86]]",5.0,0.08,91,"[0.34, 0.11, 0.27, 0.28]","[[0, 1, 13, 5, 0, 0, 0, 0], [0, 0, 4, 15, 7, 8, 0, 10], [0, 0, 12, 14, 0, 0, 9, 0], [0, 2, 3, 6, 0, 0, 0, 11]]",2.994
1809,0.0,5,"[[5.93, 4.61, 6.44, 6.58, 0.77, 6.66, 0.58], [1.24, 4.91, 5.63, 0.45, 3.38, 4.94, 3.12], [7.83, 1.4, 2.04, 7.87, 6.09, 6.31, 5.4], [6.34, 6.33, 4.75, 6.81, 8.3, 6.3, 9.27]]",5.0,6.09,91,"[0.01, 0.1, 0.87, 0.02]","[[0, 1, 9, 0, 17, 0, 0, 0], [0, 6, 2, 0, 14, 18, 0, 0], [0, 5, 3, 10, 11, 12, 13, 15], [0, 7, 4, 8, 16, 0, 0, 0]]",2.994
1810,0.0,3,"[[0.11, 0.17, 0.16, 0.1, 0.16, 0.08, 0.16], [0.14, 0.11, 0.1, 0.17, 0.15, 0.09, 0.15], [0.18, 0.13, 0.06, 0.09, 0.04, 0.12, 0.18], [0.24, 0.17, 0.23, 0.17, 0.08, 0.13, 0.06]]",0.13,0.06,91,"[0.26, 0.27, 0.3, 0.17]","[[0, 0, 1, 0, 0, 0, 0, 0], [0, 0, 0, 2, 6, 0, 3, 5], [0, 0, 0, 0, 7, 0, 0, 0], [0, 0, 10, 9, 8, 0, 4, 0]]",0.072
1811,0.0,2,"[[0.16, 0.14, 0.08, 0.14, 0.11, 0.13, 0.09], [0.19, 0.11, 0.19, 0.08, 0.11, 0.19, 0.13], [0.21, 0.23, 0.11, 0.11, 0.1, 0.18, 0.03], [0.04, 0.14, 0.12, 0.13, 0.05, 0.04, 0.05]]",0.13,0.14,91,"[0.31, 0.22, 0.18, 0.29]","[[0, 1, 17, 0, 0, 0, 9, 0], [0, 2, 3, 4, 6, 5, 7, 8], [0, 0, 0, 0, 0, 0, 10, 0], [0, 16, 15, 14, 13, 12, 11, 0]]",0.072
1812,0.0,1,"[[0.15, 0.2, 0.21, 0.14, 0.15, 0.21, 0.2], [0.1, 0.12, 0.15, 0.05, 0.19, 0.19, 0.19], [0.2, 0.18, 0.22, 0.07, 0.23, 0.17, 0.15], [0.25, 0.17, 0.14, 0.07, 0.06, 0.14, 0.21]]",0.13,0.15,91,"[0.33, 0.32, 0.13, 0.22]","[[0, 14, 0, 0, 1, 7, 12, 0], [0, 6, 4, 0, 0, 0, 9, 0], [0, 13, 0, 3, 2, 0, 10, 0], [0, 5, 0, 0, 0, 0, 11, 8]]",0.072
1813,0.0,7,"[[0.2, 0.14, 0.16, 0.12, 0.21, 0.18, 0.23], [0.06, 0.09, 0.16, 0.16, 0.14, 0.12, 0.15], [0.23, 0.08, 0.17, 0.11, 0.04, 0.14, 0.15], [0.06, 0.12, 0.16, 0.23, 0.08, 0.11, 0.15]]",0.13,0.23,91,"[0.33, 0.18, 0.11, 0.38]","[[0, 1, 4, 5, 8, 9, 10, 13], [0, 0, 0, 0, 0, 0, 0, 15], [0, 0, 0, 0, 0, 0, 0, 16], [0, 2, 3, 6, 7, 11, 12, 14]]",0.072
1814,0.0,4,"[[0.02, 0.1, 0.05, 0.19, 0.09, 0.05, 0.06], [0.03, 0.12, 0.22, 0.08, 0.02, 0.07, 0.12], [0.18, 0.19, 0.1, 0.18, 0.18, 0.13, 0.15], [0.08, 0.17, 0.23, 0.11, 0.13, 0.16, 0.07]]",0.13,0.19,91,"[0.06, 0.06, 0.03, 0.85]","[[0, 3, 0, 24, 21, 19, 13, 14], [0, 18, 1, 2, 17, 20, 12, 15], [0, 0, 0, 23, 22, 16, 11, 0], [0, 4, 5, 6, 7, 9, 8, 10]]",0.072
1815,0.0,3,"[[0.15, 0.08, 0.16, 0.16, 0.12, 0.04, 0.13], [0.17, 0.17, 0.2, 0.1, 0.06, 0.16, 0.12], [0.04, 0.25, 0.2, 0.11, 0.04, 0.11, 0.24], [0.15, 0.14, 0.05, 0.11, 0.22, 0.22, 0.2]]",0.13,0.2,91,"[0.01, 0.89, 0.09, 0.01]","[[0, 0, 12, 9, 0, 0, 1, 0], [0, 2, 3, 4, 5, 6, 8, 7], [0, 0, 13, 10, 0, 0, 0, 0], [0, 0, 14, 11, 0, 0, 0, 0]]",0.072
1816,0.0,4,"[[0.2, 0.21, 0.23, 0.23, 0.18, 0.14, 0.22], [0.2, 0.22, 0.22, 0.25, 0.05, 0.12, 0.09], [0.02, 0.05, 0.07, 0.23, 0.14, 0.19, 0.02], [0.12, 0.1, 0.13, 0.23, 0.18, 0.06, 0.24]]",0.13,0.23,91,"[0.08, 0.03, 0.87, 0.02]","[[0, 0, 0, 1, 12, 0, 0, 0], [0, 0, 2, 0, 11, 0, 0, 0], [0, 6, 5, 3, 7, 10, 9, 8], [0, 0, 4, 0, 13, 0, 0, 0]]",0.072
1817,0.0,2,"[[0.08, 0.23, 0.16, 0.14, 0.22, 0.12, 0.2], [0.17, 0.2, 0.03, 0.17, 0.21, 0.17, 0.07], [0.08, 0.2, 0.14, 0.22, 0.1, 0.13, 0.17], [0.07, 0.12, 0.01, 0.11, 0.05, 0.12, 0.17]]",0.13,0.23,91,"[0.86, 0.03, 0.04, 0.07]","[[0, 1, 3, 2, 4, 5, 7, 6], [0, 14, 8, 0, 0, 11, 0, 0], [0, 16, 9, 0, 0, 12, 0, 0], [0, 15, 10, 0, 0, 13, 0, 0]]",0.072
1818,0.0,2,"[[0.12, 0.13, 0.12, 0.14, 0.05, 0.1, 0.25], [0.16, 0.2, 0.2, 0.14, 0.09, 0.17, 0.09], [0.11, 0.12, 0.11, 0.11, 0.08, 0.05, 0.17], [0.19, 0.2, 0.07, 0.21, 0.07, 0.13, 0.2]]",0.13,0.2,91,"[0.17, 0.35, 0.31, 0.17]","[[0, 1, 18, 0, 0, 0, 0, 0], [0, 2, 4, 7, 8, 9, 12, 15], [0, 3, 5, 6, 10, 11, 14, 13], [0, 16, 17, 0, 0, 0, 0, 0]]",0.072
1819,0.0,2,"[[0.05, 0.17, 0.08, 0.07, 0.16, 0.13, 0.05], [0.1, 0.16, 0.24, 0.2, 0.19, 0.19, 0.23], [0.18, 0.13, 0.06, 0.19, 0.17, 0.21, 0.13], [0.16, 0.18, 0.2, 0.12, 0.19, 0.08, 0.19]]",0.13,0.17,91,"[0.85, 0.1, 0.02, 0.03]","[[0, 1, 3, 2, 4, 5, 6, 7], [0, 0, 8, 0, 0, 12, 0, 0], [0, 0, 9, 0, 0, 11, 0, 0], [0, 0, 10, 0, 0, 13, 0, 0]]",0.072
1820,0.0,3,"[[0.14, 0.07, 0.05, 0.18, 0.03, 0.01, 0.18], [0.19, 0.23, 0.07, 0.1, 0.08, 0.19, 0.2], [0.17, 0.24, 0.03, 0.21, 0.19, 0.07, 0.21], [0.14, 0.09, 0.21, 0.08, 0.19, 0.05, 0.09]]",0.13,0.07,92,"[0.15, 0.26, 0.26, 0.33]","[[0, 0, 0, 16, 3, 2, 1, 0], [0, 7, 0, 15, 4, 0, 0, 0], [0, 6, 0, 5, 0, 0, 0, 0], [0, 8, 9, 10, 11, 12, 13, 14]]",0.072
1821,0.0,4,"[[0.04, 0.14, 0.09, 0.06, 0.18, 0.1, 0.07], [0.09, 0.13, 0.01, 0.23, 0.07, 0.19, 0.05], [0.08, 0.2, 0.08, 0.21, 0.07, 0.04, 0.22], [0.12, 0.1, 0.09, 0.18, 0.18, 0.04, 0.15]]",0.13,0.18,92,"[0.05, 0.03, 0.07, 0.85]","[[0, 1, 0, 0, 0, 0, 0, 0], [0, 2, 0, 0, 0, 0, 0, 0], [0, 3, 0, 0, 0, 0, 0, 0], [0, 4, 5, 6, 7, 8, 9, 10]]",0.072
1822,0.0,4,"[[0.18, 0.08, 0.14, 0.2, 0.12, 0.1, 0.1], [0.1, 0.05, 0.2, 0.13, 0.11, 0.09, 0.04], [0.15, 0.11, 0.22, 0.09, 0.14, 0.12, 0.12], [0.17, 0.01, 0.14, 0.05, 0.14, 0.07, 0.08]]",0.13,0.09,92,"[0.3, 0.22, 0.27, 0.21]","[[0, 1, 2, 3, 4, 5, 6, 7], [0, 0, 0, 0, 0, 0, 0, 0], [0, 8, 9, 10, 11, 12, 13, 14], [0, 0, 0, 0, 0, 0, 0, 0]]",0.072
1823,0.0,6,"[[0.18, 0.08, 0.04, 0.19, 0.05, 0.05, 0.16], [0.09, 0.22, 0.23, 0.17, 0.13, 0.24, 0.18], [0.21, 0.2, 0.1, 0.14, 0.11, 0.11, 0.19], [0.23, 0.14, 0.16, 0.18, 0.12, 0.18, 0.03]]",0.13,0.24,92,"[0.02, 0.92, 0.02, 0.04]","[[0, 0, 0, 0, 0, 0, 0, 0], [0, 1, 2, 3, 4, 5, 6, 7], [0, 0, 0, 0, 0, 0, 0, 0], [0, 0, 0, 0, 0, 0, 0, 0]]",0.072
1824,0.0,3,"[[0.02, 0.1, 0.05, 0.19, 0.09, 0.05, 0.06], [0.03, 0.12, 0.22, 0.08, 0.02, 0.07, 0.12], [0.18, 0.19, 0.1, 0.18, 0.18, 0.13, 0.15], [0.08, 0.17, 0.23, 0.11, 0.13, 0.16, 0.07]]",0.13,0.23,92,"[0.06, 0.06, 0.03, 0.85]","[[0, 0, 0, 0, 0, 0, 0, 0], [0, 0, 0, 0, 0, 0, 0, 0], [0, 0, 0, 0, 0, 0, 0, 0], [0, 1, 2, 3, 4, 5, 6, 7]]",0.072
1825,0.0,4,"[[0.08, 0.23, 0.11, 0.15, 0.14, 0.16, 0.07], [0.19, 0.17, 0.09, 0.16, 0.14, 0.09, 0.03], [0.13, 0.11, 0.24, 0.17, 0.14, 0.06, 0.15], [0.09, 0.17, 0.09, 0.17, 0.19, 0.1, 0.17]]",0.13,0.17,92,"[0.01, 0.02, 0.11, 0.86]","[[0, 0, 0, 0, 0, 0, 0, 0], [0, 0, 0, 0, 0, 0, 0, 0], [0, 0, 0, 0, 0, 0, 0, 0], [0, 1, 2, 3, 4, 5, 6, 7]]",0.072
1826,0.0,7,"[[0.17, 0.04, 0.18, 0.09, 0.04, 0.16, 0.22], [0.22, 0.14, 0.04, 0.11, 0.04, 0.23, 0.13], [0.09, 0.1, 0.01, 0.06, 0.15, 0.17, 0.05], [0.04, 0.06, 0.1, 0.03, 0.1, 0.03, 0.15]]",0.13,0.15,92,"[0.35, 0.15, 0.13, 0.37]","[[0, 1, 2, 3, 4, 5, 6, 7], [0, 0, 0, 0, 0, 0, 0, 0], [0, 0, 0, 0, 0, 0, 0, 0], [0, 14, 13, 12, 11, 10, 9, 8]]",0.072
1827,0.0,7,"[[0.07, 0.07, 0.17, 0.05, 0.08, 0.18, 0.15], [0.19, 0.17, 0.06, 0.13, 0.2, 0.13, 0.2], [0.08, 0.18, 0.04, 0.21, 0.15, 0.15, 0.18], [0.06, 0.08, 0.09, 0.02, 0.12, 0.19, 0.09]]",0.13,0.09,92,"[0.31, 0.27, 0.19, 0.23]","[[0, 1, 2, 3, 4, 5, 6, 8], [0, 14, 13, 12, 11, 10, 9, 7], [0, 0, 0, 0, 0, 0, 0, 0], [0, 15, 16, 17, 18, 19, 20, 21]]",0.072
1828,0.0,5,"[[0.09, 0.06, 0.16, 0.11, 0.12, 0.22, 0.04], [0.11, 0.19, 0.13, 0.18, 0.2, 0.12, 0.12], [0.11, 0.08, 0.15, 0.06, 0.15, 0.13, 0.16], [0.08, 0.15, 0.2, 0.17, 0.24, 0.04, 0.12]]",0.13,0.24,92,"[0.15, 0.32, 0.21, 0.32]","[[0, 0, 0, 0, 0, 0, 0, 0], [0, 8, 10, 9, 11, 12, 13, 14], [0, 0, 0, 0, 0, 0, 0, 0], [0, 1, 2, 3, 5, 4, 6, 7]]",0.072
1829,0.0,7,"[[0.19, 0.11, 0.24, 0.23, 0.21, 0.14, 0.16], [0.12, 0.1, 0.02, 0.19, 0.1, 0.08, 0.14], [0.05, 0.21, 0.07, 0.2, 0.09, 0.02, 0.23], [0.09, 0.04, 0.09, 0.14, 0.18, 0.2, 0.23]]",0.13,0.23,92,"[0.03, 0.01, 0.92, 0.04]","[[0, 0, 0, 0, 0, 0, 0, 0], [0, 0, 0, 0, 0, 0, 0, 0], [0, 1, 2, 3, 4, 5, 6, 7], [0, 0, 0, 0, 0, 0, 0, 0]]",0.072
1830,0.0,1,"[[2.44, 7.36, 6.46, 5.15, 7.43, 1.32, 0.71], [3.96, 8.36, 4.6, 6.91, 2.69, 5.0, 1.64], [8.24, 5.23, 2.67, 1.92, 6.03, 2.88, 7.54], [1.43, 5.93, 6.77, 1.1, 3.47, 5.78, 6.1]]",5.0,1.43,92,"[0.02, 0.06, 0.89, 0.03]","[[0, 0, 0, 0, 0, 0, 0, 0], [0, 0, 0, 0, 0, 0, 0, 0], [0, 1, 2, 3, 4, 5, 6, 7], [0, 0, 0, 0, 0, 0, 0, 0]]",2.994
1831,0.0,5,"[[8.47, 2.82, 7.33, 4.03, 7.07, 2.75, 1.54], [4.68, 3.16, 0.97, 1.44, 5.2, 6.65, 9.25], [8.41, 7.04, 1.31, 3.23, 7.09, 7.67, 1.55], [6.28, 2.99, 4.33, 1.28, 9.25, 6.99, 2.35]]",5.0,9.25,92,"[0.01, 0.01, 0.01, 0.97]","[[0, 0, 0, 0, 0, 0, 0, 0], [0, 0, 0, 0, 0, 0, 0, 0], [0, 0, 0, 0, 0, 0, 0, 0], [0, 1, 2, 3, 4, 5, 6, 7]]",2.994
1832,0.0,3,"[[3.74, 4.35, 1.03, 5.02, 2.48, 7.72, 3.91], [9.52, 3.82, 4.46, 2.55, 5.65, 6.25, 0.76], [2.96, 5.49, 2.32, 7.63, 0.35, 8.21, 6.51], [4.09, 2.1, 9.56, 8.08, 0.89, 1.16, 4.1]]",5.0,2.32,92,"[0.04, 0.08, 0.02, 0.86]","[[0, 0, 0, 0, 0, 0, 0, 0], [0, 0, 0, 0, 0, 0, 0, 0], [0, 0, 0, 0, 0, 0, 0, 0], [0, 1, 2, 3, 4, 5, 6, 7]]",2.994
1833,0.0,3,"[[1.32, 1.79, 4.74, 6.52, 9.55, 1.49, 3.36], [2.67, 2.3, 3.39, 7.85, 3.89, 7.4, 8.55], [4.18, 0.46, 4.32, 2.27, 3.18, 8.62, 2.94], [6.02, 2.09, 4.16, 3.95, 2.34, 3.36, 2.27]]",5.0,4.32,92,"[0.16, 0.11, 0.34, 0.39]","[[0, 0, 0, 0, 0, 0, 0, 0], [0, 0, 0, 0, 0, 0, 0, 0], [0, 2, 3, 6, 7, 10, 11, 13], [0, 1, 4, 5, 8, 9, 12, 14]]",2.994
1834,0.0,5,"[[8.51, 2.86, 5.22, 3.29, 7.8, 7.12, 2.91], [7.85, 5.63, 4.76, 5.73, 4.36, 4.99, 0.21], [1.1, 2.64, 4.86, 7.57, 7.15, 0.31, 2.34], [6.38, 5.91, 3.08, 6.0, 7.58, 3.85, 6.26]]",5.0,7.58,92,"[0.19, 0.32, 0.23, 0.26]","[[0, 0, 0, 0, 0, 0, 0, 0], [0, 1, 4, 7, 10, 13, 16, 19], [0, 3, 5, 8, 11, 14, 17, 20], [0, 2, 6, 9, 12, 15, 18, 21]]",2.994
1835,0.0,3,"[[5.28, 9.9, 6.81, 1.61, 2.79, 8.92, 6.09], [3.46, 6.68, 6.44, 3.71, 3.55, 0.25, 8.07], [6.52, 2.17, 8.0, 8.5, 5.35, 1.81, 3.32], [5.89, 1.86, 6.44, 5.29, 3.29, 8.96, 7.12]]",5.0,6.44,92,"[0.23, 0.3, 0.24, 0.23]","[[0, 4, 5, 12, 13, 20, 21, 28], [0, 3, 6, 11, 14, 19, 22, 27], [0, 2, 7, 10, 15, 18, 23, 26], [0, 1, 8, 9, 16, 17, 24, 25]]",2.994
1836,0.0,1,"[[7.17, 3.46, 5.58, 3.93, 3.7, 2.49, 5.53], [9.77, 5.93, 5.47, 2.25, 8.04, 7.17, 0.39], [7.48, 1.53, 5.91, 7.74, 1.59, 6.73, 3.86], [5.1, 6.8, 2.11, 7.09, 7.57, 6.62, 8.34]]",5.0,7.17,92,"[0.88, 0.05, 0.05, 0.02]","[[0, 1, 2, 3, 4, 5, 6, 7], [0, 8, 9, 0, 0, 0, 0, 0], [0, 11, 10, 0, 0, 0, 0, 0], [0, 0, 0, 0, 0, 0, 0, 0]]",2.994
1837,0.0,7,"[[7.74, 3.22, 6.43, 3.71, 7.81, 4.87, 5.0], [6.79, 7.24, 2.38, 4.86, 3.87, 6.17, 4.92], [3.15, 9.58, 2.44, 5.2, 8.45, 2.58, 2.29], [4.2, 1.81, 5.9, 9.47, 8.69, 2.45, 6.94]]",5.0,4.92,92,"[0.15, 0.38, 0.14, 0.33]","[[0, 0, 0, 0, 0, 0, 0, 0], [0, 1, 3, 5, 7, 9, 11, 13], [0, 0, 0, 0, 0, 0, 0, 0], [0, 2, 4, 6, 8, 10, 12, 14]]",2.994
1838,0.0,6,"[[6.18, 4.93, 6.72, 3.3, 6.34, 6.06, 5.41], [7.2, 2.38, 3.93, 9.67, 4.79, 7.96, 3.99], [0.82, 2.25, 1.43, 2.43, 5.42, 7.07, 9.93], [9.97, 3.97, 5.79, 8.9, 4.27, 7.39, 5.81]]",5.0,7.96,92,"[0.28, 0.28, 0.19, 0.25]","[[0, 4, 5, 12, 13, 20, 21, 28], [0, 3, 6, 11, 14, 19, 22, 27], [0, 2, 7, 10, 15, 18, 23, 26], [0, 1, 8, 9, 16, 17, 24, 25]]",2.994
1839,0.0,7,"[[5.71, 4.0, 7.87, 3.26, 8.95, 9.97, 6.35], [4.81, 5.73, 5.74, 5.66, 5.51, 4.81, 7.59], [6.14, 5.62, 3.6, 6.94, 3.42, 3.6, 6.26], [1.09, 4.7, 1.56, 4.05, 2.65, 4.29, 5.33]]",5.0,5.33,92,"[0.02, 0.08, 0.03, 0.87]","[[0, 0, 0, 0, 0, 0, 0, 0], [0, 0, 0, 0, 0, 0, 0, 0], [0, 0, 0, 0, 0, 0, 0, 0], [0, 1, 2, 3, 4, 5, 6, 7]]",2.994
1840,0.01,2,"[[0.02, 0.1, 0.05, 0.19, 0.09, 0.05, 0.06], [0.03, 0.12, 0.22, 0.08, 0.02, 0.07, 0.12], [0.18, 0.19, 0.1, 0.18, 0.18, 0.13, 0.15], [0.08, 0.17, 0.23, 0.11, 0.13, 0.16, 0.07]]",0.13,0.17,93,"[0.06, 0.06, 0.03, 0.85]","[[0, 0, 0, 0, 0, 0, 0, 0], [0, 0, 1, 0, 2, 0, 3, 0], [0, 0, 0, 0, 0, 0, 0, 0], [0, 0, 0, 0, 0, 0, 0, 0]]",0.072
1841,0.01,2,"[[0.12, 0.13, 0.12, 0.14, 0.05, 0.1, 0.25], [0.16, 0.2, 0.2, 0.14, 0.09, 0.17, 0.09], [0.11, 0.12, 0.11, 0.11, 0.08, 0.05, 0.17], [0.19, 0.2, 0.07, 0.21, 0.07, 0.13, 0.2]]",0.13,0.2,93,"[0.17, 0.35, 0.31, 0.17]","[[0, 0, 0, 0, 0, 0, 0, 0], [0, 0, 1, 0, 0, 0, 0, 0], [0, 0, 0, 0, 0, 0, 0, 0], [0, 0, 0, 0, 0, 0, 0, 0]]",0.072
1842,0.01,5,"[[0.23, 0.06, 0.08, 0.13, 0.11, 0.05, 0.11], [0.17, 0.17, 0.17, 0.13, 0.09, 0.2, 0.07], [0.21, 0.11, 0.17, 0.05, 0.13, 0.11, 0.17], [0.16, 0.02, 0.2, 0.19, 0.23, 0.13, 0.13]]",0.13,0.13,93,"[0.24, 0.22, 0.21, 0.33]","[[0, 0, 0, 0, 0, 0, 0, 0], [0, 0, 0, 0, 0, 0, 0, 0], [0, 0, 0, 0, 0, 0, 0, 0], [0, 0, 1, 0, 0, 2, 0, 0]]",0.072
1843,0.01,7,"[[0.15, 0.06, 0.09, 0.11, 0.16, 0.04, 0.14], [0.13, 0.19, 0.06, 0.21, 0.14, 0.09, 0.14], [0.16, 0.13, 0.11, 0.14, 0.1, 0.12, 0.12], [0.2, 0.09, 0.2, 0.06, 0.12, 0.09, 0.16]]",0.13,0.14,93,"[0.08, 0.04, 0.87, 0.01]","[[0, 0, 0, 0, 0, 0, 0, 0], [0, 0, 0, 0, 0, 0, 0, 0], [0, 0, 1, 0, 2, 0, 3, 0], [0, 0, 0, 0, 0, 0, 0, 0]]",0.072
1844,0.01,4,"[[0.04, 0.14, 0.09, 0.06, 0.18, 0.1, 0.07], [0.09, 0.13, 0.01, 0.23, 0.07, 0.19, 0.05], [0.08, 0.2, 0.08, 0.21, 0.07, 0.04, 0.22], [0.12, 0.1, 0.09, 0.18, 0.18, 0.04, 0.15]]",0.13,0.18,93,"[0.05, 0.03, 0.07, 0.85]","[[0, 0, 0, 0, 0, 0, 0, 0], [0, 0, 0, 0, 0, 0, 0, 0], [0, 0, 0, 0, 0, 0, 0, 0], [0, 0, 1, 0, 2, 0, 0, 0]]",0.072
1845,0.01,2,"[[0.1, 0.22, 0.11, 0.07, 0.15, 0.15, 0.08], [0.22, 0.14, 0.05, 0.13, 0.2, 0.14, 0.2], [0.02, 0.25, 0.2, 0.08, 0.15, 0.02, 0.07], [0.11, 0.1, 0.17, 0.14, 0.2, 0.08, 0.11]]",0.13,0.22,93,"[0.87, 0.08, 0.02, 0.03]","[[0, 0, 1, 0, 0, 0, 0, 0], [0, 0, 0, 0, 0, 0, 0, 0], [0, 0, 0, 0, 0, 0, 0, 0], [0, 0, 0, 0, 0, 0, 0, 0]]",0.072
1846,0.01,1,"[[0.21, 0.18, 0.18, 0.07, 0.17, 0.09, 0.08], [0.07, 0.09, 0.01, 0.16, 0.02, 0.06, 0.25], [0.21, 0.16, 0.24, 0.08, 0.24, 0.16, 0.09], [0.17, 0.08, 0.18, 0.24, 0.11, 0.09, 0.22]]",0.13,0.21,93,"[0.21, 0.27, 0.2, 0.32]","[[0, 0, 0, 0, 0, 0, 0, 0], [0, 0, 0, 0, 0, 0, 0, 0], [0, 0, 0, 0, 0, 0, 0, 0], [0, 0, 0, 0, 0, 0, 0, 0]]",0.072
1847,0.01,3,"[[0.16, 0.11, 0.08, 0.09, 0.11, 0.11, 0.06], [0.14, 0.14, 0.15, 0.18, 0.2, 0.23, 0.09], [0.09, 0.18, 0.2, 0.13, 0.05, 0.16, 0.07], [0.08, 0.02, 0.16, 0.15, 0.1, 0.09, 0.12]]",0.13,0.08,93,"[0.08, 0.02, 0.89, 0.01]","[[0, 0, 0, 0, 0, 0, 0, 0], [0, 0, 0, 0, 0, 0, 0, 0], [0, 0, 0, 1, 0, 0, 0, 0], [0, 0, 0, 0, 0, 0, 0, 0]]",0.072
1848,0.01,5,"[[0.11, 0.13, 0.2, 0.15, 0.12, 0.07, 0.12], [0.17, 0.14, 0.08, 0.03, 0.14, 0.12, 0.21], [0.15, 0.05, 0.06, 0.08, 0.07, 0.16, 0.13], [0.11, 0.11, 0.13, 0.18, 0.08, 0.12, 0.15]]",0.13,0.07,93,"[0.11, 0.38, 0.34, 0.17]","[[0, 0, 0, 0, 0, 0, 0, 0], [0, 0, 0, 0, 0, 0, 0, 0], [0, 0, 0, 0, 0, 0, 0, 0], [0, 0, 0, 0, 0, 0, 0, 0]]",0.072
1849,0.01,2,"[[0.14, 0.07, 0.05, 0.18, 0.03, 0.01, 0.18], [0.19, 0.23, 0.07, 0.1, 0.08, 0.19, 0.2], [0.17, 0.24, 0.03, 0.21, 0.19, 0.07, 0.21], [0.14, 0.09, 0.21, 0.08, 0.19, 0.05, 0.09]]",0.13,0.09,93,"[0.15, 0.26, 0.26, 0.33]","[[0, 0, 0, 0, 0, 0, 0, 0], [0, 0, 0, 0, 0, 0, 0, 0], [0, 0, 0, 0, 0, 0, 0, 0], [0, 0, 0, 0, 0, 0, 0, 0]]",0.072
1850,0.01,3,"[[2.09, 7.52, 9.74, 6.72, 2.88, 5.9, 5.87], [6.25, 4.49, 6.66, 2.68, 2.62, 7.58, 4.86], [0.33, 4.49, 3.44, 6.0, 4.73, 0.87, 2.63], [7.63, 1.46, 3.24, 5.72, 7.53, 7.25, 3.01]]",5.0,3.24,93,"[0.34, 0.23, 0.2, 0.23]","[[0, 0, 0, 1, 0, 0, 0, 0], [0, 0, 0, 0, 0, 0, 0, 0], [0, 0, 0, 0, 0, 0, 0, 0], [0, 0, 0, 0, 0, 0, 0, 0]]",2.994
1851,0.01,2,"[[5.28, 9.9, 6.81, 1.61, 2.79, 8.92, 6.09], [3.46, 6.68, 6.44, 3.71, 3.55, 0.25, 8.07], [6.52, 2.17, 8.0, 8.5, 5.35, 1.81, 3.32], [5.89, 1.86, 6.44, 5.29, 3.29, 8.96, 7.12]]",5.0,9.9,93,"[0.23, 0.3, 0.24, 0.23]","[[0, 0, 10, 0, 9, 0, 0, 0], [0, 0, 1, 0, 5, 0, 6, 0], [0, 0, 2, 0, 8, 0, 0, 0], [0, 0, 3, 0, 4, 0, 7, 0]]",2.994
1852,0.01,2,"[[3.95, 8.96, 8.28, 6.18, 7.02, 4.65, 4.21], [7.39, 4.82, 4.44, 1.73, 7.35, 9.66, 2.04], [6.67, 2.62, 2.43, 7.24, 6.32, 7.33, 5.82], [4.75, 4.96, 2.68, 1.71, 6.22, 1.58, 9.11]]",5.0,2.62,93,"[0.25, 0.24, 0.28, 0.23]","[[0, 0, 2, 0, 0, 0, 0, 0], [0, 0, 3, 0, 0, 0, 0, 0], [0, 0, 1, 0, 0, 0, 0, 0], [0, 0, 4, 0, 0, 0, 0, 0]]",2.994
1853,0.01,7,"[[8.39, 1.9, 3.96, 5.78, 2.24, 5.8, 4.1], [0.94, 5.02, 2.49, 5.54, 6.54, 4.33, 9.65], [7.94, 7.8, 4.1, 9.82, 1.59, 4.84, 8.58], [8.96, 7.49, 1.94, 3.92, 0.76, 2.82, 6.17]]",5.0,9.65,93,"[0.11, 0.85, 0.02, 0.02]","[[0, 0, 0, 0, 0, 0, 0, 0], [0, 1, 2, 3, 4, 5, 6, 7], [0, 0, 0, 0, 0, 0, 0, 0], [0, 0, 0, 0, 0, 0, 0, 0]]",2.994
1854,0.01,1,"[[1.63, 4.7, 3.32, 2.64, 8.47, 3.24, 4.54], [8.67, 5.47, 1.74, 1.77, 1.06, 7.43, 3.25], [4.05, 4.33, 1.96, 6.68, 6.28, 9.52, 7.64], [3.95, 5.24, 1.85, 2.91, 0.64, 2.21, 1.85]]",5.0,8.67,93,"[0.05, 0.89, 0.05, 0.01]","[[0, 0, 0, 0, 0, 0, 0, 0], [0, 1, 2, 3, 4, 5, 6, 7], [0, 0, 0, 0, 0, 0, 0, 0], [0, 0, 0, 0, 0, 0, 0, 0]]",2.994
1855,0.01,5,"[[6.19, 1.85, 1.16, 4.28, 2.66, 3.25, 7.93], [4.16, 3.03, 5.34, 3.93, 5.82, 4.05, 2.14], [6.53, 8.89, 6.73, 7.28, 2.75, 0.6, 4.09], [4.95, 6.55, 6.81, 6.9, 1.07, 2.2, 5.26]]",5.0,5.82,93,"[0.03, 0.86, 0.04, 0.07]","[[0, 0, 0, 0, 0, 0, 0, 0], [0, 1, 2, 3, 4, 5, 6, 7], [0, 0, 0, 0, 0, 0, 0, 0], [0, 0, 0, 0, 0, 0, 0, 0]]",2.994
1856,0.01,1,"[[5.93, 4.61, 6.44, 6.58, 0.77, 6.66, 0.58], [1.24, 4.91, 5.63, 0.45, 3.38, 4.94, 3.12], [7.83, 1.4, 2.04, 7.87, 6.09, 6.31, 5.4], [6.34, 6.33, 4.75, 6.81, 8.3, 6.3, 9.27]]",5.0,7.83,93,"[0.01, 0.1, 0.87, 0.02]","[[0, 0, 0, 0, 0, 0, 0, 0], [0, 0, 0, 0, 0, 0, 0, 0], [0, 1, 2, 3, 4, 5, 6, 7], [0, 0, 0, 0, 0, 0, 0, 0]]",2.994
1857,0.01,6,"[[1.32, 1.79, 4.74, 6.52, 9.55, 1.49, 3.36], [2.67, 2.3, 3.39, 7.85, 3.89, 7.4, 8.55], [4.18, 0.46, 4.32, 2.27, 3.18, 8.62, 2.94], [6.02, 2.09, 4.16, 3.95, 2.34, 3.36, 2.27]]",5.0,8.62,93,"[0.16, 0.11, 0.34, 0.39]","[[0, 0, 0, 0, 0, 0, 0, 0], [0, 0, 0, 0, 0, 0, 0, 0], [0, 1, 13, 4, 9, 5, 12, 8], [0, 2, 14, 3, 10, 6, 11, 7]]",2.994
1858,0.01,3,"[[3.25, 0.97, 8.64, 8.18, 2.13, 6.22, 0.77], [5.88, 7.57, 5.25, 3.43, 6.13, 3.52, 3.61], [5.54, 4.65, 8.68, 9.8, 7.31, 3.42, 4.37], [7.14, 2.83, 7.59, 3.91, 6.6, 1.41, 1.96]]",5.0,7.59,93,"[0.06, 0.03, 0.01, 0.9]","[[0, 0, 0, 0, 0, 0, 0, 0], [0, 0, 0, 0, 0, 0, 0, 0], [0, 0, 0, 0, 0, 0, 0, 0], [0, 1, 2, 3, 4, 5, 6, 7]]",2.994
1859,0.01,5,"[[8.51, 2.86, 5.22, 3.29, 7.8, 7.12, 2.91], [7.85, 5.63, 4.76, 5.73, 4.36, 4.99, 0.21], [1.1, 2.64, 4.86, 7.57, 7.15, 0.31, 2.34], [6.38, 5.91, 3.08, 6.0, 7.58, 3.85, 6.26]]",5.0,7.58,93,"[0.19, 0.32, 0.23, 0.26]","[[0, 0, 0, 0, 0, 0, 0, 0], [0, 1, 0, 6, 0, 7, 0, 0], [0, 2, 0, 5, 0, 8, 0, 0], [0, 3, 0, 4, 0, 9, 0, 0]]",2.994
1860,0.01,3,"[[4.36, 8.7, 5.94, 4.41, 8.37, 5.83, 0.58], [9.58, 2.24, 8.49, 4.24, 4.63, 4.53, 5.29], [6.08, 4.31, 5.59, 3.3, 3.91, 4.21, 4.74], [9.25, 5.33, 1.67, 7.75, 5.64, 2.81, 3.02]]",5.0,5.94,94,"[0.31, 0.27, 0.14, 0.28]","[[0, 1, 0, 0, 0, 0, 0, 0], [0, 0, 0, 0, 0, 2, 0, 0], [0, 0, 0, 4, 0, 0, 0, 0], [0, 0, 3, 0, 0, 0, 0, 0]]",2.994
1861,0.01,1,"[[1.63, 4.7, 3.32, 2.64, 8.47, 3.24, 4.54], [8.67, 5.47, 1.74, 1.77, 1.06, 7.43, 3.25], [4.05, 4.33, 1.96, 6.68, 6.28, 9.52, 7.64], [3.95, 5.24, 1.85, 2.91, 0.64, 2.21, 1.85]]",5.0,8.67,94,"[0.05, 0.89, 0.05, 0.01]","[[0, 0, 0, 0, 0, 0, 0, 0], [0, 7, 6, 5, 4, 3, 2, 1], [0, 0, 0, 0, 0, 0, 0, 0], [0, 0, 0, 0, 0, 0, 0, 0]]",2.994
1862,0.01,4,"[[5.12, 1.51, 5.2, 6.71, 2.69, 8.45, 7.56], [1.26, 6.81, 6.02, 6.85, 3.83, 2.04, 5.15], [0.77, 1.29, 6.67, 1.6, 1.63, 0.54, 0.89], [4.2, 5.58, 3.29, 3.97, 3.54, 6.37, 4.95]]",5.0,6.85,94,"[0.21, 0.27, 0.19, 0.33]","[[0, 0, 0, 0, 3, 0, 0, 0], [0, 0, 0, 2, 0, 0, 0, 0], [0, 0, 0, 0, 0, 4, 0, 0], [0, 1, 0, 0, 0, 0, 0, 0]]",2.994
1863,0.01,5,"[[5.92, 9.68, 5.15, 2.59, 5.89, 7.38, 2.85], [1.22, 5.64, 6.3, 3.82, 9.13, 6.51, 3.36], [6.72, 1.0, 8.86, 8.25, 8.82, 6.13, 4.12], [7.5, 7.75, 5.39, 3.9, 7.48, 3.23, 1.98]]",5.0,5.89,94,"[0.3, 0.17, 0.24, 0.29]","[[0, 0, 0, 0, 4, 0, 0, 0], [0, 0, 0, 5, 0, 3, 0, 0], [0, 0, 6, 0, 0, 0, 2, 0], [0, 7, 0, 0, 0, 0, 0, 1]]",2.994
1864,0.01,3,"[[3.25, 0.97, 8.64, 8.18, 2.13, 6.22, 0.77], [5.88, 7.57, 5.25, 3.43, 6.13, 3.52, 3.61], [5.54, 4.65, 8.68, 9.8, 7.31, 3.42, 4.37], [7.14, 2.83, 7.59, 3.91, 6.6, 1.41, 1.96]]",5.0,7.59,94,"[0.06, 0.03, 0.01, 0.9]","[[0, 0, 0, 0, 0, 0, 0, 0], [0, 0, 0, 0, 0, 0, 0, 0], [0, 0, 0, 0, 0, 0, 0, 0], [0, 1, 2, 3, 4, 5, 6, 7]]",2.994
1865,0.01,1,"[[3.54, 3.18, 6.26, 3.39, 3.52, 5.47, 1.42], [3.13, 1.91, 7.14, 3.81, 4.58, 6.9, 8.39], [7.48, 1.27, 5.41, 7.63, 6.12, 1.81, 6.34], [6.09, 3.7, 4.25, 4.91, 0.8, 7.46, 7.59]]",5.0,7.48,94,"[0.04, 0.07, 0.88, 0.01]","[[0, 0, 0, 0, 0, 0, 0, 0], [0, 0, 0, 0, 0, 0, 0, 0], [0, 1, 0, 2, 0, 3, 0, 4], [0, 0, 0, 0, 0, 0, 0, 0]]",2.994
1866,0.01,4,"[[5.63, 2.91, 6.84, 6.5, 2.65, 5.91, 4.09], [5.16, 0.83, 2.41, 5.99, 6.15, 3.67, 6.12], [5.67, 9.08, 3.93, 7.57, 5.62, 2.51, 2.61], [4.59, 1.2, 4.42, 1.16, 8.17, 8.27, 1.11]]",5.0,5.99,94,"[0.14, 0.34, 0.35, 0.17]","[[0, 0, 0, 0, 0, 0, 0, 0], [0, 1, 4, 0, 6, 0, 8, 0], [0, 0, 2, 0, 5, 0, 7, 0], [0, 0, 0, 3, 0, 0, 0, 0]]",2.994
1867,0.01,4,"[[5.93, 4.61, 6.44, 6.58, 0.77, 6.66, 0.58], [1.24, 4.91, 5.63, 0.45, 3.38, 4.94, 3.12], [7.83, 1.4, 2.04, 7.87, 6.09, 6.31, 5.4], [6.34, 6.33, 4.75, 6.81, 8.3, 6.3, 9.27]]",5.0,7.87,94,"[0.01, 0.1, 0.87, 0.02]","[[0, 0, 0, 0, 0, 0, 0, 0], [0, 0, 0, 0, 0, 0, 0, 0], [0, 1, 7, 2, 6, 3, 5, 4], [0, 0, 0, 0, 0, 0, 0, 0]]",2.994
1868,0.01,3,"[[5.77, 3.99, 6.61, 4.81, 8.16, 4.87, 2.84], [5.38, 5.12, 5.88, 4.67, 7.45, 7.64, 1.41], [2.86, 1.79, 4.9, 7.89, 6.3, 3.05, 5.2], [5.28, 6.58, 1.34, 2.2, 4.69, 6.92, 5.01]]",5.0,6.61,94,"[0.34, 0.23, 0.11, 0.32]","[[0, 1, 0, 3, 0, 5, 0, 7], [0, 0, 0, 0, 0, 0, 0, 0], [0, 0, 0, 0, 0, 0, 0, 0], [0, 0, 2, 0, 4, 0, 6, 0]]",2.994
1869,0.01,3,"[[6.19, 1.85, 1.16, 4.28, 2.66, 3.25, 7.93], [4.16, 3.03, 5.34, 3.93, 5.82, 4.05, 2.14], [6.53, 8.89, 6.73, 7.28, 2.75, 0.6, 4.09], [4.95, 6.55, 6.81, 6.9, 1.07, 2.2, 5.26]]",5.0,5.34,94,"[0.03, 0.86, 0.04, 0.07]","[[0, 0, 0, 8, 0, 0, 0, 0], [0, 1, 2, 3, 4, 5, 6, 7], [0, 0, 0, 9, 0, 0, 0, 0], [0, 0, 0, 10, 0, 0, 0, 0]]",2.994
1870,0.01,2,"[[0.14, 0.16, 0.16, 0.21, 0.14, 0.04, 0.08], [0.06, 0.2, 0.17, 0.04, 0.15, 0.07, 0.15], [0.13, 0.19, 0.14, 0.02, 0.08, 0.23, 0.1], [0.15, 0.03, 0.13, 0.07, 0.13, 0.07, 0.19]]",0.13,0.19,94,"[0.26, 0.28, 0.24, 0.22]","[[0, 1, 0, 0, 0, 0, 0, 0], [0, 0, 2, 0, 0, 0, 0, 0], [0, 0, 0, 3, 0, 0, 0, 0], [0, 0, 0, 0, 4, 0, 0, 0]]",0.072
1871,0.01,2,"[[0.18, 0.08, 0.04, 0.19, 0.05, 0.05, 0.16], [0.09, 0.22, 0.23, 0.17, 0.13, 0.24, 0.18], [0.21, 0.2, 0.1, 0.14, 0.11, 0.11, 0.19], [0.23, 0.14, 0.16, 0.18, 0.12, 0.18, 0.03]]",0.13,0.22,94,"[0.02, 0.92, 0.02, 0.04]","[[0, 0, 0, 0, 0, 0, 0, 0], [0, 1, 2, 0, 0, 0, 0, 0], [0, 0, 0, 0, 0, 0, 0, 0], [0, 0, 0, 0, 0, 0, 0, 0]]",0.072
1872,0.01,3,"[[0.12, 0.04, 0.15, 0.03, 0.12, 0.21, 0.16], [0.15, 0.15, 0.1, 0.11, 0.22, 0.11, 0.06], [0.06, 0.07, 0.19, 0.11, 0.05, 0.07, 0.16], [0.05, 0.12, 0.14, 0.09, 0.12, 0.13, 0.02]]",0.13,0.19,94,"[0.04, 0.05, 0.89, 0.02]","[[0, 0, 0, 0, 0, 0, 0, 0], [0, 0, 0, 0, 0, 0, 0, 0], [0, 1, 2, 3, 4, 5, 6, 7], [0, 0, 0, 0, 0, 0, 0, 0]]",0.072
1873,0.01,2,"[[0.07, 0.16, 0.11, 0.2, 0.2, 0.19, 0.16], [0.15, 0.22, 0.24, 0.17, 0.18, 0.12, 0.12], [0.11, 0.16, 0.11, 0.12, 0.21, 0.06, 0.16], [0.17, 0.22, 0.15, 0.11, 0.24, 0.11, 0.17]]",0.13,0.22,94,"[0.09, 0.03, 0.01, 0.87]","[[0, 0, 0, 0, 0, 0, 0, 0], [0, 0, 0, 0, 0, 0, 0, 0], [0, 0, 0, 0, 0, 0, 0, 0], [0, 0, 3, 0, 1, 0, 2, 0]]",0.072
1874,0.01,3,"[[0.12, 0.13, 0.12, 0.14, 0.05, 0.1, 0.25], [0.16, 0.2, 0.2, 0.14, 0.09, 0.17, 0.09], [0.11, 0.12, 0.11, 0.11, 0.08, 0.05, 0.17], [0.19, 0.2, 0.07, 0.21, 0.07, 0.13, 0.2]]",0.13,0.2,94,"[0.17, 0.35, 0.31, 0.17]","[[0, 0, 0, 0, 0, 0, 0, 0], [0, 1, 0, 2, 0, 0, 0, 0], [0, 0, 0, 0, 0, 0, 0, 0], [0, 0, 0, 0, 0, 0, 0, 0]]",0.072
1875,0.01,2,"[[0.02, 0.18, 0.09, 0.13, 0.07, 0.12, 0.08], [0.15, 0.12, 0.24, 0.14, 0.1, 0.01, 0.14], [0.2, 0.14, 0.24, 0.13, 0.22, 0.23, 0.18], [0.11, 0.21, 0.18, 0.07, 0.12, 0.14, 0.14]]",0.13,0.18,94,"[0.85, 0.02, 0.03, 0.1]","[[0, 1, 5, 2, 6, 3, 7, 4], [0, 0, 0, 0, 0, 0, 0, 0], [0, 0, 0, 0, 0, 0, 0, 0], [0, 0, 0, 0, 0, 0, 0, 0]]",0.072
1876,0.01,4,"[[0.19, 0.12, 0.08, 0.18, 0.08, 0.2, 0.22], [0.05, 0.04, 0.19, 0.18, 0.18, 0.05, 0.1], [0.21, 0.13, 0.15, 0.13, 0.16, 0.15, 0.08], [0.19, 0.06, 0.09, 0.07, 0.04, 0.2, 0.08]]",0.13,0.18,94,"[0.16, 0.28, 0.23, 0.33]","[[0, 0, 0, 0, 0, 0, 0, 0], [0, 0, 4, 0, 0, 0, 3, 0], [0, 0, 0, 0, 2, 0, 0, 0], [0, 0, 0, 1, 0, 0, 0, 0]]",0.072
1877,0.01,5,"[[0.15, 0.17, 0.12, 0.06, 0.06, 0.22, 0.15], [0.19, 0.17, 0.21, 0.18, 0.06, 0.19, 0.04], [0.07, 0.13, 0.08, 0.09, 0.18, 0.11, 0.12], [0.16, 0.1, 0.02, 0.11, 0.21, 0.13, 0.19]]",0.13,0.21,94,"[0.09, 0.05, 0.01, 0.85]","[[0, 0, 0, 0, 0, 0, 0, 0], [0, 0, 0, 0, 0, 0, 0, 0], [0, 0, 0, 0, 0, 0, 0, 0], [0, 1, 0, 2, 0, 3, 0, 4]]",0.072
1878,0.01,6,"[[0.11, 0.13, 0.2, 0.15, 0.12, 0.07, 0.12], [0.17, 0.14, 0.08, 0.03, 0.14, 0.12, 0.21], [0.15, 0.05, 0.06, 0.08, 0.07, 0.16, 0.13], [0.11, 0.11, 0.13, 0.18, 0.08, 0.12, 0.15]]",0.13,0.16,94,"[0.11, 0.38, 0.34, 0.17]","[[0, 0, 0, 0, 0, 0, 0, 0], [0, 0, 1, 0, 0, 3, 0, 0], [0, 0, 0, 2, 4, 0, 5, 0], [0, 0, 0, 0, 0, 0, 0, 0]]",0.072
1879,0.01,6,"[[0.07, 0.07, 0.17, 0.05, 0.08, 0.18, 0.15], [0.19, 0.17, 0.06, 0.13, 0.2, 0.13, 0.2], [0.08, 0.18, 0.04, 0.21, 0.15, 0.15, 0.18], [0.06, 0.08, 0.09, 0.02, 0.12, 0.19, 0.09]]",0.13,0.18,94,"[0.31, 0.27, 0.19, 0.23]","[[0, 1, 0, 0, 0, 4, 0, 0], [0, 0, 0, 3, 0, 0, 5, 0], [0, 0, 0, 0, 0, 0, 0, 0], [0, 0, 2, 0, 0, 0, 0, 6]]",0.072
1880,0.0,4,"[[8.51, 2.86, 5.22, 3.29, 7.8, 7.12, 2.91], [7.85, 5.63, 4.76, 5.73, 4.36, 4.99, 0.21], [1.1, 2.64, 4.86, 7.57, 7.15, 0.31, 2.34], [6.38, 5.91, 3.08, 6.0, 7.58, 3.85, 6.26]]",5.0,6.0,95,"[0.19, 0.32, 0.23, 0.26]","[[0, 1, 8, 9, 16, 17, 24, 25], [0, 2, 7, 10, 15, 18, 23, 26], [0, 3, 6, 11, 14, 19, 22, 27], [0, 4, 5, 12, 13, 20, 21, 28]]",2.994
1881,0.0,5,"[[5.63, 2.91, 6.84, 6.5, 2.65, 5.91, 4.09], [5.16, 0.83, 2.41, 5.99, 6.15, 3.67, 6.12], [5.67, 9.08, 3.93, 7.57, 5.62, 2.51, 2.61], [4.59, 1.2, 4.42, 1.16, 8.17, 8.27, 1.11]]",5.0,2.65,95,"[0.14, 0.34, 0.35, 0.17]","[[0, 1, 8, 9, 16, 17, 23, 24], [0, 2, 7, 11, 15, 18, 22, 27], [0, 3, 6, 10, 14, 19, 21, 25], [0, 4, 5, 12, 13, 28, 20, 26]]",2.994
1882,0.0,3,"[[5.12, 1.51, 5.2, 6.71, 2.69, 8.45, 7.56], [1.26, 6.81, 6.02, 6.85, 3.83, 2.04, 5.15], [0.77, 1.29, 6.67, 1.6, 1.63, 0.54, 0.89], [4.2, 5.58, 3.29, 3.97, 3.54, 6.37, 4.95]]",5.0,5.2,95,"[0.21, 0.27, 0.19, 0.33]","[[0, 1, 8, 9, 16, 17, 24, 25], [0, 2, 7, 10, 15, 18, 23, 26], [0, 3, 6, 11, 14, 19, 22, 27], [0, 4, 5, 12, 13, 20, 21, 28]]",2.994
1883,0.0,1,"[[7.78, 7.83, 6.34, 3.49, 9.25, 4.1, 8.16], [4.02, 5.78, 4.37, 3.5, 3.65, 5.34, 1.1], [4.29, 1.52, 3.77, 7.63, 3.05, 0.82, 4.95], [8.46, 6.15, 6.73, 3.18, 8.15, 6.29, 5.32]]",5.0,7.78,95,"[0.2, 0.29, 0.22, 0.29]","[[0, 1, 8, 9, 16, 17, 24, 25], [0, 2, 7, 10, 15, 18, 23, 26], [0, 3, 6, 11, 14, 19, 22, 27], [0, 4, 5, 12, 13, 20, 21, 28]]",2.994
1884,0.0,7,"[[5.16, 3.84, 2.97, 6.89, 7.92, 3.02, 6.81], [6.93, 3.64, 5.33, 8.47, 3.82, 8.88, 7.83], [4.51, 5.38, 9.21, 3.79, 4.77, 9.29, 4.59], [3.55, 8.48, 4.66, 2.28, 3.95, 2.95, 5.67]]",5.0,6.81,95,"[0.86, 0.08, 0.05, 0.01]","[[0, 1, 8, 9, 16, 17, 24, 25], [0, 2, 7, 10, 15, 18, 23, 26], [0, 3, 6, 11, 14, 19, 22, 27], [0, 4, 5, 12, 13, 20, 21, 28]]",2.994
1885,0.0,1,"[[8.02, 3.92, 3.11, 4.49, 4.13, 7.86, 3.71], [5.5, 3.12, 4.78, 4.63, 5.83, 9.55, 5.01], [6.87, 6.07, 1.32, 5.58, 8.22, 5.74, 5.54], [4.62, 3.36, 5.75, 5.59, 2.34, 1.7, 6.64]]",5.0,5.5,95,"[0.25, 0.27, 0.24, 0.24]","[[0, 1, 8, 9, 10, 11, 12, 13], [0, 2, 7, 18, 17, 16, 15, 14], [0, 3, 6, 19, 22, 23, 26, 27], [0, 4, 5, 20, 21, 24, 25, 28]]",2.994
1886,0.0,3,"[[6.19, 1.85, 1.16, 4.28, 2.66, 3.25, 7.93], [4.16, 3.03, 5.34, 3.93, 5.82, 4.05, 2.14], [6.53, 8.89, 6.73, 7.28, 2.75, 0.6, 4.09], [4.95, 6.55, 6.81, 6.9, 1.07, 2.2, 5.26]]",5.0,5.34,95,"[0.03, 0.86, 0.04, 0.07]","[[0, 1, 8, 9, 16, 17, 24, 25], [0, 2, 7, 10, 15, 18, 23, 26], [0, 3, 6, 11, 14, 19, 22, 28], [0, 4, 5, 12, 13, 20, 21, 27]]",2.994
1887,0.0,7,"[[8.39, 1.9, 3.96, 5.78, 2.24, 5.8, 4.1], [0.94, 5.02, 2.49, 5.54, 6.54, 4.33, 9.65], [7.94, 7.8, 4.1, 9.82, 1.59, 4.84, 8.58], [8.96, 7.49, 1.94, 3.92, 0.76, 2.82, 6.17]]",5.0,9.65,95,"[0.11, 0.85, 0.02, 0.02]","[[0, 1, 8, 9, 16, 17, 21, 27], [0, 3, 7, 10, 15, 20, 22, 26], [0, 2, 6, 11, 14, 18, 23, 25], [0, 4, 5, 12, 13, 19, 28, 24]]",2.994
1888,0.0,2,"[[3.89, 7.03, 1.42, 3.85, 5.57, 3.85, 2.09], [1.42, 3.42, 3.49, 1.78, 8.76, 8.52, 6.88], [3.98, 7.53, 6.94, 2.68, 5.16, 4.6, 0.82], [7.43, 7.31, 6.36, 5.75, 9.0, 9.88, 3.78]]",5.0,7.03,95,"[0.86, 0.01, 0.02, 0.11]","[[0, 1, 8, 9, 15, 20, 21, 28], [0, 2, 7, 10, 14, 19, 22, 27], [0, 3, 6, 11, 16, 18, 23, 26], [0, 4, 5, 12, 13, 17, 24, 25]]",2.994
1889,0.0,3,"[[9.88, 3.37, 6.84, 6.02, 5.72, 2.47, 6.83], [4.66, 3.57, 1.89, 8.02, 4.52, 4.58, 0.56], [5.57, 8.71, 8.98, 7.3, 1.41, 5.09, 6.3], [2.79, 3.58, 9.87, 3.61, 3.51, 7.13, 2.78]]",5.0,9.87,95,"[0.02, 0.05, 0.05, 0.88]","[[0, 1, 9, 8, 16, 17, 24, 25], [0, 2, 7, 10, 15, 18, 23, 26], [0, 3, 6, 11, 14, 19, 22, 27], [0, 4, 5, 12, 13, 20, 21, 28]]",2.994
1890,0.0,7,"[[0.06, 0.22, 0.11, 0.12, 0.13, 0.09, 0.18], [0.2, 0.17, 0.05, 0.09, 0.17, 0.16, 0.24], [0.14, 0.03, 0.23, 0.14, 0.04, 0.13, 0.18], [0.16, 0.1, 0.17, 0.16, 0.14, 0.04, 0.05]]",0.13,0.18,95,"[0.87, 0.02, 0.1, 0.01]","[[0, 1, 8, 9, 15, 16, 21, 28], [0, 2, 7, 10, 20, 17, 22, 27], [0, 3, 6, 11, 14, 18, 23, 26], [0, 4, 5, 12, 13, 19, 24, 25]]",0.072
1891,0.0,5,"[[0.05, 0.17, 0.08, 0.07, 0.16, 0.13, 0.05], [0.1, 0.16, 0.24, 0.2, 0.19, 0.19, 0.23], [0.18, 0.13, 0.06, 0.19, 0.17, 0.21, 0.13], [0.16, 0.18, 0.2, 0.12, 0.19, 0.08, 0.19]]",0.13,0.16,95,"[0.85, 0.1, 0.02, 0.03]","[[0, 1, 2, 3, 4, 5, 6, 7], [0, 26, 25, 20, 19, 14, 13, 8], [0, 27, 24, 21, 18, 15, 12, 9], [0, 28, 23, 22, 17, 16, 11, 10]]",0.072
1892,0.0,5,"[[0.14, 0.12, 0.08, 0.02, 0.14, 0.19, 0.09], [0.2, 0.01, 0.13, 0.03, 0.11, 0.06, 0.23], [0.19, 0.12, 0.16, 0.15, 0.16, 0.07, 0.21], [0.09, 0.14, 0.24, 0.12, 0.1, 0.2, 0.16]]",0.13,0.11,95,"[0.36, 0.17, 0.12, 0.35]","[[0, 1, 2, 3, 4, 5, 6, 7], [0, 26, 25, 20, 19, 14, 13, 8], [0, 27, 24, 21, 18, 15, 12, 11], [0, 28, 23, 22, 17, 16, 10, 9]]",0.072
1893,0.0,4,"[[0.04, 0.14, 0.09, 0.06, 0.18, 0.1, 0.07], [0.09, 0.13, 0.01, 0.23, 0.07, 0.19, 0.05], [0.08, 0.2, 0.08, 0.21, 0.07, 0.04, 0.22], [0.12, 0.1, 0.09, 0.18, 0.18, 0.04, 0.15]]",0.13,0.18,95,"[0.05, 0.03, 0.07, 0.85]","[[0, 1, 8, 9, 16, 17, 24, 25], [0, 2, 7, 10, 15, 18, 23, 26], [0, 3, 6, 11, 14, 19, 22, 27], [0, 4, 5, 12, 13, 20, 21, 28]]",0.072
1894,0.0,6,"[[0.06, 0.11, 0.17, 0.23, 0.15, 0.14, 0.21], [0.16, 0.17, 0.08, 0.04, 0.07, 0.21, 0.12], [0.2, 0.19, 0.13, 0.12, 0.17, 0.2, 0.16], [0.1, 0.1, 0.12, 0.16, 0.01, 0.17, 0.09]]",0.13,0.14,95,"[0.23, 0.25, 0.3, 0.22]","[[0, 1, 8, 9, 16, 17, 24, 25], [0, 2, 7, 10, 15, 18, 23, 26], [0, 3, 6, 11, 14, 19, 22, 27], [0, 4, 5, 12, 13, 20, 21, 28]]",0.072
1895,0.0,7,"[[0.06, 0.1, 0.22, 0.17, 0.09, 0.03, 0.08], [0.24, 0.07, 0.1, 0.11, 0.11, 0.15, 0.16], [0.04, 0.05, 0.2, 0.13, 0.03, 0.1, 0.19], [0.2, 0.09, 0.17, 0.15, 0.2, 0.1, 0.15]]",0.13,0.15,95,"[0.01, 0.1, 0.04, 0.85]","[[0, 1, 8, 9, 16, 17, 18, 19], [0, 2, 7, 10, 15, 26, 25, 20], [0, 3, 6, 11, 14, 28, 24, 21], [0, 4, 5, 12, 13, 27, 23, 22]]",0.072
1896,0.0,7,"[[0.11, 0.22, 0.08, 0.2, 0.14, 0.03, 0.13], [0.17, 0.02, 0.02, 0.09, 0.21, 0.16, 0.15], [0.09, 0.18, 0.16, 0.17, 0.05, 0.09, 0.1], [0.18, 0.05, 0.09, 0.19, 0.24, 0.18, 0.12]]",0.13,0.13,95,"[0.33, 0.18, 0.11, 0.38]","[[0, 1, 2, 3, 16, 17, 24, 25], [0, 6, 5, 4, 15, 18, 23, 26], [0, 7, 9, 11, 14, 20, 22, 27], [0, 8, 10, 12, 13, 19, 21, 28]]",0.072
1897,0.0,5,"[[0.07, 0.16, 0.11, 0.2, 0.2, 0.19, 0.16], [0.15, 0.22, 0.24, 0.17, 0.18, 0.12, 0.12], [0.11, 0.16, 0.11, 0.12, 0.21, 0.06, 0.16], [0.17, 0.22, 0.15, 0.11, 0.24, 0.11, 0.17]]",0.13,0.24,95,"[0.09, 0.03, 0.01, 0.87]","[[0, 1, 8, 9, 16, 17, 24, 25], [0, 2, 7, 10, 15, 18, 23, 26], [0, 3, 5, 11, 14, 19, 22, 27], [0, 6, 4, 12, 13, 20, 21, 28]]",0.072
1898,0.0,3,"[[0.22, 0.12, 0.18, 0.2, 0.04, 0.04, 0.16], [0.19, 0.18, 0.17, 0.17, 0.18, 0.2, 0.15], [0.03, 0.13, 0.18, 0.12, 0.17, 0.16, 0.08], [0.21, 0.09, 0.16, 0.11, 0.25, 0.1, 0.16]]",0.13,0.18,95,"[0.34, 0.12, 0.22, 0.32]","[[0, 1, 8, 9, 16, 17, 24, 25], [0, 2, 7, 10, 15, 19, 23, 26], [0, 3, 6, 11, 14, 18, 22, 27], [0, 4, 5, 12, 13, 20, 21, 28]]",0.072
1899,0.0,7,"[[0.1, 0.1, 0.03, 0.13, 0.2, 0.08, 0.11], [0.08, 0.05, 0.11, 0.15, 0.22, 0.2, 0.17], [0.16, 0.24, 0.08, 0.04, 0.05, 0.19, 0.14], [0.1, 0.18, 0.15, 0.14, 0.18, 0.07, 0.19]]",0.13,0.11,95,"[0.36, 0.26, 0.19, 0.19]","[[0, 1, 8, 9, 16, 17, 24, 25], [0, 2, 7, 10, 15, 18, 23, 26], [0, 3, 6, 12, 14, 19, 22, 27], [0, 4, 5, 11, 13, 20, 21, 28]]",0.072
1900,0.01,2,"[[0.08, 0.08, 0.03, 0.08, 0.06, 0.11, 0.11], [0.21, 0.12, 0.16, 0.16, 0.17, 0.12, 0.08], [0.24, 0.22, 0.1, 0.12, 0.06, 0.2, 0.05], [0.13, 0.19, 0.1, 0.18, 0.14, 0.09, 0.16]]",0.13,0.12,96,"[0.12, 0.34, 0.21, 0.33]","[[0, 1, 0, 0, 0, 6, 0, 0], [0, 2, 9, 0, 0, 0, 7, 8], [0, 3, 0, 0, 4, 0, 0, 0], [0, 0, 0, 5, 0, 0, 0, 0]]",0.072
1901,0.01,3,"[[0.17, 0.04, 0.18, 0.09, 0.04, 0.16, 0.22], [0.22, 0.14, 0.04, 0.11, 0.04, 0.23, 0.13], [0.09, 0.1, 0.01, 0.06, 0.15, 0.17, 0.05], [0.04, 0.06, 0.1, 0.03, 0.1, 0.03, 0.15]]",0.13,0.18,96,"[0.35, 0.15, 0.13, 0.37]","[[0, 1, 2, 3, 4, 5, 6, 7], [0, 0, 0, 0, 0, 0, 0, 0], [0, 0, 0, 0, 0, 0, 0, 0], [0, 14, 13, 12, 10, 11, 9, 8]]",0.072
1902,0.01,4,"[[0.11, 0.18, 0.17, 0.05, 0.02, 0.11, 0.14], [0.16, 0.12, 0.11, 0.08, 0.11, 0.16, 0.08], [0.12, 0.16, 0.05, 0.23, 0.13, 0.08, 0.03], [0.17, 0.24, 0.1, 0.22, 0.06, 0.14, 0.05]]",0.13,0.23,96,"[0.01, 0.08, 0.86, 0.05]","[[0, 0, 0, 0, 0, 0, 0, 0], [0, 0, 0, 0, 0, 0, 0, 0], [0, 1, 2, 3, 4, 5, 6, 7], [0, 0, 0, 0, 0, 0, 0, 0]]",0.072
1903,0.01,3,"[[0.02, 0.1, 0.05, 0.19, 0.09, 0.05, 0.06], [0.03, 0.12, 0.22, 0.08, 0.02, 0.07, 0.12], [0.18, 0.19, 0.1, 0.18, 0.18, 0.13, 0.15], [0.08, 0.17, 0.23, 0.11, 0.13, 0.16, 0.07]]",0.13,0.23,96,"[0.06, 0.06, 0.03, 0.85]","[[0, 0, 0, 0, 0, 0, 0, 0], [0, 0, 0, 0, 0, 0, 0, 0], [0, 0, 0, 0, 0, 0, 0, 0], [0, 1, 2, 3, 4, 5, 6, 7]]",0.072
1904,0.01,4,"[[0.2, 0.14, 0.16, 0.12, 0.21, 0.18, 0.23], [0.06, 0.09, 0.16, 0.16, 0.14, 0.12, 0.15], [0.23, 0.08, 0.17, 0.11, 0.04, 0.14, 0.15], [0.06, 0.12, 0.16, 0.23, 0.08, 0.11, 0.15]]",0.13,0.23,96,"[0.33, 0.18, 0.11, 0.38]","[[0, 1, 0, 3, 0, 5, 0, 7], [0, 0, 0, 0, 0, 0, 0, 0], [0, 0, 0, 0, 0, 0, 0, 0], [0, 0, 2, 0, 4, 0, 6, 0]]",0.072
1905,0.01,5,"[[0.09, 0.06, 0.16, 0.11, 0.12, 0.22, 0.04], [0.11, 0.19, 0.13, 0.18, 0.2, 0.12, 0.12], [0.11, 0.08, 0.15, 0.06, 0.15, 0.13, 0.16], [0.08, 0.15, 0.2, 0.17, 0.24, 0.04, 0.12]]",0.13,0.2,96,"[0.15, 0.32, 0.21, 0.32]","[[0, 0, 0, 0, 0, 0, 0, 0], [0, 0, 2, 0, 4, 0, 6, 0], [0, 0, 0, 0, 0, 0, 0, 0], [0, 1, 0, 3, 0, 5, 0, 7]]",0.072
1906,0.01,5,"[[0.07, 0.16, 0.11, 0.2, 0.2, 0.19, 0.16], [0.15, 0.22, 0.24, 0.17, 0.18, 0.12, 0.12], [0.11, 0.16, 0.11, 0.12, 0.21, 0.06, 0.16], [0.17, 0.22, 0.15, 0.11, 0.24, 0.11, 0.17]]",0.13,0.24,96,"[0.09, 0.03, 0.01, 0.87]","[[0, 0, 0, 0, 0, 0, 0, 0], [0, 0, 0, 0, 0, 0, 0, 0], [0, 0, 0, 0, 0, 0, 0, 0], [0, 1, 2, 3, 4, 5, 6, 7]]",0.072
1907,0.01,7,"[[0.16, 0.21, 0.19, 0.12, 0.21, 0.05, 0.2], [0.14, 0.1, 0.04, 0.07, 0.08, 0.16, 0.22], [0.03, 0.17, 0.22, 0.13, 0.04, 0.22, 0.12], [0.16, 0.14, 0.16, 0.16, 0.18, 0.13, 0.14]]",0.13,0.22,96,"[0.06, 0.89, 0.04, 0.01]","[[0, 0, 0, 0, 0, 0, 0, 0], [0, 1, 2, 3, 4, 5, 6, 7], [0, 0, 0, 0, 0, 0, 0, 0], [0, 0, 0, 0, 0, 0, 0, 0]]",0.072
1908,0.01,5,"[[0.1, 0.1, 0.03, 0.13, 0.2, 0.08, 0.11], [0.08, 0.05, 0.11, 0.15, 0.22, 0.2, 0.17], [0.16, 0.24, 0.08, 0.04, 0.05, 0.19, 0.14], [0.1, 0.18, 0.15, 0.14, 0.18, 0.07, 0.19]]",0.13,0.22,96,"[0.36, 0.26, 0.19, 0.19]","[[0, 0, 0, 0, 0, 0, 0, 0], [0, 0, 0, 0, 0, 0, 0, 0], [0, 0, 0, 0, 0, 0, 0, 0], [0, 0, 0, 0, 0, 0, 0, 0]]",0.072
1909,0.01,4,"[[0.04, 0.14, 0.09, 0.06, 0.18, 0.1, 0.07], [0.09, 0.13, 0.01, 0.23, 0.07, 0.19, 0.05], [0.08, 0.2, 0.08, 0.21, 0.07, 0.04, 0.22], [0.12, 0.1, 0.09, 0.18, 0.18, 0.04, 0.15]]",0.13,0.18,96,"[0.05, 0.03, 0.07, 0.85]","[[0, 0, 0, 0, 0, 0, 0, 0], [0, 0, 0, 0, 0, 0, 0, 0], [0, 0, 0, 0, 0, 0, 0, 0], [0, 1, 2, 3, 4, 5, 6, 7]]",0.072
1910,0.01,5,"[[5.16, 3.84, 2.97, 6.89, 7.92, 3.02, 6.81], [6.93, 3.64, 5.33, 8.47, 3.82, 8.88, 7.83], [4.51, 5.38, 9.21, 3.79, 4.77, 9.29, 4.59], [3.55, 8.48, 4.66, 2.28, 3.95, 2.95, 5.67]]",5.0,7.92,96,"[0.86, 0.08, 0.05, 0.01]","[[0, 1, 2, 3, 4, 5, 6, 7], [0, 0, 0, 0, 0, 0, 0, 0], [0, 0, 0, 0, 0, 0, 0, 0], [0, 0, 0, 0, 0, 0, 0, 0]]",2.994
1911,0.01,1,"[[1.63, 4.7, 3.32, 2.64, 8.47, 3.24, 4.54], [8.67, 5.47, 1.74, 1.77, 1.06, 7.43, 3.25], [4.05, 4.33, 1.96, 6.68, 6.28, 9.52, 7.64], [3.95, 5.24, 1.85, 2.91, 0.64, 2.21, 1.85]]",5.0,4.05,96,"[0.05, 0.89, 0.05, 0.01]","[[0, 0, 0, 0, 0, 0, 0, 0], [0, 1, 2, 3, 4, 5, 6, 7], [0, 0, 0, 0, 0, 0, 0, 0], [0, 0, 0, 0, 0, 0, 0, 0]]",2.994
1912,0.01,6,"[[7.78, 7.83, 6.34, 3.49, 9.25, 4.1, 8.16], [4.02, 5.78, 4.37, 3.5, 3.65, 5.34, 1.1], [4.29, 1.52, 3.77, 7.63, 3.05, 0.82, 4.95], [8.46, 6.15, 6.73, 3.18, 8.15, 6.29, 5.32]]",5.0,0.82,96,"[0.2, 0.29, 0.22, 0.29]","[[0, 0, 0, 0, 0, 0, 0, 0], [0, 0, 0, 0, 0, 0, 0, 0], [0, 0, 0, 0, 0, 0, 0, 0], [0, 0, 0, 0, 0, 0, 0, 0]]",2.994
1913,0.01,7,"[[0.94, 9.58, 9.58, 1.68, 3.99, 3.26, 9.98], [7.2, 6.69, 3.6, 6.35, 1.28, 0.52, 9.84], [4.59, 4.33, 3.41, 2.69, 0.89, 3.28, 2.91], [7.61, 5.48, 8.81, 6.78, 0.6, 7.91, 3.87]]",5.0,9.84,96,"[0.01, 0.89, 0.08, 0.02]","[[0, 0, 0, 0, 0, 0, 0, 0], [0, 1, 2, 4, 3, 5, 6, 7], [0, 0, 0, 0, 0, 0, 0, 0], [0, 0, 0, 0, 0, 0, 0, 0]]",2.994
1914,0.01,7,"[[5.12, 1.51, 5.2, 6.71, 2.69, 8.45, 7.56], [1.26, 6.81, 6.02, 6.85, 3.83, 2.04, 5.15], [0.77, 1.29, 6.67, 1.6, 1.63, 0.54, 0.89], [4.2, 5.58, 3.29, 3.97, 3.54, 6.37, 4.95]]",5.0,5.15,96,"[0.21, 0.27, 0.19, 0.33]","[[0, 3, 4, 12, 13, 20, 21, 28], [0, 2, 5, 11, 14, 19, 22, 27], [0, 7, 8, 10, 15, 18, 23, 26], [0, 1, 6, 9, 16, 17, 24, 25]]",2.994
1915,0.01,3,"[[6.38, 4.4, 2.78, 4.02, 3.28, 4.56, 6.79], [6.89, 5.4, 5.87, 9.63, 0.42, 4.93, 4.29], [2.96, 2.23, 8.29, 4.74, 3.72, 2.39, 0.86], [5.36, 5.18, 6.28, 1.08, 2.81, 5.95, 9.65]]",5.0,2.78,96,"[0.2, 0.38, 0.3, 0.12]","[[0, 0, 0, 0, 0, 0, 0, 0], [0, 2, 3, 6, 7, 10, 11, 14], [0, 1, 4, 5, 8, 9, 12, 13], [0, 0, 0, 0, 0, 0, 0, 0]]",2.994
1916,0.01,3,"[[8.51, 2.86, 5.22, 3.29, 7.8, 7.12, 2.91], [7.85, 5.63, 4.76, 5.73, 4.36, 4.99, 0.21], [1.1, 2.64, 4.86, 7.57, 7.15, 0.31, 2.34], [6.38, 5.91, 3.08, 6.0, 7.58, 3.85, 6.26]]",5.0,4.76,96,"[0.19, 0.32, 0.23, 0.26]","[[0, 0, 0, 0, 0, 0, 0, 0], [0, 0, 0, 0, 0, 0, 0, 0], [0, 0, 0, 0, 0, 0, 0, 0], [0, 0, 0, 0, 0, 0, 0, 0]]",2.994
1917,0.01,2,"[[5.97, 8.23, 1.24, 7.62, 4.62, 4.29, 5.98], [8.29, 4.65, 5.55, 1.01, 2.98, 8.74, 8.92], [1.93, 2.81, 4.79, 6.01, 7.29, 6.55, 4.48], [9.09, 1.98, 6.38, 4.5, 3.08, 5.26, 4.47]]",5.0,8.23,96,"[0.86, 0.01, 0.12, 0.01]","[[0, 1, 2, 3, 4, 5, 6, 7], [0, 0, 0, 0, 0, 0, 0, 0], [0, 0, 0, 0, 0, 0, 0, 0], [0, 0, 0, 0, 0, 0, 0, 0]]",2.994
1918,0.01,6,"[[5.28, 9.9, 6.81, 1.61, 2.79, 8.92, 6.09], [3.46, 6.68, 6.44, 3.71, 3.55, 0.25, 8.07], [6.52, 2.17, 8.0, 8.5, 5.35, 1.81, 3.32], [5.89, 1.86, 6.44, 5.29, 3.29, 8.96, 7.12]]",5.0,0.25,96,"[0.23, 0.3, 0.24, 0.23]","[[0, 0, 0, 0, 0, 0, 0, 0], [0, 0, 0, 0, 0, 0, 0, 0], [0, 0, 0, 0, 0, 0, 0, 0], [0, 0, 0, 0, 0, 0, 0, 0]]",2.994
1919,0.01,6,"[[2.65, 1.66, 4.12, 6.28, 3.9, 4.24, 8.17], [4.84, 2.23, 5.57, 7.45, 3.35, 5.55, 3.39], [6.15, 3.53, 5.47, 2.82, 6.99, 9.09, 0.79], [2.47, 2.31, 1.36, 3.11, 4.52, 5.21, 3.31]]",5.0,5.21,96,"[0.01, 0.06, 0.02, 0.91]","[[0, 0, 0, 0, 0, 0, 0, 0], [0, 0, 0, 0, 0, 0, 0, 0], [0, 0, 0, 0, 0, 0, 0, 0], [0, 1, 2, 3, 4, 5, 6, 7]]",2.994
1920,0.01,5,"[[0.19, 0.09, 0.13, 0.2, 0.03, 0.17, 0.2], [0.08, 0.14, 0.18, 0.15, 0.19, 0.11, 0.07], [0.15, 0.06, 0.07, 0.11, 0.19, 0.02, 0.14], [0.12, 0.04, 0.06, 0.04, 0.06, 0.19, 0.09]]",0.13,0.19,97,"[0.02, 0.85, 0.05, 0.08]","[[0, 0, 0, 0, 0, 0, 0, 0], [0, 1, 0, 2, 0, 4, 3, 0], [0, 0, 0, 0, 0, 0, 0, 0], [0, 0, 0, 0, 0, 0, 0, 0]]",0.072
1921,0.01,5,"[[0.23, 0.06, 0.08, 0.13, 0.11, 0.05, 0.11], [0.17, 0.17, 0.17, 0.13, 0.09, 0.2, 0.07], [0.21, 0.11, 0.17, 0.05, 0.13, 0.11, 0.17], [0.16, 0.02, 0.2, 0.19, 0.23, 0.13, 0.13]]",0.13,0.23,97,"[0.24, 0.22, 0.21, 0.33]","[[0, 0, 0, 0, 0, 0, 0, 0], [0, 0, 0, 0, 0, 0, 0, 0], [0, 0, 0, 0, 0, 0, 0, 0], [0, 2, 1, 0, 0, 3, 0, 4]]",0.072
1922,0.01,2,"[[0.05, 0.17, 0.08, 0.07, 0.16, 0.13, 0.05], [0.1, 0.16, 0.24, 0.2, 0.19, 0.19, 0.23], [0.18, 0.13, 0.06, 0.19, 0.17, 0.21, 0.13], [0.16, 0.18, 0.2, 0.12, 0.19, 0.08, 0.19]]",0.13,0.16,97,"[0.85, 0.1, 0.02, 0.03]","[[0, 4, 2, 0, 3, 0, 1, 0], [0, 0, 0, 0, 0, 0, 0, 0], [0, 0, 0, 0, 0, 0, 0, 0], [0, 0, 0, 0, 0, 0, 0, 0]]",0.072
1923,0.01,7,"[[0.16, 0.21, 0.19, 0.12, 0.21, 0.05, 0.2], [0.14, 0.1, 0.04, 0.07, 0.08, 0.16, 0.22], [0.03, 0.17, 0.22, 0.13, 0.04, 0.22, 0.12], [0.16, 0.14, 0.16, 0.16, 0.18, 0.13, 0.14]]",0.13,0.22,97,"[0.06, 0.89, 0.04, 0.01]","[[0, 0, 0, 0, 0, 0, 0, 0], [0, 1, 0, 2, 0, 4, 0, 3], [0, 0, 0, 0, 0, 0, 0, 0], [0, 0, 0, 0, 0, 0, 0, 0]]",0.072
1924,0.01,3,"[[0.02, 0.1, 0.05, 0.19, 0.09, 0.05, 0.06], [0.03, 0.12, 0.22, 0.08, 0.02, 0.07, 0.12], [0.18, 0.19, 0.1, 0.18, 0.18, 0.13, 0.15], [0.08, 0.17, 0.23, 0.11, 0.13, 0.16, 0.07]]",0.13,0.23,97,"[0.06, 0.06, 0.03, 0.85]","[[0, 0, 0, 0, 0, 0, 0, 0], [0, 0, 0, 0, 0, 0, 0, 0], [0, 0, 0, 0, 0, 0, 0, 0], [0, 1, 0, 2, 0, 3, 0, 4]]",0.072
1925,0.01,2,"[[0.01, 0.19, 0.1, 0.03, 0.13, 0.15, 0.13], [0.17, 0.18, 0.07, 0.17, 0.17, 0.12, 0.12], [0.11, 0.17, 0.18, 0.22, 0.08, 0.06, 0.07], [0.12, 0.02, 0.07, 0.16, 0.17, 0.14, 0.04]]",0.13,0.17,97,"[0.3, 0.29, 0.13, 0.28]","[[0, 0, 1, 0, 2, 0, 3, 0], [0, 0, 0, 0, 0, 0, 0, 0], [0, 0, 0, 0, 0, 0, 0, 0], [0, 0, 0, 0, 0, 0, 0, 0]]",0.072
1926,0.01,5,"[[0.11, 0.06, 0.11, 0.08, 0.17, 0.11, 0.11], [0.14, 0.12, 0.06, 0.14, 0.09, 0.14, 0.12], [0.04, 0.15, 0.09, 0.13, 0.15, 0.18, 0.21], [0.1, 0.08, 0.17, 0.08, 0.19, 0.13, 0.19]]",0.13,0.15,97,"[0.26, 0.2, 0.27, 0.27]","[[0, 0, 0, 0, 0, 0, 0, 0], [0, 0, 0, 0, 0, 0, 0, 0], [0, 0, 0, 4, 0, 5, 0, 0], [0, 0, 1, 0, 2, 0, 3, 0]]",0.072
1927,0.01,7,"[[0.11, 0.13, 0.2, 0.15, 0.12, 0.07, 0.12], [0.17, 0.14, 0.08, 0.03, 0.14, 0.12, 0.21], [0.15, 0.05, 0.06, 0.08, 0.07, 0.16, 0.13], [0.11, 0.11, 0.13, 0.18, 0.08, 0.12, 0.15]]",0.13,0.21,97,"[0.11, 0.38, 0.34, 0.17]","[[0, 0, 0, 0, 0, 0, 0, 0], [0, 2, 0, 0, 0, 0, 0, 1], [0, 0, 0, 0, 0, 0, 0, 0], [0, 0, 0, 0, 0, 0, 0, 0]]",0.072
1928,0.01,6,"[[0.15, 0.2, 0.21, 0.14, 0.15, 0.21, 0.2], [0.1, 0.12, 0.15, 0.05, 0.19, 0.19, 0.19], [0.2, 0.18, 0.22, 0.07, 0.23, 0.17, 0.15], [0.25, 0.17, 0.14, 0.07, 0.06, 0.14, 0.21]]",0.13,0.19,97,"[0.33, 0.32, 0.13, 0.22]","[[0, 0, 1, 0, 2, 0, 3, 0], [0, 0, 0, 0, 0, 0, 0, 0], [0, 0, 0, 0, 0, 0, 0, 0], [0, 0, 0, 0, 0, 0, 0, 0]]",0.072
1929,0.01,5,"[[0.08, 0.23, 0.11, 0.15, 0.14, 0.16, 0.07], [0.19, 0.17, 0.09, 0.16, 0.14, 0.09, 0.03], [0.13, 0.11, 0.24, 0.17, 0.14, 0.06, 0.15], [0.09, 0.17, 0.09, 0.17, 0.19, 0.1, 0.17]]",0.13,0.19,97,"[0.01, 0.02, 0.11, 0.86]","[[0, 0, 0, 0, 0, 0, 0, 0], [0, 0, 0, 0, 0, 0, 0, 0], [0, 0, 0, 0, 0, 0, 0, 0], [0, 1, 0, 2, 0, 3, 0, 0]]",0.072
1930,0.01,1,"[[6.2, 4.19, 3.44, 8.27, 6.51, 4.65, 4.01], [2.89, 4.13, 4.82, 8.89, 9.25, 0.96, 6.04], [8.8, 2.84, 4.5, 4.81, 3.19, 0.46, 7.31], [5.12, 1.87, 1.91, 7.0, 2.08, 5.06, 2.86]]",5.0,2.89,97,"[0.15, 0.21, 0.3, 0.34]","[[0, 0, 0, 0, 0, 0, 0, 0], [0, 3, 0, 0, 0, 0, 0, 0], [0, 4, 0, 0, 0, 0, 0, 0], [0, 1, 0, 2, 0, 0, 0, 0]]",2.994
1931,0.01,5,"[[0.95, 2.78, 3.25, 5.38, 7.09, 3.77, 4.83], [7.13, 8.96, 5.39, 2.27, 8.34, 7.96, 4.55], [9.77, 5.61, 8.97, 8.09, 6.52, 2.37, 9.08], [8.52, 1.84, 1.06, 3.62, 0.7, 3.27, 0.14]]",5.0,7.09,97,"[0.85, 0.07, 0.07, 0.01]","[[0, 7, 1, 2, 6, 3, 5, 4], [0, 0, 0, 0, 0, 0, 0, 0], [0, 0, 0, 0, 0, 0, 0, 0], [0, 0, 0, 0, 0, 0, 0, 0]]",2.994
1932,0.01,1,"[[1.63, 4.7, 3.32, 2.64, 8.47, 3.24, 4.54], [8.67, 5.47, 1.74, 1.77, 1.06, 7.43, 3.25], [4.05, 4.33, 1.96, 6.68, 6.28, 9.52, 7.64], [3.95, 5.24, 1.85, 2.91, 0.64, 2.21, 1.85]]",5.0,8.67,97,"[0.05, 0.89, 0.05, 0.01]","[[0, 0, 0, 0, 0, 0, 0, 0], [0, 1, 5, 2, 6, 3, 7, 4], [0, 0, 0, 0, 0, 0, 0, 0], [0, 0, 0, 0, 0, 0, 0, 0]]",2.994
1933,0.01,3,"[[2.88, 2.6, 7.89, 4.77, 7.12, 4.23, 2.87], [3.29, 2.97, 3.82, 9.51, 9.45, 8.27, 5.42], [3.22, 3.81, 4.18, 2.52, 3.48, 3.16, 9.41], [1.89, 5.73, 6.1, 1.69, 4.58, 1.23, 3.5]]",5.0,3.82,97,"[0.2, 0.16, 0.26, 0.38]","[[0, 0, 0, 0, 0, 0, 0, 0], [0, 0, 0, 0, 0, 0, 0, 0], [0, 0, 0, 0, 0, 0, 0, 0], [0, 1, 2, 6, 3, 5, 4, 0]]",2.994
1934,0.01,5,"[[5.16, 3.84, 2.97, 6.89, 7.92, 3.02, 6.81], [6.93, 3.64, 5.33, 8.47, 3.82, 8.88, 7.83], [4.51, 5.38, 9.21, 3.79, 4.77, 9.29, 4.59], [3.55, 8.48, 4.66, 2.28, 3.95, 2.95, 5.67]]",5.0,7.92,97,"[0.86, 0.08, 0.05, 0.01]","[[0, 1, 2, 3, 4, 5, 7, 6], [0, 0, 0, 0, 0, 0, 0, 0], [0, 0, 0, 0, 0, 0, 0, 0], [0, 0, 0, 0, 0, 0, 0, 0]]",2.994
1935,0.01,4,"[[5.93, 4.61, 6.44, 6.58, 0.77, 6.66, 0.58], [1.24, 4.91, 5.63, 0.45, 3.38, 4.94, 3.12], [7.83, 1.4, 2.04, 7.87, 6.09, 6.31, 5.4], [6.34, 6.33, 4.75, 6.81, 8.3, 6.3, 9.27]]",5.0,7.87,97,"[0.01, 0.1, 0.87, 0.02]","[[0, 0, 0, 0, 0, 0, 0, 0], [0, 0, 0, 0, 0, 0, 0, 0], [0, 1, 3, 2, 5, 4, 6, 7], [0, 0, 0, 0, 0, 0, 0, 0]]",2.994
1936,0.01,2,"[[5.92, 9.68, 5.15, 2.59, 5.89, 7.38, 2.85], [1.22, 5.64, 6.3, 3.82, 9.13, 6.51, 3.36], [6.72, 1.0, 8.86, 8.25, 8.82, 6.13, 4.12], [7.5, 7.75, 5.39, 3.9, 7.48, 3.23, 1.98]]",5.0,5.64,97,"[0.3, 0.17, 0.24, 0.29]","[[0, 1, 2, 0, 0, 0, 0, 0], [0, 7, 3, 0, 0, 0, 0, 0], [0, 6, 5, 0, 0, 0, 0, 0], [0, 8, 4, 0, 0, 0, 0, 0]]",2.994
1937,0.01,2,"[[5.12, 1.51, 5.2, 6.71, 2.69, 8.45, 7.56], [1.26, 6.81, 6.02, 6.85, 3.83, 2.04, 5.15], [0.77, 1.29, 6.67, 1.6, 1.63, 0.54, 0.89], [4.2, 5.58, 3.29, 3.97, 3.54, 6.37, 4.95]]",5.0,1.51,97,"[0.21, 0.27, 0.19, 0.33]","[[0, 0, 0, 0, 0, 0, 0, 0], [0, 1, 3, 5, 0, 0, 0, 0], [0, 0, 0, 0, 0, 0, 0, 0], [0, 2, 4, 6, 0, 0, 0, 0]]",2.994
1938,0.01,3,"[[2.09, 7.52, 9.74, 6.72, 2.88, 5.9, 5.87], [6.25, 4.49, 6.66, 2.68, 2.62, 7.58, 4.86], [0.33, 4.49, 3.44, 6.0, 4.73, 0.87, 2.63], [7.63, 1.46, 3.24, 5.72, 7.53, 7.25, 3.01]]",5.0,3.24,97,"[0.34, 0.23, 0.2, 0.23]","[[0, 1, 0, 2, 6, 0, 0, 0], [0, 0, 0, 3, 0, 0, 0, 0], [0, 0, 0, 0, 5, 0, 0, 0], [0, 0, 0, 4, 0, 0, 0, 0]]",2.994
1939,0.01,3,"[[7.04, 7.27, 1.99, 4.87, 6.53, 6.34, 1.47], [5.29, 2.16, 9.06, 4.67, 7.92, 5.41, 7.56], [6.95, 5.35, 1.7, 4.81, 6.84, 1.21, 8.92], [6.63, 5.53, 4.35, 1.42, 5.69, 5.92, 4.12]]",5.0,9.06,97,"[0.07, 0.87, 0.03, 0.03]","[[0, 0, 0, 0, 0, 0, 0, 0], [0, 1, 2, 3, 4, 5, 6, 7], [0, 0, 0, 0, 0, 0, 0, 0], [0, 0, 0, 0, 0, 0, 0, 0]]",2.994
1940,0.0,2,"[[3.89, 7.03, 1.42, 3.85, 5.57, 3.85, 2.09], [1.42, 3.42, 3.49, 1.78, 8.76, 8.52, 6.88], [3.98, 7.53, 6.94, 2.68, 5.16, 4.6, 0.82], [7.43, 7.31, 6.36, 5.75, 9.0, 9.88, 3.78]]",5.0,7.03,98,"[0.86, 0.01, 0.02, 0.11]","[[0, 1, 2, 3, 4, 5, 6, 7], [0, 0, 0, 0, 0, 0, 0, 0], [0, 15, 16, 0, 17, 18, 19, 20], [0, 8, 9, 10, 11, 12, 13, 14]]",2.994
1941,0.0,4,"[[8.02, 3.92, 3.11, 4.49, 4.13, 7.86, 3.71], [5.5, 3.12, 4.78, 4.63, 5.83, 9.55, 5.01], [6.87, 6.07, 1.32, 5.58, 8.22, 5.74, 5.54], [4.62, 3.36, 5.75, 5.59, 2.34, 1.7, 6.64]]",5.0,4.49,98,"[0.25, 0.27, 0.24, 0.24]","[[0, 8, 9, 10, 11, 12, 13, 14], [0, 1, 2, 3, 4, 5, 6, 7], [0, 22, 23, 24, 25, 26, 27, 28], [0, 15, 16, 17, 18, 19, 20, 21]]",2.994
1942,0.0,1,"[[1.63, 4.7, 3.32, 2.64, 8.47, 3.24, 4.54], [8.67, 5.47, 1.74, 1.77, 1.06, 7.43, 3.25], [4.05, 4.33, 1.96, 6.68, 6.28, 9.52, 7.64], [3.95, 5.24, 1.85, 2.91, 0.64, 2.21, 1.85]]",5.0,8.67,98,"[0.05, 0.89, 0.05, 0.01]","[[0, 8, 9, 10, 11, 12, 13, 14], [0, 1, 2, 3, 4, 5, 6, 7], [0, 15, 16, 17, 18, 19, 20, 21], [0, 22, 23, 24, 25, 26, 27, 28]]",2.994
1943,0.0,1,"[[1.32, 1.79, 4.74, 6.52, 9.55, 1.49, 3.36], [2.67, 2.3, 3.39, 7.85, 3.89, 7.4, 8.55], [4.18, 0.46, 4.32, 2.27, 3.18, 8.62, 2.94], [6.02, 2.09, 4.16, 3.95, 2.34, 3.36, 2.27]]",5.0,6.02,98,"[0.16, 0.11, 0.34, 0.39]","[[0, 1, 2, 3, 4, 5, 6, 7], [0, 17, 18, 19, 21, 24, 28, 27], [0, 15, 16, 20, 22, 23, 25, 26], [0, 14, 13, 12, 11, 10, 9, 8]]",2.994
1944,0.0,1,"[[7.74, 3.22, 6.43, 3.71, 7.81, 4.87, 5.0], [6.79, 7.24, 2.38, 4.86, 3.87, 6.17, 4.92], [3.15, 9.58, 2.44, 5.2, 8.45, 2.58, 2.29], [4.2, 1.81, 5.9, 9.47, 8.69, 2.45, 6.94]]",5.0,4.2,98,"[0.15, 0.38, 0.14, 0.33]","[[0, 15, 16, 17, 18, 19, 20, 21], [0, 1, 2, 3, 4, 5, 6, 7], [0, 28, 27, 26, 25, 23, 24, 22], [0, 14, 13, 12, 11, 10, 9, 8]]",2.994
1945,0.0,4,"[[5.63, 2.91, 6.84, 6.5, 2.65, 5.91, 4.09], [5.16, 0.83, 2.41, 5.99, 6.15, 3.67, 6.12], [5.67, 9.08, 3.93, 7.57, 5.62, 2.51, 2.61], [4.59, 1.2, 4.42, 1.16, 8.17, 8.27, 1.11]]",5.0,1.16,98,"[0.14, 0.34, 0.35, 0.17]","[[0, 22, 23, 24, 25, 26, 27, 28], [0, 14, 13, 12, 11, 10, 9, 8], [0, 1, 2, 3, 4, 5, 6, 7], [0, 15, 16, 17, 18, 19, 20, 21]]",2.994
1946,0.0,4,"[[7.11, 5.78, 4.85, 4.33, 7.33, 7.89, 5.26], [5.95, 7.87, 3.44, 7.0, 6.97, 5.22, 6.26], [3.72, 9.35, 7.04, 6.38, 7.42, 6.47, 5.89], [5.94, 4.84, 1.39, 4.52, 3.41, 2.82, 3.73]]",5.0,4.52,98,"[0.33, 0.2, 0.24, 0.23]","[[0, 1, 2, 3, 4, 5, 6, 7], [0, 22, 23, 24, 25, 26, 27, 28], [0, 8, 9, 10, 11, 12, 13, 14], [0, 21, 20, 19, 18, 17, 16, 15]]",2.994
1947,0.0,7,"[[0.94, 9.58, 9.58, 1.68, 3.99, 3.26, 9.98], [7.2, 6.69, 3.6, 6.35, 1.28, 0.52, 9.84], [4.59, 4.33, 3.41, 2.69, 0.89, 3.28, 2.91], [7.61, 5.48, 8.81, 6.78, 0.6, 7.91, 3.87]]",5.0,9.84,98,"[0.01, 0.89, 0.08, 0.02]","[[0, 14, 13, 12, 11, 10, 9, 8], [0, 1, 2, 3, 4, 5, 6, 7], [0, 15, 16, 17, 18, 19, 20, 21], [0, 28, 27, 26, 25, 24, 23, 22]]",2.994
1948,0.0,5,"[[5.16, 3.84, 2.97, 6.89, 7.92, 3.02, 6.81], [6.93, 3.64, 5.33, 8.47, 3.82, 8.88, 7.83], [4.51, 5.38, 9.21, 3.79, 4.77, 9.29, 4.59], [3.55, 8.48, 4.66, 2.28, 3.95, 2.95, 5.67]]",5.0,3.82,98,"[0.86, 0.08, 0.05, 0.01]","[[0, 1, 2, 3, 4, 5, 6, 7], [0, 14, 13, 12, 11, 10, 9, 8], [0, 15, 16, 17, 18, 19, 20, 21], [0, 28, 26, 27, 25, 24, 23, 22]]",2.994
1949,0.0,3,"[[7.04, 7.27, 1.99, 4.87, 6.53, 6.34, 1.47], [5.29, 2.16, 9.06, 4.67, 7.92, 5.41, 7.56], [6.95, 5.35, 1.7, 4.81, 6.84, 1.21, 8.92], [6.63, 5.53, 4.35, 1.42, 5.69, 5.92, 4.12]]",5.0,9.06,98,"[0.07, 0.87, 0.03, 0.03]","[[0, 14, 13, 12, 11, 10, 9, 8], [0, 1, 2, 3, 5, 4, 6, 7], [0, 15, 16, 17, 18, 19, 20, 22], [0, 28, 27, 26, 25, 23, 24, 21]]",2.994
1950,0.0,4,"[[0.2, 0.21, 0.23, 0.23, 0.18, 0.14, 0.22], [0.2, 0.22, 0.22, 0.25, 0.05, 0.12, 0.09], [0.02, 0.05, 0.07, 0.23, 0.14, 0.19, 0.02], [0.12, 0.1, 0.13, 0.23, 0.18, 0.06, 0.24]]",0.13,0.23,98,"[0.08, 0.03, 0.87, 0.02]","[[0, 1, 2, 17, 18, 0, 0, 0], [0, 16, 15, 14, 13, 12, 11, 10], [0, 3, 4, 5, 6, 7, 8, 9], [0, 0, 0, 0, 0, 0, 0, 0]]",0.072
1951,0.0,6,"[[0.14, 0.12, 0.08, 0.02, 0.14, 0.19, 0.09], [0.2, 0.01, 0.13, 0.03, 0.11, 0.06, 0.23], [0.19, 0.12, 0.16, 0.15, 0.16, 0.07, 0.21], [0.09, 0.14, 0.24, 0.12, 0.1, 0.2, 0.16]]",0.13,0.2,98,"[0.36, 0.17, 0.12, 0.35]","[[0, 1, 2, 3, 4, 5, 6, 7], [0, 15, 16, 17, 18, 19, 20, 21], [0, 28, 27, 26, 25, 24, 23, 22], [0, 14, 13, 12, 11, 10, 9, 8]]",0.072
1952,0.0,3,"[[0.14, 0.16, 0.16, 0.21, 0.14, 0.04, 0.08], [0.06, 0.2, 0.17, 0.04, 0.15, 0.07, 0.15], [0.13, 0.19, 0.14, 0.02, 0.08, 0.23, 0.1], [0.15, 0.03, 0.13, 0.07, 0.13, 0.07, 0.19]]",0.13,0.17,98,"[0.26, 0.28, 0.24, 0.22]","[[0, 1, 2, 7, 3, 4, 5, 6], [0, 8, 9, 10, 11, 12, 13, 14], [0, 21, 20, 19, 18, 17, 16, 15], [0, 22, 23, 24, 25, 27, 26, 28]]",0.072
1953,0.0,1,"[[0.11, 0.13, 0.2, 0.15, 0.12, 0.07, 0.12], [0.17, 0.14, 0.08, 0.03, 0.14, 0.12, 0.21], [0.15, 0.05, 0.06, 0.08, 0.07, 0.16, 0.13], [0.11, 0.11, 0.13, 0.18, 0.08, 0.12, 0.15]]",0.13,0.15,98,"[0.11, 0.38, 0.34, 0.17]","[[0, 22, 23, 24, 0, 0, 0, 0], [0, 1, 2, 3, 4, 5, 6, 7], [0, 14, 13, 12, 11, 10, 9, 8], [0, 15, 16, 17, 21, 18, 19, 20]]",0.072
1954,0.0,5,"[[0.15, 0.17, 0.12, 0.06, 0.06, 0.22, 0.15], [0.19, 0.17, 0.21, 0.18, 0.06, 0.19, 0.04], [0.07, 0.13, 0.08, 0.09, 0.18, 0.11, 0.12], [0.16, 0.1, 0.02, 0.11, 0.21, 0.13, 0.19]]",0.13,0.21,98,"[0.09, 0.05, 0.01, 0.85]","[[0, 28, 27, 26, 25, 24, 23, 22], [0, 15, 16, 17, 18, 19, 20, 21], [0, 14, 13, 12, 11, 10, 9, 8], [0, 1, 2, 3, 4, 5, 6, 7]]",0.072
1955,0.0,5,"[[0.23, 0.06, 0.08, 0.13, 0.11, 0.05, 0.11], [0.17, 0.17, 0.17, 0.13, 0.09, 0.2, 0.07], [0.21, 0.11, 0.17, 0.05, 0.13, 0.11, 0.17], [0.16, 0.02, 0.2, 0.19, 0.23, 0.13, 0.13]]",0.13,0.09,98,"[0.24, 0.22, 0.21, 0.33]","[[0, 28, 27, 26, 25, 24, 23, 22], [0, 15, 16, 17, 18, 19, 20, 21], [0, 14, 13, 12, 11, 9, 10, 8], [0, 1, 2, 3, 4, 5, 6, 7]]",0.072
1956,0.0,6,"[[0.18, 0.08, 0.04, 0.19, 0.05, 0.05, 0.16], [0.09, 0.22, 0.23, 0.17, 0.13, 0.24, 0.18], [0.21, 0.2, 0.1, 0.14, 0.11, 0.11, 0.19], [0.23, 0.14, 0.16, 0.18, 0.12, 0.18, 0.03]]",0.13,0.24,98,"[0.02, 0.92, 0.02, 0.04]","[[0, 22, 23, 24, 25, 26, 27, 28], [0, 1, 2, 3, 4, 5, 6, 7], [0, 21, 20, 19, 18, 17, 16, 15], [0, 8, 9, 10, 11, 12, 13, 14]]",0.072
1957,0.0,3,"[[0.15, 0.08, 0.16, 0.16, 0.12, 0.04, 0.13], [0.17, 0.17, 0.2, 0.1, 0.06, 0.16, 0.12], [0.04, 0.25, 0.2, 0.11, 0.04, 0.11, 0.24], [0.15, 0.14, 0.05, 0.11, 0.22, 0.22, 0.2]]",0.13,0.2,98,"[0.01, 0.89, 0.09, 0.01]","[[0, 28, 27, 26, 25, 24, 23, 22], [0, 1, 2, 3, 5, 4, 6, 7], [0, 14, 13, 12, 11, 10, 9, 8], [0, 15, 16, 17, 18, 19, 20, 21]]",0.072
1958,0.0,3,"[[0.22, 0.12, 0.18, 0.2, 0.04, 0.04, 0.16], [0.19, 0.18, 0.17, 0.17, 0.18, 0.2, 0.15], [0.03, 0.13, 0.18, 0.12, 0.17, 0.16, 0.08], [0.21, 0.09, 0.16, 0.11, 0.25, 0.1, 0.16]]",0.13,0.16,98,"[0.34, 0.12, 0.22, 0.32]","[[0, 1, 2, 3, 4, 5, 6, 7], [0, 22, 23, 24, 25, 26, 27, 28], [0, 15, 16, 18, 17, 19, 20, 21], [0, 14, 13, 11, 12, 10, 9, 8]]",0.072
1959,0.0,2,"[[0.06, 0.22, 0.11, 0.12, 0.13, 0.09, 0.18], [0.2, 0.17, 0.05, 0.09, 0.17, 0.16, 0.24], [0.14, 0.03, 0.23, 0.14, 0.04, 0.13, 0.18], [0.16, 0.1, 0.17, 0.16, 0.14, 0.04, 0.05]]",0.13,0.22,98,"[0.87, 0.02, 0.1, 0.01]","[[0, 1, 2, 3, 4, 5, 6, 7], [0, 14, 13, 12, 11, 9, 10, 8], [0, 15, 16, 17, 18, 19, 20, 21], [0, 28, 27, 26, 25, 24, 22, 23]]",0.072
1960,0.01,7,"[[3.95, 8.96, 8.28, 6.18, 7.02, 4.65, 4.21], [7.39, 4.82, 4.44, 1.73, 7.35, 9.66, 2.04], [6.67, 2.62, 2.43, 7.24, 6.32, 7.33, 5.82], [4.75, 4.96, 2.68, 1.71, 6.22, 1.58, 9.11]]",5.0,9.11,99,"[0.25, 0.24, 0.28, 0.23]","[[0, 0, 0, 0, 0, 0, 5, 7], [0, 0, 1, 0, 0, 0, 3, 0], [0, 0, 0, 0, 0, 0, 0, 6], [0, 0, 0, 0, 2, 0, 4, 8]]",2.994
1961,0.01,7,"[[6.26, 0.19, 5.42, 8.23, 3.15, 1.79, 3.82], [4.19, 3.39, 2.75, 9.2, 5.7, 3.44, 3.56], [5.45, 5.72, 8.61, 4.63, 8.16, 8.36, 7.19], [3.14, 2.27, 7.83, 9.11, 0.69, 3.38, 9.35]]",5.0,9.35,99,"[0.1, 0.01, 0.01, 0.88]","[[0, 0, 0, 0, 0, 0, 0, 0], [0, 0, 0, 0, 0, 0, 0, 0], [0, 0, 0, 0, 0, 0, 0, 0], [0, 1, 2, 3, 4, 5, 6, 7]]",2.994
1962,0.01,5,"[[2.88, 2.6, 7.89, 4.77, 7.12, 4.23, 2.87], [3.29, 2.97, 3.82, 9.51, 9.45, 8.27, 5.42], [3.22, 3.81, 4.18, 2.52, 3.48, 3.16, 9.41], [1.89, 5.73, 6.1, 1.69, 4.58, 1.23, 3.5]]",5.0,4.58,99,"[0.2, 0.16, 0.26, 0.38]","[[0, 0, 13, 11, 0, 14, 0, 0], [0, 0, 0, 12, 0, 15, 0, 0], [0, 0, 8, 10, 0, 9, 0, 0], [0, 1, 2, 3, 4, 5, 6, 7]]",2.994
1963,0.01,3,"[[7.04, 7.27, 1.99, 4.87, 6.53, 6.34, 1.47], [5.29, 2.16, 9.06, 4.67, 7.92, 5.41, 7.56], [6.95, 5.35, 1.7, 4.81, 6.84, 1.21, 8.92], [6.63, 5.53, 4.35, 1.42, 5.69, 5.92, 4.12]]",5.0,9.06,99,"[0.07, 0.87, 0.03, 0.03]","[[0, 0, 0, 0, 0, 0, 0, 0], [0, 1, 2, 3, 4, 5, 6, 7], [0, 0, 0, 0, 0, 0, 0, 0], [0, 0, 0, 0, 0, 0, 0, 0]]",2.994
1964,0.01,6,"[[3.4, 2.14, 9.33, 2.59, 4.55, 1.09, 2.85], [2.69, 7.17, 4.91, 8.03, 6.07, 6.49, 2.28], [2.24, 5.15, 4.83, 2.39, 2.78, 7.43, 5.61], [3.01, 5.69, 6.66, 3.22, 3.6, 8.48, 3.28]]",5.0,7.43,99,"[0.07, 0.01, 0.9, 0.02]","[[0, 0, 0, 0, 0, 0, 0, 0], [0, 0, 0, 0, 0, 0, 0, 0], [0, 1, 2, 3, 4, 5, 6, 7], [0, 0, 0, 0, 0, 0, 0, 0]]",2.994
1965,0.01,5,"[[5.77, 3.99, 6.61, 4.81, 8.16, 4.87, 2.84], [5.38, 5.12, 5.88, 4.67, 7.45, 7.64, 1.41], [2.86, 1.79, 4.9, 7.89, 6.3, 3.05, 5.2], [5.28, 6.58, 1.34, 2.2, 4.69, 6.92, 5.01]]",5.0,8.16,99,"[0.34, 0.23, 0.11, 0.32]","[[0, 1, 2, 3, 4, 5, 6, 7], [0, 12, 0, 0, 0, 13, 0, 0], [0, 11, 0, 0, 0, 14, 0, 0], [0, 10, 0, 9, 0, 8, 0, 0]]",2.994
1966,0.01,5,"[[7.11, 5.78, 4.85, 4.33, 7.33, 7.89, 5.26], [5.95, 7.87, 3.44, 7.0, 6.97, 5.22, 6.26], [3.72, 9.35, 7.04, 6.38, 7.42, 6.47, 5.89], [5.94, 4.84, 1.39, 4.52, 3.41, 2.82, 3.73]]",5.0,7.33,99,"[0.33, 0.2, 0.24, 0.23]","[[0, 1, 2, 3, 4, 5, 6, 7], [0, 0, 0, 0, 0, 11, 12, 0], [0, 9, 0, 0, 0, 10, 8, 0], [0, 0, 0, 0, 0, 14, 13, 0]]",2.994
1967,0.01,4,"[[7.32, 4.38, 4.99, 7.76, 5.0, 5.94, 2.36], [8.4, 3.61, 8.45, 4.23, 7.02, 4.36, 9.23], [1.69, 3.23, 3.54, 3.86, 3.72, 2.06, 0.61], [7.94, 7.02, 6.73, 4.28, 8.5, 0.13, 2.63]]",5.0,7.76,99,"[0.85, 0.03, 0.11, 0.01]","[[0, 1, 2, 3, 4, 5, 6, 7], [0, 0, 0, 0, 0, 0, 0, 0], [0, 0, 0, 0, 0, 0, 0, 0], [0, 0, 0, 0, 0, 0, 0, 0]]",2.994
1968,0.01,3,"[[3.74, 4.35, 1.03, 5.02, 2.48, 7.72, 3.91], [9.52, 3.82, 4.46, 2.55, 5.65, 6.25, 0.76], [2.96, 5.49, 2.32, 7.63, 0.35, 8.21, 6.51], [4.09, 2.1, 9.56, 8.08, 0.89, 1.16, 4.1]]",5.0,9.56,99,"[0.04, 0.08, 0.02, 0.86]","[[0, 0, 0, 0, 0, 0, 0, 0], [0, 0, 0, 0, 0, 0, 0, 0], [0, 0, 0, 0, 0, 0, 0, 0], [0, 1, 2, 3, 4, 5, 6, 7]]",2.994
1969,0.01,1,"[[7.74, 3.22, 6.43, 3.71, 7.81, 4.87, 5.0], [6.79, 7.24, 2.38, 4.86, 3.87, 6.17, 4.92], [3.15, 9.58, 2.44, 5.2, 8.45, 2.58, 2.29], [4.2, 1.81, 5.9, 9.47, 8.69, 2.45, 6.94]]",5.0,4.2,99,"[0.15, 0.38, 0.14, 0.33]","[[0, 12, 0, 0, 0, 0, 0, 0], [0, 1, 2, 3, 4, 5, 6, 7], [0, 11, 0, 0, 0, 0, 0, 0], [0, 9, 8, 0, 0, 0, 10, 0]]",2.994
1970,0.01,4,"[[0.21, 0.14, 0.05, 0.18, 0.12, 0.1, 0.15], [0.03, 0.07, 0.04, 0.14, 0.13, 0.15, 0.2], [0.05, 0.14, 0.08, 0.16, 0.04, 0.13, 0.08], [0.19, 0.12, 0.09, 0.06, 0.18, 0.05, 0.09]]",0.13,0.16,99,"[0.01, 0.02, 0.88, 0.09]","[[0, 0, 0, 0, 0, 0, 0, 0], [0, 0, 0, 0, 0, 0, 0, 0], [0, 1, 2, 3, 4, 5, 6, 7], [0, 0, 0, 0, 0, 0, 0, 0]]",0.072
1971,0.01,2,"[[0.1, 0.22, 0.11, 0.07, 0.15, 0.15, 0.08], [0.22, 0.14, 0.05, 0.13, 0.2, 0.14, 0.2], [0.02, 0.25, 0.2, 0.08, 0.15, 0.02, 0.07], [0.11, 0.1, 0.17, 0.14, 0.2, 0.08, 0.11]]",0.13,0.1,99,"[0.87, 0.08, 0.02, 0.03]","[[0, 1, 7, 2, 6, 3, 5, 4], [0, 0, 0, 0, 0, 0, 0, 0], [0, 0, 0, 0, 0, 0, 0, 0], [0, 0, 0, 0, 0, 0, 0, 0]]",0.072
1972,0.01,4,"[[0.2, 0.14, 0.16, 0.12, 0.21, 0.18, 0.23], [0.06, 0.09, 0.16, 0.16, 0.14, 0.12, 0.15], [0.23, 0.08, 0.17, 0.11, 0.04, 0.14, 0.15], [0.06, 0.12, 0.16, 0.23, 0.08, 0.11, 0.15]]",0.13,0.12,99,"[0.33, 0.18, 0.11, 0.38]","[[0, 0, 0, 0, 0, 0, 0, 0], [0, 0, 0, 0, 0, 0, 0, 0], [0, 0, 0, 0, 0, 0, 0, 0], [0, 1, 2, 3, 4, 5, 6, 7]]",0.072
1973,0.01,2,"[[0.01, 0.19, 0.1, 0.03, 0.13, 0.15, 0.13], [0.17, 0.18, 0.07, 0.17, 0.17, 0.12, 0.12], [0.11, 0.17, 0.18, 0.22, 0.08, 0.06, 0.07], [0.12, 0.02, 0.07, 0.16, 0.17, 0.14, 0.04]]",0.13,0.17,99,"[0.3, 0.29, 0.13, 0.28]","[[0, 1, 2, 3, 4, 5, 6, 7], [0, 0, 8, 0, 0, 0, 0, 0], [0, 0, 0, 0, 0, 0, 0, 0], [0, 0, 9, 0, 0, 0, 0, 0]]",0.072
1974,0.01,6,"[[0.15, 0.2, 0.21, 0.14, 0.15, 0.21, 0.2], [0.1, 0.12, 0.15, 0.05, 0.19, 0.19, 0.19], [0.2, 0.18, 0.22, 0.07, 0.23, 0.17, 0.15], [0.25, 0.17, 0.14, 0.07, 0.06, 0.14, 0.21]]",0.13,0.21,99,"[0.33, 0.32, 0.13, 0.22]","[[0, 1, 2, 3, 4, 5, 6, 7], [0, 0, 9, 10, 0, 11, 8, 12], [0, 0, 0, 0, 0, 0, 0, 0], [0, 0, 0, 0, 0, 0, 0, 0]]",0.072
1975,0.01,3,"[[0.15, 0.06, 0.09, 0.11, 0.16, 0.04, 0.14], [0.13, 0.19, 0.06, 0.21, 0.14, 0.09, 0.14], [0.16, 0.13, 0.11, 0.14, 0.1, 0.12, 0.12], [0.2, 0.09, 0.2, 0.06, 0.12, 0.09, 0.16]]",0.13,0.11,99,"[0.08, 0.04, 0.87, 0.01]","[[0, 0, 0, 0, 0, 0, 0, 0], [0, 0, 0, 0, 0, 0, 0, 0], [0, 0, 0, 0, 0, 0, 0, 0], [0, 0, 0, 0, 0, 0, 0, 0]]",0.072
1976,0.01,6,"[[0.18, 0.08, 0.04, 0.19, 0.05, 0.05, 0.16], [0.09, 0.22, 0.23, 0.17, 0.13, 0.24, 0.18], [0.21, 0.2, 0.1, 0.14, 0.11, 0.11, 0.19], [0.23, 0.14, 0.16, 0.18, 0.12, 0.18, 0.03]]",0.13,0.24,99,"[0.02, 0.92, 0.02, 0.04]","[[0, 0, 0, 0, 0, 0, 0, 0], [0, 1, 2, 3, 4, 5, 6, 7], [0, 0, 0, 0, 0, 0, 0, 0], [0, 0, 0, 0, 0, 0, 0, 0]]",0.072
1977,0.01,3,"[[0.12, 0.04, 0.15, 0.03, 0.12, 0.21, 0.16], [0.15, 0.15, 0.1, 0.11, 0.22, 0.11, 0.06], [0.06, 0.07, 0.19, 0.11, 0.05, 0.07, 0.16], [0.05, 0.12, 0.14, 0.09, 0.12, 0.13, 0.02]]",0.13,0.19,99,"[0.04, 0.05, 0.89, 0.02]","[[0, 0, 0, 0, 0, 0, 0, 0], [0, 0, 0, 0, 0, 0, 0, 0], [0, 1, 2, 3, 4, 5, 7, 6], [0, 0, 0, 0, 0, 0, 0, 0]]",0.072
1978,0.01,4,"[[0.1, 0.1, 0.03, 0.13, 0.2, 0.08, 0.11], [0.08, 0.05, 0.11, 0.15, 0.22, 0.2, 0.17], [0.16, 0.24, 0.08, 0.04, 0.05, 0.19, 0.14], [0.1, 0.18, 0.15, 0.14, 0.18, 0.07, 0.19]]",0.13,0.15,99,"[0.36, 0.26, 0.19, 0.19]","[[0, 0, 0, 0, 0, 0, 0, 0], [0, 0, 0, 0, 0, 0, 0, 0], [0, 0, 0, 0, 0, 0, 0, 0], [0, 0, 0, 0, 0, 0, 0, 0]]",0.072
1979,0.01,6,"[[0.12, 0.17, 0.14, 0.13, 0.11, 0.07, 0.23], [0.21, 0.03, 0.18, 0.17, 0.22, 0.07, 0.12], [0.06, 0.15, 0.14, 0.1, 0.11, 0.15, 0.22], [0.13, 0.03, 0.18, 0.17, 0.07, 0.25, 0.1]]",0.13,0.07,99,"[0.39, 0.18, 0.15, 0.28]","[[0, 0, 0, 0, 0, 0, 0, 0], [0, 0, 0, 0, 0, 0, 0, 0], [0, 0, 0, 0, 0, 0, 0, 0], [0, 0, 0, 0, 0, 0, 0, 0]]",0.072
1980,0.01,6,"[[0.08, 0.23, 0.11, 0.15, 0.14, 0.16, 0.07], [0.19, 0.17, 0.09, 0.16, 0.14, 0.09, 0.03], [0.13, 0.11, 0.24, 0.17, 0.14, 0.06, 0.15], [0.09, 0.17, 0.09, 0.17, 0.19, 0.1, 0.17]]",0.13,0.1,100,"[0.01, 0.02, 0.11, 0.86]","[[0, 0, 0, 0, 0, 0, 0, 0], [0, 0, 0, 0, 0, 0, 0, 0], [0, 0, 0, 0, 0, 0, 0, 0], [0, 1, 2, 3, 0, 0, 0, 0]]",0.072
1981,0.01,7,"[[0.11, 0.06, 0.11, 0.08, 0.17, 0.11, 0.11], [0.14, 0.12, 0.06, 0.14, 0.09, 0.14, 0.12], [0.04, 0.15, 0.09, 0.13, 0.15, 0.18, 0.21], [0.1, 0.08, 0.17, 0.08, 0.19, 0.13, 0.19]]",0.13,0.21,100,"[0.26, 0.2, 0.27, 0.27]","[[0, 0, 0, 0, 0, 0, 0, 0], [0, 0, 0, 0, 0, 0, 0, 0], [0, 0, 0, 0, 0, 0, 0, 0], [0, 0, 0, 0, 0, 0, 0, 0]]",0.072
1982,0.01,7,"[[0.11, 0.22, 0.08, 0.2, 0.14, 0.03, 0.13], [0.17, 0.02, 0.02, 0.09, 0.21, 0.16, 0.15], [0.09, 0.18, 0.16, 0.17, 0.05, 0.09, 0.1], [0.18, 0.05, 0.09, 0.19, 0.24, 0.18, 0.12]]",0.13,0.12,100,"[0.33, 0.18, 0.11, 0.38]","[[0, 0, 0, 0, 0, 0, 0, 0], [0, 0, 0, 0, 0, 0, 0, 0], [0, 0, 0, 0, 0, 0, 0, 0], [0, 0, 0, 0, 0, 0, 0, 0]]",0.072
1983,0.01,7,"[[0.1, 0.1, 0.17, 0.08, 0.04, 0.09, 0.12], [0.18, 0.07, 0.12, 0.15, 0.14, 0.22, 0.18], [0.17, 0.02, 0.06, 0.16, 0.1, 0.2, 0.19], [0.23, 0.18, 0.17, 0.22, 0.21, 0.09, 0.19]]",0.13,0.18,100,"[0.21, 0.32, 0.34, 0.13]","[[0, 0, 0, 0, 0, 0, 0, 0], [0, 0, 0, 0, 0, 0, 0, 0], [0, 0, 0, 0, 0, 0, 0, 0], [0, 0, 0, 0, 0, 0, 0, 0]]",0.072
1984,0.01,7,"[[0.02, 0.1, 0.05, 0.19, 0.09, 0.05, 0.06], [0.03, 0.12, 0.22, 0.08, 0.02, 0.07, 0.12], [0.18, 0.19, 0.1, 0.18, 0.18, 0.13, 0.15], [0.08, 0.17, 0.23, 0.11, 0.13, 0.16, 0.07]]",0.13,0.07,100,"[0.06, 0.06, 0.03, 0.85]","[[0, 0, 0, 0, 0, 0, 0, 0], [0, 0, 0, 0, 0, 0, 0, 0], [0, 0, 0, 0, 0, 0, 0, 0], [0, 0, 0, 0, 0, 0, 0, 0]]",0.072
1985,0.01,7,"[[0.14, 0.07, 0.05, 0.18, 0.03, 0.01, 0.18], [0.19, 0.23, 0.07, 0.1, 0.08, 0.19, 0.2], [0.17, 0.24, 0.03, 0.21, 0.19, 0.07, 0.21], [0.14, 0.09, 0.21, 0.08, 0.19, 0.05, 0.09]]",0.13,0.2,100,"[0.15, 0.26, 0.26, 0.33]","[[0, 0, 0, 0, 0, 0, 0, 0], [0, 0, 0, 0, 0, 0, 0, 0], [0, 0, 0, 0, 0, 0, 0, 0], [0, 0, 0, 0, 0, 0, 0, 0]]",0.072
1986,0.01,7,"[[0.21, 0.18, 0.18, 0.07, 0.17, 0.09, 0.08], [0.07, 0.09, 0.01, 0.16, 0.02, 0.06, 0.25], [0.21, 0.16, 0.24, 0.08, 0.24, 0.16, 0.09], [0.17, 0.08, 0.18, 0.24, 0.11, 0.09, 0.22]]",0.13,0.09,100,"[0.21, 0.27, 0.2, 0.32]","[[0, 0, 0, 0, 0, 0, 0, 0], [0, 0, 0, 0, 0, 0, 0, 0], [0, 0, 0, 0, 0, 0, 0, 0], [0, 0, 0, 0, 0, 0, 0, 0]]",0.072
1987,0.01,7,"[[0.16, 0.11, 0.08, 0.09, 0.11, 0.11, 0.06], [0.14, 0.14, 0.15, 0.18, 0.2, 0.23, 0.09], [0.09, 0.18, 0.2, 0.13, 0.05, 0.16, 0.07], [0.08, 0.02, 0.16, 0.15, 0.1, 0.09, 0.12]]",0.13,0.07,100,"[0.08, 0.02, 0.89, 0.01]","[[0, 0, 0, 0, 0, 0, 0, 0], [0, 0, 0, 0, 0, 0, 0, 0], [0, 0, 0, 0, 0, 0, 0, 0], [0, 0, 0, 0, 0, 0, 0, 0]]",0.072
1988,0.01,7,"[[0.06, 0.22, 0.11, 0.12, 0.13, 0.09, 0.18], [0.2, 0.17, 0.05, 0.09, 0.17, 0.16, 0.24], [0.14, 0.03, 0.23, 0.14, 0.04, 0.13, 0.18], [0.16, 0.1, 0.17, 0.16, 0.14, 0.04, 0.05]]",0.13,0.18,100,"[0.87, 0.02, 0.1, 0.01]","[[0, 0, 0, 0, 0, 0, 0, 0], [0, 0, 0, 0, 0, 0, 0, 0], [0, 0, 0, 0, 0, 0, 0, 0], [0, 0, 0, 0, 0, 0, 0, 0]]",0.072
1989,0.01,2,"[[0.02, 0.18, 0.09, 0.13, 0.07, 0.12, 0.08], [0.15, 0.12, 0.24, 0.14, 0.1, 0.01, 0.14], [0.2, 0.14, 0.24, 0.13, 0.22, 0.23, 0.18], [0.11, 0.21, 0.18, 0.07, 0.12, 0.14, 0.14]]",0.13,0.18,100,"[0.85, 0.02, 0.03, 0.1]","[[0, 3, 4, 2, 5, 1, 6, 7], [0, 0, 0, 0, 0, 0, 0, 0], [0, 0, 0, 0, 0, 0, 0, 0], [0, 0, 0, 0, 0, 0, 0, 0]]",0.072
1990,0.01,5,"[[3.95, 8.96, 8.28, 6.18, 7.02, 4.65, 4.21], [7.39, 4.82, 4.44, 1.73, 7.35, 9.66, 2.04], [6.67, 2.62, 2.43, 7.24, 6.32, 7.33, 5.82], [4.75, 4.96, 2.68, 1.71, 6.22, 1.58, 9.11]]",5.0,7.02,100,"[0.25, 0.24, 0.28, 0.23]","[[0, 1, 5, 9, 13, 17, 21, 25], [0, 2, 6, 10, 14, 18, 22, 26], [0, 3, 7, 11, 15, 19, 23, 27], [0, 4, 8, 12, 16, 20, 24, 28]]",2.994
1991,0.01,7,"[[7.29, 4.26, 4.93, 3.96, 3.34, 8.54, 6.49], [0.79, 3.44, 2.71, 8.71, 2.86, 7.09, 3.94], [9.61, 8.74, 7.3, 3.82, 1.83, 1.17, 5.37], [2.04, 1.98, 8.39, 1.63, 1.8, 1.97, 7.71]]",5.0,7.71,100,"[0.21, 0.28, 0.29, 0.22]","[[0, 1, 5, 9, 13, 14, 15, 16], [0, 2, 6, 10, 20, 19, 18, 17], [0, 3, 7, 11, 21, 22, 24, 23], [0, 4, 8, 12, 28, 27, 25, 26]]",2.994
1992,0.01,1,"[[4.36, 8.7, 5.94, 4.41, 8.37, 5.83, 0.58], [9.58, 2.24, 8.49, 4.24, 4.63, 4.53, 5.29], [6.08, 4.31, 5.59, 3.3, 3.91, 4.21, 4.74], [9.25, 5.33, 1.67, 7.75, 5.64, 2.81, 3.02]]",5.0,9.25,100,"[0.31, 0.27, 0.14, 0.28]","[[0, 1, 8, 9, 16, 17, 18, 19], [0, 2, 7, 10, 15, 26, 20, 22], [0, 3, 6, 11, 14, 27, 25, 21], [0, 4, 5, 12, 13, 28, 24, 23]]",2.994
1993,0.01,1,"[[7.91, 1.03, 5.87, 7.52, 6.88, 7.18, 6.1], [5.88, 5.55, 1.78, 3.0, 4.69, 4.52, 8.75], [5.71, 1.25, 6.22, 6.17, 8.38, 7.26, 4.32], [6.4, 8.88, 5.28, 4.23, 1.08, 0.7, 3.39]]",5.0,7.91,100,"[0.3, 0.18, 0.2, 0.32]","[[0, 1, 8, 9, 13, 17, 21, 25], [0, 2, 6, 10, 14, 18, 22, 26], [0, 3, 7, 11, 15, 19, 23, 27], [0, 4, 5, 12, 16, 20, 24, 28]]",2.994
1994,0.01,5,"[[4.41, 7.98, 5.03, 0.94, 6.07, 7.96, 3.08], [7.18, 6.38, 1.11, 4.77, 7.21, 4.82, 4.9], [5.63, 7.2, 7.79, 1.19, 2.56, 6.05, 3.13], [2.67, 2.05, 5.91, 4.15, 9.55, 4.46, 9.22]]",5.0,9.55,100,"[0.04, 0.02, 0.05, 0.89]","[[0, 1, 8, 9, 16, 17, 24, 25], [0, 2, 7, 10, 15, 18, 23, 26], [0, 3, 6, 11, 14, 19, 22, 27], [0, 4, 5, 12, 13, 20, 21, 28]]",2.994
1995,0.01,1,"[[6.19, 1.85, 1.16, 4.28, 2.66, 3.25, 7.93], [4.16, 3.03, 5.34, 3.93, 5.82, 4.05, 2.14], [6.53, 8.89, 6.73, 7.28, 2.75, 0.6, 4.09], [4.95, 6.55, 6.81, 6.9, 1.07, 2.2, 5.26]]",5.0,4.16,100,"[0.03, 0.86, 0.04, 0.07]","[[0, 8, 11, 14, 17, 20, 25, 26], [0, 1, 3, 2, 4, 5, 6, 7], [0, 9, 12, 15, 18, 21, 23, 28], [0, 10, 13, 16, 19, 22, 24, 27]]",2.994
1996,0.01,1,"[[1.63, 4.7, 3.32, 2.64, 8.47, 3.24, 4.54], [8.67, 5.47, 1.74, 1.77, 1.06, 7.43, 3.25], [4.05, 4.33, 1.96, 6.68, 6.28, 9.52, 7.64], [3.95, 5.24, 1.85, 2.91, 0.64, 2.21, 1.85]]",5.0,8.67,100,"[0.05, 0.89, 0.05, 0.01]","[[0, 8, 11, 14, 17, 20, 25, 26], [0, 1, 2, 3, 4, 5, 6, 7], [0, 9, 12, 15, 18, 21, 23, 27], [0, 10, 13, 16, 19, 22, 24, 28]]",2.994
1997,0.01,1,"[[7.17, 3.46, 5.58, 3.93, 3.7, 2.49, 5.53], [9.77, 5.93, 5.47, 2.25, 8.04, 7.17, 0.39], [7.48, 1.53, 5.91, 7.74, 1.59, 6.73, 3.86], [5.1, 6.8, 2.11, 7.09, 7.57, 6.62, 8.34]]",5.0,7.17,100,"[0.88, 0.05, 0.05, 0.02]","[[0, 1, 2, 3, 4, 5, 7, 6], [0, 8, 9, 10, 0, 0, 0, 0], [0, 11, 0, 0, 0, 0, 0, 0], [0, 12, 0, 0, 0, 0, 0, 0]]",2.994
1998,0.01,4,"[[6.26, 0.19, 5.42, 8.23, 3.15, 1.79, 3.82], [4.19, 3.39, 2.75, 9.2, 5.7, 3.44, 3.56], [5.45, 5.72, 8.61, 4.63, 8.16, 8.36, 7.19], [3.14, 2.27, 7.83, 9.11, 0.69, 3.38, 9.35]]",5.0,9.11,100,"[0.1, 0.01, 0.01, 0.88]","[[0, 0, 0, 16, 10, 0, 0, 13], [0, 0, 0, 15, 9, 0, 0, 12], [0, 0, 0, 14, 8, 0, 0, 11], [0, 2, 1, 3, 4, 5, 6, 7]]",2.994
1999,0.01,7,"[[3.55, 2.94, 0.08, 3.13, 2.15, 9.59, 4.77], [4.35, 5.83, 1.82, 2.79, 3.6, 4.35, 6.66], [4.91, 4.62, 9.06, 2.02, 4.04, 2.21, 7.62], [0.78, 5.9, 1.77, 4.45, 7.63, 4.39, 2.86]]",5.0,4.77,100,"[0.34, 0.11, 0.27, 0.28]","[[0, 1, 8, 9, 13, 17, 21, 25], [0, 2, 7, 10, 14, 18, 22, 26], [0, 3, 6, 11, 15, 19, 23, 27], [0, 4, 5, 12, 16, 20, 24, 28]]",2.994
2000,0.0,1,"[[0.06, 0.1, 0.22, 0.17, 0.09, 0.03, 0.08], [0.24, 0.07, 0.1, 0.11, 0.11, 0.15, 0.16], [0.04, 0.05, 0.2, 0.13, 0.03, 0.1, 0.19], [0.2, 0.09, 0.17, 0.15, 0.2, 0.1, 0.15]]",0.13,0.2,101,"[0.01, 0.1, 0.04, 0.85]","[[0, 0, 0, 0, 0, 0, 0, 0], [0, 9, 0, 0, 0, 8, 0, 0], [0, 0, 0, 0, 0, 0, 0, 0], [0, 1, 7, 2, 6, 3, 5, 4]]",0.072
2001,0.0,1,"[[0.11, 0.17, 0.16, 0.1, 0.16, 0.08, 0.16], [0.14, 0.11, 0.1, 0.17, 0.15, 0.09, 0.15], [0.18, 0.13, 0.06, 0.09, 0.04, 0.12, 0.18], [0.24, 0.17, 0.23, 0.17, 0.08, 0.13, 0.06]]",0.13,0.14,101,"[0.26, 0.27, 0.3, 0.17]","[[0, 1, 9, 11, 12, 13, 14, 15], [0, 8, 7, 10, 3, 4, 16, 6], [0, 17, 18, 2, 19, 21, 5, 20], [0, 28, 27, 26, 25, 24, 22, 23]]",0.072
2002,0.0,2,"[[0.16, 0.11, 0.08, 0.09, 0.11, 0.11, 0.06], [0.14, 0.14, 0.15, 0.18, 0.2, 0.23, 0.09], [0.09, 0.18, 0.2, 0.13, 0.05, 0.16, 0.07], [0.08, 0.02, 0.16, 0.15, 0.1, 0.09, 0.12]]",0.13,0.18,101,"[0.08, 0.02, 0.89, 0.01]","[[0, 0, 8, 9, 0, 0, 10, 0], [0, 0, 0, 0, 0, 0, 0, 0], [0, 1, 4, 2, 3, 5, 6, 7], [0, 0, 0, 0, 0, 0, 0, 0]]",0.072
2003,0.0,7,"[[0.11, 0.06, 0.11, 0.08, 0.17, 0.11, 0.11], [0.14, 0.12, 0.06, 0.14, 0.09, 0.14, 0.12], [0.04, 0.15, 0.09, 0.13, 0.15, 0.18, 0.21], [0.1, 0.08, 0.17, 0.08, 0.19, 0.13, 0.19]]",0.13,0.12,101,"[0.26, 0.2, 0.27, 0.27]","[[0, 14, 16, 20, 12, 22, 6, 27], [0, 13, 17, 3, 4, 5, 26, 28], [0, 15, 2, 21, 11, 23, 25, 7], [0, 1, 18, 19, 10, 24, 9, 8]]",0.072
2004,0.0,4,"[[0.11, 0.18, 0.17, 0.05, 0.02, 0.11, 0.14], [0.16, 0.12, 0.11, 0.08, 0.11, 0.16, 0.08], [0.12, 0.16, 0.05, 0.23, 0.13, 0.08, 0.03], [0.17, 0.24, 0.1, 0.22, 0.06, 0.14, 0.05]]",0.13,0.23,101,"[0.01, 0.08, 0.86, 0.05]","[[0, 0, 0, 0, 8, 0, 0, 0], [0, 0, 0, 0, 9, 0, 0, 0], [0, 1, 2, 3, 4, 5, 6, 7], [0, 0, 0, 0, 10, 0, 0, 0]]",0.072
2005,0.0,7,"[[0.11, 0.13, 0.2, 0.15, 0.12, 0.07, 0.12], [0.17, 0.14, 0.08, 0.03, 0.14, 0.12, 0.21], [0.15, 0.05, 0.06, 0.08, 0.07, 0.16, 0.13], [0.11, 0.11, 0.13, 0.18, 0.08, 0.12, 0.15]]",0.13,0.15,101,"[0.11, 0.38, 0.34, 0.17]","[[0, 14, 0, 0, 0, 15, 20, 11], [0, 1, 2, 3, 4, 5, 6, 7], [0, 8, 9, 0, 0, 16, 18, 10], [0, 13, 0, 0, 0, 17, 19, 12]]",0.072
2006,0.0,7,"[[0.1, 0.1, 0.03, 0.13, 0.2, 0.08, 0.11], [0.08, 0.05, 0.11, 0.15, 0.22, 0.2, 0.17], [0.16, 0.24, 0.08, 0.04, 0.05, 0.19, 0.14], [0.1, 0.18, 0.15, 0.14, 0.18, 0.07, 0.19]]",0.13,0.14,101,"[0.36, 0.26, 0.19, 0.19]","[[0, 1, 2, 3, 4, 5, 6, 7], [0, 8, 20, 0, 17, 11, 0, 14], [0, 9, 21, 0, 18, 12, 0, 16], [0, 10, 22, 0, 19, 13, 0, 15]]",0.072
2007,0.0,2,"[[0.06, 0.22, 0.11, 0.12, 0.13, 0.09, 0.18], [0.2, 0.17, 0.05, 0.09, 0.17, 0.16, 0.24], [0.14, 0.03, 0.23, 0.14, 0.04, 0.13, 0.18], [0.16, 0.1, 0.17, 0.16, 0.14, 0.04, 0.05]]",0.13,0.22,101,"[0.87, 0.02, 0.1, 0.01]","[[0, 1, 2, 3, 4, 5, 6, 7], [0, 0, 0, 0, 0, 0, 0, 0], [0, 0, 8, 9, 10, 11, 0, 12], [0, 0, 0, 0, 0, 0, 0, 0]]",0.072
2008,0.0,5,"[[0.19, 0.09, 0.13, 0.2, 0.03, 0.17, 0.2], [0.08, 0.14, 0.18, 0.15, 0.19, 0.11, 0.07], [0.15, 0.06, 0.07, 0.11, 0.19, 0.02, 0.14], [0.12, 0.04, 0.06, 0.04, 0.06, 0.19, 0.09]]",0.13,0.19,101,"[0.02, 0.85, 0.05, 0.08]","[[0, 0, 0, 0, 0, 0, 0, 0], [0, 1, 2, 3, 4, 5, 6, 7], [0, 0, 0, 0, 0, 0, 0, 0], [0, 0, 8, 9, 10, 11, 12, 13]]",0.072
2009,0.0,6,"[[0.07, 0.07, 0.17, 0.05, 0.08, 0.18, 0.15], [0.19, 0.17, 0.06, 0.13, 0.2, 0.13, 0.2], [0.08, 0.18, 0.04, 0.21, 0.15, 0.15, 0.18], [0.06, 0.08, 0.09, 0.02, 0.12, 0.19, 0.09]]",0.13,0.15,101,"[0.31, 0.27, 0.19, 0.23]","[[0, 1, 2, 3, 4, 5, 6, 7], [0, 0, 0, 8, 0, 0, 11, 14], [0, 0, 0, 9, 0, 0, 12, 15], [0, 0, 0, 10, 0, 0, 13, 16]]",0.072
2010,0.0,7,"[[8.39, 1.9, 3.96, 5.78, 2.24, 5.8, 4.1], [0.94, 5.02, 2.49, 5.54, 6.54, 4.33, 9.65], [7.94, 7.8, 4.1, 9.82, 1.59, 4.84, 8.58], [8.96, 7.49, 1.94, 3.92, 0.76, 2.82, 6.17]]",5.0,9.65,101,"[0.11, 0.85, 0.02, 0.02]","[[0, 14, 13, 12, 11, 10, 9, 8], [0, 1, 2, 3, 4, 5, 6, 7], [0, 0, 0, 0, 0, 0, 0, 0], [0, 0, 0, 0, 0, 0, 0, 0]]",2.994
2011,0.0,3,"[[7.04, 7.27, 1.99, 4.87, 6.53, 6.34, 1.47], [5.29, 2.16, 9.06, 4.67, 7.92, 5.41, 7.56], [6.95, 5.35, 1.7, 4.81, 6.84, 1.21, 8.92], [6.63, 5.53, 4.35, 1.42, 5.69, 5.92, 4.12]]",5.0,9.06,101,"[0.07, 0.87, 0.03, 0.03]","[[0, 8, 0, 9, 10, 11, 12, 13], [0, 1, 2, 3, 4, 5, 7, 6], [0, 0, 0, 0, 0, 0, 0, 0], [0, 0, 0, 0, 0, 0, 0, 0]]",2.994
2012,0.0,1,"[[7.78, 7.83, 6.34, 3.49, 9.25, 4.1, 8.16], [4.02, 5.78, 4.37, 3.5, 3.65, 5.34, 1.1], [4.29, 1.52, 3.77, 7.63, 3.05, 0.82, 4.95], [8.46, 6.15, 6.73, 3.18, 8.15, 6.29, 5.32]]",5.0,7.78,101,"[0.2, 0.29, 0.22, 0.29]","[[0, 1, 8, 9, 11, 17, 18, 19], [0, 2, 7, 16, 15, 22, 21, 20], [0, 4, 6, 10, 12, 23, 26, 27], [0, 3, 5, 13, 14, 24, 25, 28]]",2.994
2013,0.0,3,"[[3.25, 0.97, 8.64, 8.18, 2.13, 6.22, 0.77], [5.88, 7.57, 5.25, 3.43, 6.13, 3.52, 3.61], [5.54, 4.65, 8.68, 9.8, 7.31, 3.42, 4.37], [7.14, 2.83, 7.59, 3.91, 6.6, 1.41, 1.96]]",5.0,7.59,101,"[0.06, 0.03, 0.01, 0.9]","[[0, 9, 0, 8, 0, 10, 0, 0], [0, 0, 0, 0, 0, 0, 0, 0], [0, 0, 0, 0, 0, 0, 0, 0], [0, 1, 2, 3, 4, 5, 6, 7]]",2.994
2014,0.0,6,"[[5.93, 4.61, 6.44, 6.58, 0.77, 6.66, 0.58], [1.24, 4.91, 5.63, 0.45, 3.38, 4.94, 3.12], [7.83, 1.4, 2.04, 7.87, 6.09, 6.31, 5.4], [6.34, 6.33, 4.75, 6.81, 8.3, 6.3, 9.27]]",5.0,6.31,101,"[0.01, 0.1, 0.87, 0.02]","[[0, 0, 0, 0, 0, 0, 0, 0], [0, 8, 0, 0, 9, 10, 11, 12], [0, 1, 2, 3, 4, 5, 6, 7], [0, 0, 0, 0, 0, 0, 0, 0]]",2.994
2015,0.0,3,"[[5.28, 9.9, 6.81, 1.61, 2.79, 8.92, 6.09], [3.46, 6.68, 6.44, 3.71, 3.55, 0.25, 8.07], [6.52, 2.17, 8.0, 8.5, 5.35, 1.81, 3.32], [5.89, 1.86, 6.44, 5.29, 3.29, 8.96, 7.12]]",5.0,6.44,101,"[0.23, 0.3, 0.24, 0.23]","[[0, 1, 8, 9, 16, 17, 24, 25], [0, 2, 7, 10, 15, 18, 22, 26], [0, 3, 6, 11, 14, 19, 23, 27], [0, 4, 5, 12, 13, 20, 21, 28]]",2.994
2016,0.0,5,"[[5.92, 9.68, 5.15, 2.59, 5.89, 7.38, 2.85], [1.22, 5.64, 6.3, 3.82, 9.13, 6.51, 3.36], [6.72, 1.0, 8.86, 8.25, 8.82, 6.13, 4.12], [7.5, 7.75, 5.39, 3.9, 7.48, 3.23, 1.98]]",5.0,8.82,101,"[0.3, 0.17, 0.24, 0.29]","[[0, 1, 2, 3, 4, 5, 6, 7], [0, 11, 8, 14, 17, 19, 23, 28], [0, 12, 10, 15, 22, 20, 24, 27], [0, 13, 9, 16, 18, 21, 25, 26]]",2.994
2017,0.0,2,"[[7.11, 5.78, 4.85, 4.33, 7.33, 7.89, 5.26], [5.95, 7.87, 3.44, 7.0, 6.97, 5.22, 6.26], [3.72, 9.35, 7.04, 6.38, 7.42, 6.47, 5.89], [5.94, 4.84, 1.39, 4.52, 3.41, 2.82, 3.73]]",5.0,5.78,101,"[0.33, 0.2, 0.24, 0.23]","[[0, 1, 2, 3, 4, 5, 6, 7], [0, 8, 13, 14, 19, 20, 25, 26], [0, 9, 12, 15, 18, 21, 24, 27], [0, 10, 11, 16, 17, 22, 23, 28]]",2.994
2018,0.0,3,"[[6.19, 1.85, 1.16, 4.28, 2.66, 3.25, 7.93], [4.16, 3.03, 5.34, 3.93, 5.82, 4.05, 2.14], [6.53, 8.89, 6.73, 7.28, 2.75, 0.6, 4.09], [4.95, 6.55, 6.81, 6.9, 1.07, 2.2, 5.26]]",5.0,5.34,101,"[0.03, 0.86, 0.04, 0.07]","[[0, 0, 0, 0, 0, 0, 0, 0], [0, 1, 2, 3, 4, 5, 6, 7], [0, 0, 0, 0, 0, 0, 0, 0], [0, 8, 9, 10, 0, 11, 12, 0]]",2.994
2019,0.0,1,"[[4.36, 8.7, 5.94, 4.41, 8.37, 5.83, 0.58], [9.58, 2.24, 8.49, 4.24, 4.63, 4.53, 5.29], [6.08, 4.31, 5.59, 3.3, 3.91, 4.21, 4.74], [9.25, 5.33, 1.67, 7.75, 5.64, 2.81, 3.02]]",5.0,6.08,101,"[0.31, 0.27, 0.14, 0.28]","[[0, 1, 2, 3, 4, 5, 6, 7], [0, 8, 9, 10, 11, 12, 13, 14], [0, 20, 19, 21, 18, 17, 16, 15], [0, 22, 23, 24, 25, 26, 27, 28]]",2.994
2020,0.0,7,"[[0.11, 0.13, 0.2, 0.15, 0.12, 0.07, 0.12], [0.17, 0.14, 0.08, 0.03, 0.14, 0.12, 0.21], [0.15, 0.05, 0.06, 0.08, 0.07, 0.16, 0.13], [0.11, 0.11, 0.13, 0.18, 0.08, 0.12, 0.15]]",0.13,0.12,102,"[0.11, 0.38, 0.34, 0.17]","[[0, 28, 27, 26, 25, 24, 23, 22], [0, 1, 2, 3, 4, 5, 6, 7], [0, 14, 13, 12, 11, 10, 9, 8], [0, 15, 16, 17, 18, 19, 20, 21]]",0.072
2021,0.0,3,"[[0.15, 0.08, 0.16, 0.16, 0.12, 0.04, 0.13], [0.17, 0.17, 0.2, 0.1, 0.06, 0.16, 0.12], [0.04, 0.25, 0.2, 0.11, 0.04, 0.11, 0.24], [0.15, 0.14, 0.05, 0.11, 0.22, 0.22, 0.2]]",0.13,0.2,102,"[0.01, 0.89, 0.09, 0.01]","[[0, 16, 17, 19, 21, 23, 25, 27], [0, 1, 2, 3, 4, 5, 6, 7], [0, 8, 9, 10, 11, 12, 13, 14], [0, 15, 18, 20, 22, 24, 26, 28]]",0.072
2022,0.0,5,"[[0.14, 0.12, 0.08, 0.02, 0.14, 0.19, 0.09], [0.2, 0.01, 0.13, 0.03, 0.11, 0.06, 0.23], [0.19, 0.12, 0.16, 0.15, 0.16, 0.07, 0.21], [0.09, 0.14, 0.24, 0.12, 0.1, 0.2, 0.16]]",0.13,0.11,102,"[0.36, 0.17, 0.12, 0.35]","[[0, 1, 2, 3, 4, 5, 6, 7], [0, 15, 17, 19, 21, 23, 25, 27], [0, 16, 18, 20, 22, 24, 26, 28], [0, 14, 13, 12, 11, 10, 9, 8]]",0.072
2023,0.0,1,"[[0.19, 0.12, 0.08, 0.18, 0.08, 0.2, 0.22], [0.05, 0.04, 0.19, 0.18, 0.18, 0.05, 0.1], [0.21, 0.13, 0.15, 0.13, 0.16, 0.15, 0.08], [0.19, 0.06, 0.09, 0.07, 0.04, 0.2, 0.08]]",0.13,0.05,102,"[0.16, 0.28, 0.23, 0.33]","[[0, 5, 6, 9, 16, 17, 21, 25], [0, 1, 4, 10, 15, 18, 22, 26], [0, 2, 7, 11, 14, 19, 23, 27], [0, 3, 8, 12, 13, 20, 24, 28]]",0.072
2024,0.0,1,"[[0.14, 0.07, 0.05, 0.18, 0.03, 0.01, 0.18], [0.19, 0.23, 0.07, 0.1, 0.08, 0.19, 0.2], [0.17, 0.24, 0.03, 0.21, 0.19, 0.07, 0.21], [0.14, 0.09, 0.21, 0.08, 0.19, 0.05, 0.09]]",0.13,0.14,102,"[0.15, 0.26, 0.26, 0.33]","[[0, 28, 27, 26, 25, 24, 23, 22], [0, 1, 4, 7, 10, 13, 16, 21], [0, 2, 5, 8, 11, 14, 17, 20], [0, 3, 6, 9, 12, 15, 18, 19]]",0.072
2025,0.0,4,"[[0.19, 0.11, 0.24, 0.23, 0.21, 0.14, 0.16], [0.12, 0.1, 0.02, 0.19, 0.1, 0.08, 0.14], [0.05, 0.21, 0.07, 0.2, 0.09, 0.02, 0.23], [0.09, 0.04, 0.09, 0.14, 0.18, 0.2, 0.23]]",0.13,0.2,102,"[0.03, 0.01, 0.92, 0.04]","[[0, 28, 27, 26, 25, 24, 23, 22], [0, 15, 16, 17, 18, 19, 20, 21], [0, 1, 2, 3, 4, 5, 6, 7], [0, 14, 13, 12, 11, 10, 9, 8]]",0.072
2026,0.0,4,"[[0.08, 0.23, 0.11, 0.15, 0.14, 0.16, 0.07], [0.19, 0.17, 0.09, 0.16, 0.14, 0.09, 0.03], [0.13, 0.11, 0.24, 0.17, 0.14, 0.06, 0.15], [0.09, 0.17, 0.09, 0.17, 0.19, 0.1, 0.17]]",0.13,0.17,102,"[0.01, 0.02, 0.11, 0.86]","[[0, 26, 18, 22, 24, 16, 28, 20], [0, 25, 17, 21, 23, 15, 27, 19], [0, 14, 13, 12, 11, 10, 9, 8], [0, 1, 2, 3, 4, 5, 6, 7]]",0.072
2027,0.0,1,"[[0.06, 0.1, 0.22, 0.17, 0.09, 0.03, 0.08], [0.24, 0.07, 0.1, 0.11, 0.11, 0.15, 0.16], [0.04, 0.05, 0.2, 0.13, 0.03, 0.1, 0.19], [0.2, 0.09, 0.17, 0.15, 0.2, 0.1, 0.15]]",0.13,0.2,102,"[0.01, 0.1, 0.04, 0.85]","[[0, 10, 0, 13, 17, 16, 0, 22], [0, 9, 0, 12, 18, 15, 0, 21], [0, 8, 0, 11, 19, 14, 0, 20], [0, 1, 2, 3, 4, 5, 6, 7]]",0.072
2028,0.0,6,"[[0.06, 0.11, 0.17, 0.23, 0.15, 0.14, 0.21], [0.16, 0.17, 0.08, 0.04, 0.07, 0.21, 0.12], [0.2, 0.19, 0.13, 0.12, 0.17, 0.2, 0.16], [0.1, 0.1, 0.12, 0.16, 0.01, 0.17, 0.09]]",0.13,0.17,102,"[0.23, 0.25, 0.3, 0.22]","[[0, 27, 25, 23, 21, 19, 18, 15], [0, 28, 26, 24, 22, 20, 17, 16], [0, 8, 9, 10, 11, 12, 13, 14], [0, 1, 2, 3, 4, 5, 6, 7]]",0.072
2029,0.0,2,"[[0.02, 0.18, 0.09, 0.13, 0.07, 0.12, 0.08], [0.15, 0.12, 0.24, 0.14, 0.1, 0.01, 0.14], [0.2, 0.14, 0.24, 0.13, 0.22, 0.23, 0.18], [0.11, 0.21, 0.18, 0.07, 0.12, 0.14, 0.14]]",0.13,0.18,102,"[0.85, 0.02, 0.03, 0.1]","[[0, 1, 2, 3, 4, 5, 6, 7], [0, 0, 15, 0, 17, 0, 19, 0], [0, 0, 16, 0, 18, 0, 20, 0], [0, 8, 9, 10, 11, 12, 13, 14]]",0.072
2030,0.0,5,"[[7.04, 7.27, 1.99, 4.87, 6.53, 6.34, 1.47], [5.29, 2.16, 9.06, 4.67, 7.92, 5.41, 7.56], [6.95, 5.35, 1.7, 4.81, 6.84, 1.21, 8.92], [6.63, 5.53, 4.35, 1.42, 5.69, 5.92, 4.12]]",5.0,7.92,102,"[0.07, 0.87, 0.03, 0.03]","[[0, 8, 14, 9, 13, 10, 12, 11], [0, 1, 2, 3, 4, 5, 6, 7], [0, 25, 23, 15, 21, 17, 19, 0], [0, 26, 24, 16, 22, 18, 20, 0]]",2.994
2031,0.0,3,"[[3.25, 0.97, 8.64, 8.18, 2.13, 6.22, 0.77], [5.88, 7.57, 5.25, 3.43, 6.13, 3.52, 3.61], [5.54, 4.65, 8.68, 9.8, 7.31, 3.42, 4.37], [7.14, 2.83, 7.59, 3.91, 6.6, 1.41, 1.96]]",5.0,7.59,102,"[0.06, 0.03, 0.01, 0.9]","[[0, 11, 0, 8, 0, 16, 0, 0], [0, 12, 0, 9, 0, 15, 0, 0], [0, 13, 0, 10, 0, 14, 0, 0], [0, 1, 2, 3, 4, 5, 6, 7]]",2.994
2032,0.0,4,"[[7.74, 3.22, 6.43, 3.71, 7.81, 4.87, 5.0], [6.79, 7.24, 2.38, 4.86, 3.87, 6.17, 4.92], [3.15, 9.58, 2.44, 5.2, 8.45, 2.58, 2.29], [4.2, 1.81, 5.9, 9.47, 8.69, 2.45, 6.94]]",5.0,5.2,102,"[0.15, 0.38, 0.14, 0.33]","[[0, 19, 17, 0, 16, 0, 21, 0], [0, 1, 2, 3, 4, 5, 6, 7], [0, 20, 18, 0, 15, 0, 22, 0], [0, 8, 9, 10, 11, 12, 13, 14]]",2.994
2033,0.0,7,"[[5.71, 4.0, 7.87, 3.26, 8.95, 9.97, 6.35], [4.81, 5.73, 5.74, 5.66, 5.51, 4.81, 7.59], [6.14, 5.62, 3.6, 6.94, 3.42, 3.6, 6.26], [1.09, 4.7, 1.56, 4.05, 2.65, 4.29, 5.33]]",5.0,6.26,102,"[0.02, 0.08, 0.03, 0.87]","[[0, 0, 16, 0, 0, 0, 13, 10], [0, 0, 15, 0, 0, 0, 12, 9], [0, 0, 14, 0, 0, 0, 11, 8], [0, 1, 2, 3, 4, 5, 6, 7]]",2.994
2034,0.0,5,"[[5.77, 3.99, 6.61, 4.81, 8.16, 4.87, 2.84], [5.38, 5.12, 5.88, 4.67, 7.45, 7.64, 1.41], [2.86, 1.79, 4.9, 7.89, 6.3, 3.05, 5.2], [5.28, 6.58, 1.34, 2.2, 4.69, 6.92, 5.01]]",5.0,6.3,102,"[0.34, 0.23, 0.11, 0.32]","[[0, 8, 9, 10, 11, 12, 13, 14], [0, 15, 16, 17, 0, 18, 20, 22], [0, 24, 25, 0, 0, 19, 21, 23], [0, 1, 2, 3, 4, 5, 6, 7]]",2.994
2035,0.0,6,"[[6.18, 4.93, 6.72, 3.3, 6.34, 6.06, 5.41], [7.2, 2.38, 3.93, 9.67, 4.79, 7.96, 3.99], [0.82, 2.25, 1.43, 2.43, 5.42, 7.07, 9.93], [9.97, 3.97, 5.79, 8.9, 4.27, 7.39, 5.81]]",5.0,6.06,102,"[0.28, 0.28, 0.19, 0.25]","[[0, 14, 0, 0, 8, 0, 11, 0], [0, 1, 2, 3, 4, 5, 6, 7], [0, 15, 0, 0, 9, 0, 12, 0], [0, 16, 0, 0, 10, 0, 13, 0]]",2.994
2036,0.0,4,"[[3.54, 3.18, 6.26, 3.39, 3.52, 5.47, 1.42], [3.13, 1.91, 7.14, 3.81, 4.58, 6.9, 8.39], [7.48, 1.27, 5.41, 7.63, 6.12, 1.81, 6.34], [6.09, 3.7, 4.25, 4.91, 0.8, 7.46, 7.59]]",5.0,3.81,102,"[0.04, 0.07, 0.88, 0.01]","[[0, 9, 0, 0, 12, 0, 0, 0], [0, 8, 0, 0, 11, 14, 0, 0], [0, 1, 2, 3, 4, 5, 6, 7], [0, 10, 0, 0, 13, 0, 0, 0]]",2.994
2037,0.0,1,"[[4.36, 8.7, 5.94, 4.41, 8.37, 5.83, 0.58], [9.58, 2.24, 8.49, 4.24, 4.63, 4.53, 5.29], [6.08, 4.31, 5.59, 3.3, 3.91, 4.21, 4.74], [9.25, 5.33, 1.67, 7.75, 5.64, 2.81, 3.02]]",5.0,9.25,102,"[0.31, 0.27, 0.14, 0.28]","[[0, 8, 9, 10, 11, 12, 13, 14], [0, 15, 17, 0, 20, 21, 0, 0], [0, 16, 18, 0, 19, 22, 0, 0], [0, 1, 2, 3, 4, 5, 6, 7]]",2.994
2038,0.0,5,"[[4.41, 7.98, 5.03, 0.94, 6.07, 7.96, 3.08], [7.18, 6.38, 1.11, 4.77, 7.21, 4.82, 4.9], [5.63, 7.2, 7.79, 1.19, 2.56, 6.05, 3.13], [2.67, 2.05, 5.91, 4.15, 9.55, 4.46, 9.22]]",5.0,9.55,102,"[0.04, 0.02, 0.05, 0.89]","[[0, 0, 0, 0, 0, 10, 0, 11], [0, 0, 0, 0, 0, 9, 0, 12], [0, 0, 0, 0, 0, 8, 0, 13], [0, 1, 2, 3, 4, 5, 6, 7]]",2.994
2039,0.0,1,"[[7.91, 1.03, 5.87, 7.52, 6.88, 7.18, 6.1], [5.88, 5.55, 1.78, 3.0, 4.69, 4.52, 8.75], [5.71, 1.25, 6.22, 6.17, 8.38, 7.26, 4.32], [6.4, 8.88, 5.28, 4.23, 1.08, 0.7, 3.39]]",5.0,5.88,102,"[0.3, 0.18, 0.2, 0.32]","[[0, 1, 2, 3, 4, 5, 6, 7], [0, 28, 27, 26, 25, 24, 23, 22], [0, 15, 16, 17, 18, 19, 20, 21], [0, 8, 9, 10, 11, 12, 13, 14]]",2.994
2040,0.0,5,"[[7.74, 3.22, 6.43, 3.71, 7.81, 4.87, 5.0], [6.79, 7.24, 2.38, 4.86, 3.87, 6.17, 4.92], [3.15, 9.58, 2.44, 5.2, 8.45, 2.58, 2.29], [4.2, 1.81, 5.9, 9.47, 8.69, 2.45, 6.94]]",5.0,3.87,103,"[0.15, 0.38, 0.14, 0.33]","[[0, 26, 25, 19, 3, 7, 11, 18], [0, 1, 24, 2, 4, 8, 12, 17], [0, 27, 23, 20, 5, 9, 13, 16], [0, 28, 22, 21, 6, 10, 14, 15]]",2.994
2041,0.0,2,"[[0.72, 5.25, 9.97, 4.85, 8.58, 2.57, 9.15], [5.48, 9.36, 2.36, 9.25, 3.72, 4.76, 6.74], [7.14, 7.36, 2.91, 4.13, 7.03, 8.48, 0.38], [5.84, 6.37, 7.56, 3.71, 4.02, 2.93, 0.09]]",5.0,9.36,103,"[0.03, 0.85, 0.06, 0.06]","[[0, 1, 9, 8, 13, 20, 21, 27], [0, 2, 7, 12, 14, 19, 22, 28], [0, 4, 6, 10, 15, 18, 23, 26], [0, 3, 5, 11, 16, 17, 24, 25]]",2.994
2042,0.0,4,"[[2.67, 1.86, 1.79, 5.75, 3.59, 3.3, 1.49], [1.18, 8.77, 6.89, 4.16, 3.25, 3.0, 9.34], [1.75, 2.03, 4.01, 8.67, 5.48, 1.04, 6.3], [4.37, 0.5, 5.19, 4.46, 0.43, 0.13, 6.06]]",5.0,8.67,103,"[0.24, 0.23, 0.24, 0.29]","[[0, 1, 8, 9, 16, 17, 24, 25], [0, 2, 7, 10, 15, 18, 23, 26], [0, 3, 6, 11, 14, 19, 22, 27], [0, 4, 5, 12, 13, 20, 21, 28]]",2.994
2043,0.0,4,"[[7.32, 4.38, 4.99, 7.76, 5.0, 5.94, 2.36], [8.4, 3.61, 8.45, 4.23, 7.02, 4.36, 9.23], [1.69, 3.23, 3.54, 3.86, 3.72, 2.06, 0.61], [7.94, 7.02, 6.73, 4.28, 8.5, 0.13, 2.63]]",5.0,7.76,103,"[0.85, 0.03, 0.11, 0.01]","[[0, 1, 8, 9, 14, 20, 21, 28], [0, 2, 7, 10, 15, 19, 22, 27], [0, 3, 6, 11, 13, 18, 24, 26], [0, 4, 5, 12, 16, 17, 23, 25]]",2.994
2044,0.0,7,"[[7.29, 4.26, 4.93, 3.96, 3.34, 8.54, 6.49], [0.79, 3.44, 2.71, 8.71, 2.86, 7.09, 3.94], [9.61, 8.74, 7.3, 3.82, 1.83, 1.17, 5.37], [2.04, 1.98, 8.39, 1.63, 1.8, 1.97, 7.71]]",5.0,3.94,103,"[0.21, 0.28, 0.29, 0.22]","[[0, 1, 8, 9, 17, 16, 23, 25], [0, 2, 7, 10, 15, 18, 24, 26], [0, 3, 6, 11, 14, 19, 22, 27], [0, 5, 4, 12, 13, 20, 21, 28]]",2.994
2045,0.0,5,"[[5.77, 3.99, 6.61, 4.81, 8.16, 4.87, 2.84], [5.38, 5.12, 5.88, 4.67, 7.45, 7.64, 1.41], [2.86, 1.79, 4.9, 7.89, 6.3, 3.05, 5.2], [5.28, 6.58, 1.34, 2.2, 4.69, 6.92, 5.01]]",5.0,8.16,103,"[0.34, 0.23, 0.11, 0.32]","[[0, 1, 8, 9, 16, 17, 24, 25], [0, 2, 7, 10, 15, 18, 23, 26], [0, 3, 6, 11, 14, 19, 22, 27], [0, 4, 5, 12, 13, 20, 21, 28]]",2.994
2046,0.0,6,"[[3.4, 2.14, 9.33, 2.59, 4.55, 1.09, 2.85], [2.69, 7.17, 4.91, 8.03, 6.07, 6.49, 2.28], [2.24, 5.15, 4.83, 2.39, 2.78, 7.43, 5.61], [3.01, 5.69, 6.66, 3.22, 3.6, 8.48, 3.28]]",5.0,7.43,103,"[0.07, 0.01, 0.9, 0.02]","[[0, 1, 8, 9, 16, 17, 23, 27], [0, 2, 7, 10, 15, 18, 22, 26], [0, 3, 6, 11, 14, 20, 24, 25], [0, 4, 5, 12, 13, 19, 21, 28]]",2.994
2047,0.0,7,"[[5.71, 4.0, 7.87, 3.26, 8.95, 9.97, 6.35], [4.81, 5.73, 5.74, 5.66, 5.51, 4.81, 7.59], [6.14, 5.62, 3.6, 6.94, 3.42, 3.6, 6.26], [1.09, 4.7, 1.56, 4.05, 2.65, 4.29, 5.33]]",5.0,5.33,103,"[0.02, 0.08, 0.03, 0.87]","[[0, 1, 8, 10, 16, 17, 24, 25], [0, 2, 7, 9, 15, 18, 23, 26], [0, 3, 6, 11, 14, 21, 22, 27], [0, 4, 5, 12, 13, 19, 20, 28]]",2.994
2048,0.0,2,"[[3.89, 7.03, 1.42, 3.85, 5.57, 3.85, 2.09], [1.42, 3.42, 3.49, 1.78, 8.76, 8.52, 6.88], [3.98, 7.53, 6.94, 2.68, 5.16, 4.6, 0.82], [7.43, 7.31, 6.36, 5.75, 9.0, 9.88, 3.78]]",5.0,7.03,103,"[0.86, 0.01, 0.02, 0.11]","[[0, 1, 8, 9, 16, 17, 23, 28], [0, 2, 7, 10, 15, 18, 22, 27], [0, 3, 6, 13, 14, 19, 21, 26], [0, 4, 5, 11, 12, 20, 24, 25]]",2.994
2049,0.0,3,"[[6.38, 4.4, 2.78, 4.02, 3.28, 4.56, 6.79], [6.89, 5.4, 5.87, 9.63, 0.42, 4.93, 4.29], [2.96, 2.23, 8.29, 4.74, 3.72, 2.39, 0.86], [5.36, 5.18, 6.28, 1.08, 2.81, 5.95, 9.65]]",5.0,5.87,103,"[0.2, 0.38, 0.3, 0.12]","[[0, 1, 7, 12, 13, 20, 21, 28], [0, 2, 6, 11, 14, 19, 22, 27], [0, 4, 5, 10, 15, 18, 25, 26], [0, 3, 8, 9, 16, 17, 23, 24]]",2.994
2050,0.0,7,"[[0.14, 0.16, 0.16, 0.21, 0.14, 0.04, 0.08], [0.06, 0.2, 0.17, 0.04, 0.15, 0.07, 0.15], [0.13, 0.19, 0.14, 0.02, 0.08, 0.23, 0.1], [0.15, 0.03, 0.13, 0.07, 0.13, 0.07, 0.19]]",0.13,0.15,103,"[0.26, 0.28, 0.24, 0.22]","[[0, 1, 10, 8, 17, 16, 24, 27], [0, 2, 7, 9, 15, 18, 23, 25], [0, 4, 6, 11, 14, 20, 22, 26], [0, 3, 5, 12, 13, 19, 21, 28]]",0.072
2051,0.0,5,"[[0.14, 0.15, 0.11, 0.2, 0.03, 0.13, 0.04], [0.03, 0.07, 0.1, 0.21, 0.1, 0.13, 0.08], [0.14, 0.03, 0.06, 0.05, 0.15, 0.08, 0.09], [0.13, 0.08, 0.16, 0.01, 0.21, 0.09, 0.05]]",0.13,0.15,103,"[0.06, 0.03, 0.86, 0.05]","[[0, 1, 0, 0, 0, 0, 0, 0], [0, 3, 0, 0, 0, 0, 0, 0], [0, 2, 5, 6, 7, 8, 9, 10], [0, 4, 0, 0, 0, 0, 0, 0]]",0.072
2052,0.0,5,"[[0.07, 0.16, 0.11, 0.2, 0.2, 0.19, 0.16], [0.15, 0.22, 0.24, 0.17, 0.18, 0.12, 0.12], [0.11, 0.16, 0.11, 0.12, 0.21, 0.06, 0.16], [0.17, 0.22, 0.15, 0.11, 0.24, 0.11, 0.17]]",0.13,0.24,103,"[0.09, 0.03, 0.01, 0.87]","[[0, 1, 8, 9, 16, 17, 23, 24], [0, 2, 7, 10, 15, 18, 28, 25], [0, 3, 6, 11, 14, 19, 22, 26], [0, 4, 5, 12, 13, 20, 21, 27]]",0.072
2053,0.0,7,"[[0.15, 0.2, 0.21, 0.14, 0.15, 0.21, 0.2], [0.1, 0.12, 0.15, 0.05, 0.19, 0.19, 0.19], [0.2, 0.18, 0.22, 0.07, 0.23, 0.17, 0.15], [0.25, 0.17, 0.14, 0.07, 0.06, 0.14, 0.21]]",0.13,0.21,103,"[0.33, 0.32, 0.13, 0.22]","[[0, 1, 8, 9, 16, 18, 24, 28], [0, 2, 7, 10, 15, 17, 23, 25], [0, 3, 6, 11, 14, 19, 22, 26], [0, 4, 5, 12, 13, 20, 21, 27]]",0.072
2054,0.0,4,"[[0.21, 0.14, 0.05, 0.18, 0.12, 0.1, 0.15], [0.03, 0.07, 0.04, 0.14, 0.13, 0.15, 0.2], [0.05, 0.14, 0.08, 0.16, 0.04, 0.13, 0.08], [0.19, 0.12, 0.09, 0.06, 0.18, 0.05, 0.09]]",0.13,0.16,103,"[0.01, 0.02, 0.88, 0.09]","[[0, 1, 8, 9, 16, 17, 21, 25], [0, 2, 7, 10, 15, 18, 22, 26], [0, 3, 5, 11, 14, 19, 23, 27], [0, 4, 6, 12, 13, 20, 24, 28]]",0.072
2055,0.0,2,"[[0.15, 0.08, 0.15, 0.12, 0.15, 0.08, 0.22], [0.12, 0.2, 0.22, 0.16, 0.25, 0.12, 0.11], [0.19, 0.22, 0.15, 0.08, 0.12, 0.14, 0.2], [0.21, 0.16, 0.09, 0.16, 0.22, 0.15, 0.19]]",0.13,0.22,103,"[0.05, 0.07, 0.86, 0.02]","[[0, 1, 8, 9, 16, 17, 24, 25], [0, 2, 7, 10, 15, 18, 23, 26], [0, 4, 6, 11, 14, 19, 22, 28], [0, 3, 5, 12, 13, 20, 21, 27]]",0.072
2056,0.0,3,"[[0.18, 0.08, 0.14, 0.2, 0.12, 0.1, 0.1], [0.1, 0.05, 0.2, 0.13, 0.11, 0.09, 0.04], [0.15, 0.11, 0.22, 0.09, 0.14, 0.12, 0.12], [0.17, 0.01, 0.14, 0.05, 0.14, 0.07, 0.08]]",0.13,0.14,103,"[0.3, 0.22, 0.27, 0.21]","[[0, 1, 8, 9, 16, 17, 24, 25], [0, 2, 7, 10, 15, 18, 23, 26], [0, 3, 6, 11, 14, 20, 22, 27], [0, 4, 5, 12, 13, 19, 21, 28]]",0.072
2057,0.0,4,"[[0.11, 0.22, 0.08, 0.2, 0.14, 0.03, 0.13], [0.17, 0.02, 0.02, 0.09, 0.21, 0.16, 0.15], [0.09, 0.18, 0.16, 0.17, 0.05, 0.09, 0.1], [0.18, 0.05, 0.09, 0.19, 0.24, 0.18, 0.12]]",0.13,0.19,103,"[0.33, 0.18, 0.11, 0.38]","[[0, 1, 8, 9, 16, 17, 24, 25], [0, 2, 7, 10, 15, 18, 22, 26], [0, 3, 6, 11, 14, 19, 23, 28], [0, 4, 5, 12, 13, 20, 21, 27]]",0.072
2058,0.0,2,"[[0.05, 0.17, 0.08, 0.07, 0.16, 0.13, 0.05], [0.1, 0.16, 0.24, 0.2, 0.19, 0.19, 0.23], [0.18, 0.13, 0.06, 0.19, 0.17, 0.21, 0.13], [0.16, 0.18, 0.2, 0.12, 0.19, 0.08, 0.19]]",0.13,0.17,103,"[0.85, 0.1, 0.02, 0.03]","[[0, 1, 8, 9, 16, 17, 25, 24], [0, 2, 7, 10, 15, 18, 23, 26], [0, 3, 6, 11, 14, 19, 22, 28], [0, 4, 5, 12, 13, 20, 21, 27]]",0.072
2059,0.0,2,"[[0.16, 0.14, 0.08, 0.14, 0.11, 0.13, 0.09], [0.19, 0.11, 0.19, 0.08, 0.11, 0.19, 0.13], [0.21, 0.23, 0.11, 0.11, 0.1, 0.18, 0.03], [0.04, 0.14, 0.12, 0.13, 0.05, 0.04, 0.05]]",0.13,0.14,103,"[0.31, 0.22, 0.18, 0.29]","[[0, 1, 8, 9, 16, 17, 24, 25], [0, 2, 7, 10, 15, 18, 23, 26], [0, 3, 6, 11, 14, 19, 22, 28], [0, 4, 5, 12, 13, 20, 21, 27]]",0.072
2060,0.01,5,"[[0.1, 0.22, 0.11, 0.07, 0.15, 0.15, 0.08], [0.22, 0.14, 0.05, 0.13, 0.2, 0.14, 0.2], [0.02, 0.25, 0.2, 0.08, 0.15, 0.02, 0.07], [0.11, 0.1, 0.17, 0.14, 0.2, 0.08, 0.11]]",0.13,0.15,104,"[0.87, 0.08, 0.02, 0.03]","[[0, 1, 0, 2, 0, 3, 0, 4], [0, 0, 0, 0, 0, 0, 0, 0], [0, 0, 0, 0, 0, 0, 0, 0], [0, 0, 0, 0, 0, 0, 0, 0]]",0.072
2061,0.01,2,"[[0.07, 0.16, 0.11, 0.2, 0.2, 0.19, 0.16], [0.15, 0.22, 0.24, 0.17, 0.18, 0.12, 0.12], [0.11, 0.16, 0.11, 0.12, 0.21, 0.06, 0.16], [0.17, 0.22, 0.15, 0.11, 0.24, 0.11, 0.17]]",0.13,0.22,104,"[0.09, 0.03, 0.01, 0.87]","[[0, 0, 0, 0, 0, 0, 0, 0], [0, 0, 0, 0, 0, 0, 0, 0], [0, 0, 0, 0, 0, 0, 0, 0], [0, 0, 1, 0, 3, 0, 2, 0]]",0.072
2062,0.01,2,"[[0.14, 0.12, 0.08, 0.02, 0.14, 0.19, 0.09], [0.2, 0.01, 0.13, 0.03, 0.11, 0.06, 0.23], [0.19, 0.12, 0.16, 0.15, 0.16, 0.07, 0.21], [0.09, 0.14, 0.24, 0.12, 0.1, 0.2, 0.16]]",0.13,0.12,104,"[0.36, 0.17, 0.12, 0.35]","[[0, 0, 0, 0, 0, 0, 0, 3], [0, 0, 0, 0, 0, 2, 0, 0], [0, 0, 0, 0, 0, 0, 0, 0], [0, 0, 1, 0, 0, 0, 0, 0]]",0.072
2063,0.01,1,"[[0.12, 0.13, 0.12, 0.14, 0.05, 0.1, 0.25], [0.16, 0.2, 0.2, 0.14, 0.09, 0.17, 0.09], [0.11, 0.12, 0.11, 0.11, 0.08, 0.05, 0.17], [0.19, 0.2, 0.07, 0.21, 0.07, 0.13, 0.2]]",0.13,0.16,104,"[0.17, 0.35, 0.31, 0.17]","[[0, 0, 0, 0, 0, 0, 0, 0], [0, 1, 0, 0, 0, 0, 0, 0], [0, 0, 0, 0, 2, 0, 0, 0], [0, 0, 0, 0, 0, 3, 0, 0]]",0.072
2064,0.01,1,"[[0.22, 0.12, 0.18, 0.2, 0.04, 0.04, 0.16], [0.19, 0.18, 0.17, 0.17, 0.18, 0.2, 0.15], [0.03, 0.13, 0.18, 0.12, 0.17, 0.16, 0.08], [0.21, 0.09, 0.16, 0.11, 0.25, 0.1, 0.16]]",0.13,0.22,104,"[0.34, 0.12, 0.22, 0.32]","[[0, 0, 0, 0, 3, 0, 0, 0], [0, 0, 0, 0, 0, 0, 0, 0], [0, 0, 0, 0, 0, 2, 0, 0], [0, 1, 0, 0, 0, 0, 0, 0]]",0.072
2065,0.01,1,"[[0.17, 0.04, 0.18, 0.09, 0.04, 0.16, 0.22], [0.22, 0.14, 0.04, 0.11, 0.04, 0.23, 0.13], [0.09, 0.1, 0.01, 0.06, 0.15, 0.17, 0.05], [0.04, 0.06, 0.1, 0.03, 0.1, 0.03, 0.15]]",0.13,0.04,104,"[0.35, 0.15, 0.13, 0.37]","[[0, 2, 0, 0, 0, 0, 0, 0], [0, 0, 0, 3, 0, 0, 0, 0], [0, 0, 0, 0, 0, 0, 0, 0], [0, 0, 1, 0, 0, 0, 0, 0]]",0.072
2066,0.01,2,"[[0.15, 0.08, 0.16, 0.16, 0.12, 0.04, 0.13], [0.17, 0.17, 0.2, 0.1, 0.06, 0.16, 0.12], [0.04, 0.25, 0.2, 0.11, 0.04, 0.11, 0.24], [0.15, 0.14, 0.05, 0.11, 0.22, 0.22, 0.2]]",0.13,0.17,104,"[0.01, 0.89, 0.09, 0.01]","[[0, 0, 0, 0, 0, 0, 0, 0], [0, 1, 0, 0, 2, 0, 3, 0], [0, 0, 0, 0, 0, 0, 0, 0], [0, 0, 0, 0, 0, 0, 0, 0]]",0.072
2067,0.01,3,"[[0.06, 0.22, 0.11, 0.12, 0.13, 0.09, 0.18], [0.2, 0.17, 0.05, 0.09, 0.17, 0.16, 0.24], [0.14, 0.03, 0.23, 0.14, 0.04, 0.13, 0.18], [0.16, 0.1, 0.17, 0.16, 0.14, 0.04, 0.05]]",0.13,0.11,104,"[0.87, 0.02, 0.1, 0.01]","[[0, 1, 0, 2, 0, 0, 3, 0], [0, 0, 0, 0, 0, 0, 0, 0], [0, 0, 0, 0, 0, 0, 0, 0], [0, 0, 0, 0, 0, 0, 0, 0]]",0.072
2068,0.01,5,"[[0.09, 0.06, 0.16, 0.11, 0.12, 0.22, 0.04], [0.11, 0.19, 0.13, 0.18, 0.2, 0.12, 0.12], [0.11, 0.08, 0.15, 0.06, 0.15, 0.13, 0.16], [0.08, 0.15, 0.2, 0.17, 0.24, 0.04, 0.12]]",0.13,0.15,104,"[0.15, 0.32, 0.21, 0.32]","[[0, 0, 0, 0, 0, 0, 0, 0], [0, 0, 0, 0, 0, 2, 0, 0], [0, 0, 0, 0, 0, 0, 0, 0], [0, 1, 0, 0, 0, 0, 0, 0]]",0.072
2069,0.01,4,"[[0.08, 0.23, 0.11, 0.15, 0.14, 0.16, 0.07], [0.19, 0.17, 0.09, 0.16, 0.14, 0.09, 0.03], [0.13, 0.11, 0.24, 0.17, 0.14, 0.06, 0.15], [0.09, 0.17, 0.09, 0.17, 0.19, 0.1, 0.17]]",0.13,0.17,104,"[0.01, 0.02, 0.11, 0.86]","[[0, 0, 0, 0, 0, 0, 0, 0], [0, 0, 0, 0, 0, 0, 0, 0], [0, 0, 0, 0, 0, 0, 0, 0], [0, 0, 0, 0, 1, 0, 0, 0]]",0.072
2070,0.01,1,"[[7.78, 7.83, 6.34, 3.49, 9.25, 4.1, 8.16], [4.02, 5.78, 4.37, 3.5, 3.65, 5.34, 1.1], [4.29, 1.52, 3.77, 7.63, 3.05, 0.82, 4.95], [8.46, 6.15, 6.73, 3.18, 8.15, 6.29, 5.32]]",5.0,4.02,104,"[0.2, 0.29, 0.22, 0.29]","[[0, 0, 0, 0, 0, 0, 0, 0], [0, 0, 0, 2, 0, 0, 0, 0], [0, 0, 0, 0, 0, 0, 0, 0], [0, 1, 0, 0, 0, 0, 0, 0]]",2.994
2071,0.01,1,"[[2.54, 7.44, 2.24, 4.32, 2.76, 9.01, 8.48], [1.82, 8.34, 6.23, 3.89, 6.94, 3.11, 6.18], [7.6, 3.71, 5.31, 9.83, 1.09, 3.87, 7.81], [7.76, 7.0, 2.77, 7.48, 3.83, 0.31, 3.13]]",5.0,7.76,104,"[0.04, 0.07, 0.03, 0.86]","[[0, 0, 0, 0, 0, 0, 0, 0], [0, 0, 0, 0, 0, 0, 0, 0], [0, 0, 0, 0, 0, 0, 0, 0], [0, 1, 0, 0, 0, 2, 0, 0]]",2.994
2072,0.01,3,"[[7.04, 7.27, 1.99, 4.87, 6.53, 6.34, 1.47], [5.29, 2.16, 9.06, 4.67, 7.92, 5.41, 7.56], [6.95, 5.35, 1.7, 4.81, 6.84, 1.21, 8.92], [6.63, 5.53, 4.35, 1.42, 5.69, 5.92, 4.12]]",5.0,9.06,104,"[0.07, 0.87, 0.03, 0.03]","[[0, 0, 0, 0, 0, 0, 0, 0], [0, 3, 1, 7, 6, 4, 2, 5], [0, 0, 0, 0, 0, 0, 0, 0], [0, 0, 0, 0, 0, 0, 0, 0]]",2.994
2073,0.01,4,"[[7.32, 4.38, 4.99, 7.76, 5.0, 5.94, 2.36], [8.4, 3.61, 8.45, 4.23, 7.02, 4.36, 9.23], [1.69, 3.23, 3.54, 3.86, 3.72, 2.06, 0.61], [7.94, 7.02, 6.73, 4.28, 8.5, 0.13, 2.63]]",5.0,4.23,104,"[0.85, 0.03, 0.11, 0.01]","[[0, 1, 7, 2, 6, 5, 3, 4], [0, 0, 0, 0, 0, 0, 0, 0], [0, 0, 0, 0, 0, 0, 0, 0], [0, 0, 0, 0, 0, 0, 0, 0]]",2.994
2074,0.01,4,"[[5.11, 2.17, 0.1, 9.47, 2.73, 6.4, 3.36], [4.31, 7.26, 6.36, 8.48, 2.98, 4.68, 5.77], [8.38, 2.0, 6.14, 7.53, 4.7, 1.99, 1.53], [7.09, 5.94, 3.03, 5.37, 2.51, 3.9, 2.79]]",5.0,5.37,104,"[0.31, 0.35, 0.15, 0.19]","[[0, 8, 7, 2, 9, 6, 0, 5], [0, 1, 0, 0, 0, 3, 4, 0], [0, 0, 0, 0, 0, 0, 0, 0], [0, 0, 0, 0, 0, 0, 0, 0]]",2.994
2075,0.01,5,"[[4.41, 7.98, 5.03, 0.94, 6.07, 7.96, 3.08], [7.18, 6.38, 1.11, 4.77, 7.21, 4.82, 4.9], [5.63, 7.2, 7.79, 1.19, 2.56, 6.05, 3.13], [2.67, 2.05, 5.91, 4.15, 9.55, 4.46, 9.22]]",5.0,9.55,104,"[0.04, 0.02, 0.05, 0.89]","[[0, 0, 0, 0, 0, 0, 0, 0], [0, 0, 0, 0, 0, 0, 0, 0], [0, 0, 0, 0, 0, 0, 0, 0], [0, 1, 2, 3, 4, 5, 0, 0]]",2.994
2076,0.01,5,"[[8.47, 2.82, 7.33, 4.03, 7.07, 2.75, 1.54], [4.68, 3.16, 0.97, 1.44, 5.2, 6.65, 9.25], [8.41, 7.04, 1.31, 3.23, 7.09, 7.67, 1.55], [6.28, 2.99, 4.33, 1.28, 9.25, 6.99, 2.35]]",5.0,9.25,104,"[0.01, 0.01, 0.01, 0.97]","[[0, 0, 0, 0, 0, 0, 0, 0], [0, 0, 0, 0, 0, 0, 0, 0], [0, 0, 0, 0, 0, 0, 0, 0], [0, 1, 2, 3, 4, 5, 0, 0]]",2.994
2077,0.01,5,"[[1.92, 6.77, 0.18, 0.58, 7.09, 4.34, 4.61], [2.63, 2.6, 4.89, 2.52, 8.42, 2.23, 4.37], [6.54, 7.27, 4.71, 3.86, 8.83, 4.81, 5.31], [5.47, 8.91, 3.37, 8.65, 6.85, 1.47, 5.12]]",5.0,8.83,104,"[0.31, 0.2, 0.17, 0.32]","[[0, 0, 2, 0, 0, 4, 0, 0], [0, 0, 0, 0, 3, 0, 0, 0], [0, 0, 0, 0, 0, 0, 0, 0], [0, 1, 0, 0, 0, 0, 0, 0]]",2.994
2078,0.01,6,"[[2.09, 7.52, 9.74, 6.72, 2.88, 5.9, 5.87], [6.25, 4.49, 6.66, 2.68, 2.62, 7.58, 4.86], [0.33, 4.49, 3.44, 6.0, 4.73, 0.87, 2.63], [7.63, 1.46, 3.24, 5.72, 7.53, 7.25, 3.01]]",5.0,7.25,104,"[0.34, 0.23, 0.2, 0.23]","[[0, 1, 0, 0, 2, 0, 0, 0], [0, 0, 0, 3, 0, 0, 0, 0], [0, 0, 0, 0, 0, 0, 0, 0], [0, 0, 0, 0, 0, 0, 4, 0]]",2.994
2079,0.01,1,"[[7.74, 3.22, 6.43, 3.71, 7.81, 4.87, 5.0], [6.79, 7.24, 2.38, 4.86, 3.87, 6.17, 4.92], [3.15, 9.58, 2.44, 5.2, 8.45, 2.58, 2.29], [4.2, 1.81, 5.9, 9.47, 8.69, 2.45, 6.94]]",5.0,6.79,104,"[0.15, 0.38, 0.14, 0.33]","[[0, 0, 0, 0, 0, 0, 0, 0], [0, 1, 0, 0, 0, 3, 0, 0], [0, 0, 0, 0, 0, 0, 0, 0], [0, 0, 0, 2, 0, 0, 4, 0]]",2.994
2080,0.0,1,"[[0.14, 0.15, 0.11, 0.2, 0.03, 0.13, 0.04], [0.03, 0.07, 0.1, 0.21, 0.1, 0.13, 0.08], [0.14, 0.03, 0.06, 0.05, 0.15, 0.08, 0.09], [0.13, 0.08, 0.16, 0.01, 0.21, 0.09, 0.05]]",0.13,0.14,105,"[0.06, 0.03, 0.86, 0.05]","[[0, 1, 2, 3, 4, 5, 6, 7], [0, 14, 13, 12, 11, 10, 9, 8], [0, 15, 16, 17, 18, 19, 20, 21], [0, 22, 23, 24, 25, 26, 27, 28]]",0.072
2081,0.0,7,"[[0.21, 0.18, 0.18, 0.07, 0.17, 0.09, 0.08], [0.07, 0.09, 0.01, 0.16, 0.02, 0.06, 0.25], [0.21, 0.16, 0.24, 0.08, 0.24, 0.16, 0.09], [0.17, 0.08, 0.18, 0.24, 0.11, 0.09, 0.22]]",0.13,0.22,105,"[0.21, 0.27, 0.2, 0.32]","[[0, 1, 8, 9, 16, 17, 24, 25], [0, 2, 7, 10, 15, 18, 23, 26], [0, 3, 6, 11, 14, 19, 22, 27], [0, 4, 5, 12, 13, 20, 21, 28]]",0.072
2082,0.0,7,"[[0.17, 0.04, 0.18, 0.09, 0.04, 0.16, 0.22], [0.22, 0.14, 0.04, 0.11, 0.04, 0.23, 0.13], [0.09, 0.1, 0.01, 0.06, 0.15, 0.17, 0.05], [0.04, 0.06, 0.1, 0.03, 0.1, 0.03, 0.15]]",0.13,0.13,105,"[0.35, 0.15, 0.13, 0.37]","[[0, 1, 2, 3, 4, 5, 7, 6], [0, 14, 13, 12, 11, 10, 9, 8], [0, 15, 19, 18, 21, 24, 25, 28], [0, 16, 17, 20, 22, 23, 26, 27]]",0.072
2083,0.0,2,"[[0.14, 0.16, 0.16, 0.21, 0.14, 0.04, 0.08], [0.06, 0.2, 0.17, 0.04, 0.15, 0.07, 0.15], [0.13, 0.19, 0.14, 0.02, 0.08, 0.23, 0.1], [0.15, 0.03, 0.13, 0.07, 0.13, 0.07, 0.19]]",0.13,0.16,105,"[0.26, 0.28, 0.24, 0.22]","[[0, 1, 8, 9, 16, 17, 24, 25], [0, 2, 7, 10, 15, 18, 23, 26], [0, 3, 6, 11, 14, 19, 22, 27], [0, 4, 5, 12, 13, 20, 21, 28]]",0.072
2084,0.0,7,"[[0.16, 0.21, 0.19, 0.12, 0.21, 0.05, 0.2], [0.14, 0.1, 0.04, 0.07, 0.08, 0.16, 0.22], [0.03, 0.17, 0.22, 0.13, 0.04, 0.22, 0.12], [0.16, 0.14, 0.16, 0.16, 0.18, 0.13, 0.14]]",0.13,0.22,105,"[0.06, 0.89, 0.04, 0.01]","[[0, 1, 8, 9, 16, 17, 24, 25], [0, 2, 7, 10, 15, 18, 23, 26], [0, 3, 6, 11, 14, 19, 22, 27], [0, 4, 5, 12, 13, 20, 21, 28]]",0.072
2085,0.0,3,"[[0.15, 0.08, 0.16, 0.16, 0.12, 0.04, 0.13], [0.17, 0.17, 0.2, 0.1, 0.06, 0.16, 0.12], [0.04, 0.25, 0.2, 0.11, 0.04, 0.11, 0.24], [0.15, 0.14, 0.05, 0.11, 0.22, 0.22, 0.2]]",0.13,0.2,105,"[0.01, 0.89, 0.09, 0.01]","[[0, 4, 5, 12, 20, 19, 18, 17], [0, 1, 6, 11, 13, 14, 15, 16], [0, 2, 7, 10, 21, 22, 23, 24], [0, 3, 8, 9, 0, 0, 0, 0]]",0.072
2086,0.0,6,"[[0.18, 0.08, 0.04, 0.19, 0.05, 0.05, 0.16], [0.09, 0.22, 0.23, 0.17, 0.13, 0.24, 0.18], [0.21, 0.2, 0.1, 0.14, 0.11, 0.11, 0.19], [0.23, 0.14, 0.16, 0.18, 0.12, 0.18, 0.03]]",0.13,0.24,105,"[0.02, 0.92, 0.02, 0.04]","[[0, 0, 0, 0, 0, 0, 20, 0], [0, 1, 2, 3, 4, 5, 6, 7], [0, 15, 16, 17, 18, 0, 19, 0], [0, 14, 13, 12, 11, 10, 9, 8]]",0.072
2087,0.0,2,"[[0.16, 0.14, 0.08, 0.14, 0.11, 0.13, 0.09], [0.19, 0.11, 0.19, 0.08, 0.11, 0.19, 0.13], [0.21, 0.23, 0.11, 0.11, 0.1, 0.18, 0.03], [0.04, 0.14, 0.12, 0.13, 0.05, 0.04, 0.05]]",0.13,0.14,105,"[0.31, 0.22, 0.18, 0.29]","[[0, 1, 2, 3, 4, 5, 6, 7], [0, 15, 16, 17, 18, 19, 20, 21], [0, 28, 27, 26, 24, 25, 23, 22], [0, 8, 9, 10, 11, 12, 13, 14]]",0.072
2088,0.0,5,"[[0.19, 0.09, 0.13, 0.2, 0.03, 0.17, 0.2], [0.08, 0.14, 0.18, 0.15, 0.19, 0.11, 0.07], [0.15, 0.06, 0.07, 0.11, 0.19, 0.02, 0.14], [0.12, 0.04, 0.06, 0.04, 0.06, 0.19, 0.09]]",0.13,0.19,105,"[0.02, 0.85, 0.05, 0.08]","[[0, 22, 23, 24, 25, 26, 27, 28], [0, 1, 2, 3, 4, 5, 6, 7], [0, 21, 20, 19, 18, 17, 16, 15], [0, 10, 9, 8, 11, 12, 13, 14]]",0.072
2089,0.0,7,"[[0.11, 0.06, 0.11, 0.08, 0.17, 0.11, 0.11], [0.14, 0.12, 0.06, 0.14, 0.09, 0.14, 0.12], [0.04, 0.15, 0.09, 0.13, 0.15, 0.18, 0.21], [0.1, 0.08, 0.17, 0.08, 0.19, 0.13, 0.19]]",0.13,0.19,105,"[0.26, 0.2, 0.27, 0.27]","[[0, 4, 5, 12, 13, 20, 21, 28], [0, 3, 6, 11, 14, 19, 22, 27], [0, 2, 7, 10, 15, 18, 23, 26], [0, 1, 8, 9, 16, 17, 24, 25]]",0.072
2090,0.0,2,"[[0.72, 5.25, 9.97, 4.85, 8.58, 2.57, 9.15], [5.48, 9.36, 2.36, 9.25, 3.72, 4.76, 6.74], [7.14, 7.36, 2.91, 4.13, 7.03, 8.48, 0.38], [5.84, 6.37, 7.56, 3.71, 4.02, 2.93, 0.09]]",5.0,9.36,105,"[0.03, 0.85, 0.06, 0.06]","[[0, 14, 13, 12, 11, 10, 9, 8], [0, 1, 2, 3, 4, 5, 6, 7], [0, 15, 16, 17, 18, 19, 20, 21], [0, 28, 27, 26, 25, 24, 23, 22]]",2.994
2091,0.0,5,"[[5.92, 9.68, 5.15, 2.59, 5.89, 7.38, 2.85], [1.22, 5.64, 6.3, 3.82, 9.13, 6.51, 3.36], [6.72, 1.0, 8.86, 8.25, 8.82, 6.13, 4.12], [7.5, 7.75, 5.39, 3.9, 7.48, 3.23, 1.98]]",5.0,9.13,105,"[0.3, 0.17, 0.24, 0.29]","[[0, 1, 8, 9, 16, 17, 24, 25], [0, 2, 7, 10, 15, 18, 23, 26], [0, 3, 6, 11, 14, 19, 22, 27], [0, 4, 5, 12, 13, 20, 21, 28]]",2.994
2092,0.0,4,"[[6.2, 4.19, 3.44, 8.27, 6.51, 4.65, 4.01], [2.89, 4.13, 4.82, 8.89, 9.25, 0.96, 6.04], [8.8, 2.84, 4.5, 4.81, 3.19, 0.46, 7.31], [5.12, 1.87, 1.91, 7.0, 2.08, 5.06, 2.86]]",5.0,7.0,105,"[0.15, 0.21, 0.3, 0.34]","[[0, 5, 6, 12, 13, 20, 21, 28], [0, 1, 2, 11, 14, 19, 22, 27], [0, 4, 3, 10, 15, 18, 23, 26], [0, 8, 7, 9, 16, 17, 24, 25]]",2.994
2093,0.0,3,"[[5.28, 9.9, 6.81, 1.61, 2.79, 8.92, 6.09], [3.46, 6.68, 6.44, 3.71, 3.55, 0.25, 8.07], [6.52, 2.17, 8.0, 8.5, 5.35, 1.81, 3.32], [5.89, 1.86, 6.44, 5.29, 3.29, 8.96, 7.12]]",5.0,8.0,105,"[0.23, 0.3, 0.24, 0.23]","[[0, 1, 8, 9, 16, 17, 24, 25], [0, 2, 7, 10, 15, 18, 23, 26], [0, 3, 6, 11, 14, 19, 22, 27], [0, 4, 5, 12, 13, 20, 21, 28]]",2.994
2094,0.0,4,"[[7.74, 3.22, 6.43, 3.71, 7.81, 4.87, 5.0], [6.79, 7.24, 2.38, 4.86, 3.87, 6.17, 4.92], [3.15, 9.58, 2.44, 5.2, 8.45, 2.58, 2.29], [4.2, 1.81, 5.9, 9.47, 8.69, 2.45, 6.94]]",5.0,4.86,105,"[0.15, 0.38, 0.14, 0.33]","[[0, 8, 9, 16, 18, 22, 23, 28], [0, 1, 2, 3, 4, 5, 6, 7], [0, 11, 10, 15, 17, 21, 24, 27], [0, 12, 13, 14, 19, 20, 25, 26]]",2.994
2095,0.0,2,"[[2.54, 7.44, 2.24, 4.32, 2.76, 9.01, 8.48], [1.82, 8.34, 6.23, 3.89, 6.94, 3.11, 6.18], [7.6, 3.71, 5.31, 9.83, 1.09, 3.87, 7.81], [7.76, 7.0, 2.77, 7.48, 3.83, 0.31, 3.13]]",5.0,7.0,105,"[0.04, 0.07, 0.03, 0.86]","[[0, 13, 14, 0, 19, 0, 0, 10], [0, 12, 15, 0, 18, 0, 0, 9], [0, 11, 16, 0, 17, 0, 0, 8], [0, 1, 2, 3, 4, 5, 6, 7]]",2.994
2096,0.0,3,"[[9.88, 3.37, 6.84, 6.02, 5.72, 2.47, 6.83], [4.66, 3.57, 1.89, 8.02, 4.52, 4.58, 0.56], [5.57, 8.71, 8.98, 7.3, 1.41, 5.09, 6.3], [2.79, 3.58, 9.87, 3.61, 3.51, 7.13, 2.78]]",5.0,9.87,105,"[0.02, 0.05, 0.05, 0.88]","[[0, 0, 0, 10, 0, 0, 13, 0], [0, 0, 0, 9, 0, 0, 12, 0], [0, 0, 0, 8, 0, 0, 11, 0], [0, 1, 2, 3, 4, 5, 6, 7]]",2.994
2097,0.0,2,"[[3.89, 7.03, 1.42, 3.85, 5.57, 3.85, 2.09], [1.42, 3.42, 3.49, 1.78, 8.76, 8.52, 6.88], [3.98, 7.53, 6.94, 2.68, 5.16, 4.6, 0.82], [7.43, 7.31, 6.36, 5.75, 9.0, 9.88, 3.78]]",5.0,7.03,105,"[0.86, 0.01, 0.02, 0.11]","[[0, 1, 2, 3, 4, 5, 6, 7], [0, 0, 8, 0, 0, 13, 0, 0], [0, 0, 9, 0, 0, 12, 0, 0], [0, 0, 10, 0, 0, 11, 0, 0]]",2.994
2098,0.0,4,"[[5.11, 2.17, 0.1, 9.47, 2.73, 6.4, 3.36], [4.31, 7.26, 6.36, 8.48, 2.98, 4.68, 5.77], [8.38, 2.0, 6.14, 7.53, 4.7, 1.99, 1.53], [7.09, 5.94, 3.03, 5.37, 2.51, 3.9, 2.79]]",5.0,8.48,105,"[0.31, 0.35, 0.15, 0.19]","[[0, 4, 5, 12, 13, 20, 21, 28], [0, 3, 6, 11, 14, 19, 22, 27], [0, 2, 7, 10, 15, 18, 23, 26], [0, 1, 8, 9, 16, 17, 24, 25]]",2.994
2099,0.0,7,"[[8.39, 1.9, 3.96, 5.78, 2.24, 5.8, 4.1], [0.94, 5.02, 2.49, 5.54, 6.54, 4.33, 9.65], [7.94, 7.8, 4.1, 9.82, 1.59, 4.84, 8.58], [8.96, 7.49, 1.94, 3.92, 0.76, 2.82, 6.17]]",5.0,8.58,105,"[0.11, 0.85, 0.02, 0.02]","[[0, 0, 17, 0, 16, 11, 0, 8], [0, 1, 2, 3, 4, 5, 6, 7], [0, 0, 18, 0, 15, 12, 0, 9], [0, 0, 19, 0, 14, 13, 0, 10]]",2.994
2100,0.0,7,"[[0.17, 0.04, 0.18, 0.09, 0.04, 0.16, 0.22], [0.22, 0.14, 0.04, 0.11, 0.04, 0.23, 0.13], [0.09, 0.1, 0.01, 0.06, 0.15, 0.17, 0.05], [0.04, 0.06, 0.1, 0.03, 0.1, 0.03, 0.15]]",0.13,0.13,106,"[0.35, 0.15, 0.13, 0.37]","[[0, 14, 13, 12, 11, 10, 9, 8], [0, 15, 16, 18, 17, 19, 20, 0], [0, 0, 0, 0, 0, 0, 0, 0], [0, 1, 2, 3, 4, 5, 7, 6]]",0.072
2101,0.0,1,"[[0.08, 0.08, 0.03, 0.08, 0.06, 0.11, 0.11], [0.21, 0.12, 0.16, 0.16, 0.17, 0.12, 0.08], [0.24, 0.22, 0.1, 0.12, 0.06, 0.2, 0.05], [0.13, 0.19, 0.1, 0.18, 0.14, 0.09, 0.16]]",0.13,0.08,106,"[0.12, 0.34, 0.21, 0.33]","[[0, 22, 23, 24, 25, 26, 27, 28], [0, 1, 12, 11, 13, 14, 10, 9], [0, 21, 20, 19, 18, 17, 15, 16], [0, 2, 3, 4, 5, 6, 7, 8]]",0.072
2102,0.0,4,"[[0.08, 0.23, 0.11, 0.15, 0.14, 0.16, 0.07], [0.19, 0.17, 0.09, 0.16, 0.14, 0.09, 0.03], [0.13, 0.11, 0.24, 0.17, 0.14, 0.06, 0.15], [0.09, 0.17, 0.09, 0.17, 0.19, 0.1, 0.17]]",0.13,0.17,106,"[0.01, 0.02, 0.11, 0.86]","[[0, 1, 10, 11, 27, 26, 28, 25], [0, 2, 9, 12, 21, 22, 23, 24], [0, 3, 8, 7, 20, 19, 18, 17], [0, 4, 5, 6, 14, 15, 13, 16]]",0.072
2103,0.0,7,"[[0.15, 0.2, 0.21, 0.14, 0.15, 0.21, 0.2], [0.1, 0.12, 0.15, 0.05, 0.19, 0.19, 0.19], [0.2, 0.18, 0.22, 0.07, 0.23, 0.17, 0.15], [0.25, 0.17, 0.14, 0.07, 0.06, 0.14, 0.21]]",0.13,0.2,106,"[0.33, 0.32, 0.13, 0.22]","[[0, 27, 26, 22, 21, 20, 19, 17], [0, 28, 25, 23, 24, 15, 16, 18], [0, 12, 11, 13, 10, 14, 9, 8], [0, 1, 2, 3, 4, 5, 6, 7]]",0.072
2104,0.0,7,"[[0.16, 0.21, 0.19, 0.12, 0.21, 0.05, 0.2], [0.14, 0.1, 0.04, 0.07, 0.08, 0.16, 0.22], [0.03, 0.17, 0.22, 0.13, 0.04, 0.22, 0.12], [0.16, 0.14, 0.16, 0.16, 0.18, 0.13, 0.14]]",0.13,0.22,106,"[0.06, 0.89, 0.04, 0.01]","[[0, 28, 27, 26, 25, 23, 24, 22], [0, 15, 16, 17, 18, 19, 20, 21], [0, 14, 13, 12, 11, 10, 9, 8], [0, 1, 2, 3, 4, 5, 6, 7]]",0.072
2105,0.0,5,"[[0.11, 0.06, 0.11, 0.08, 0.17, 0.11, 0.11], [0.14, 0.12, 0.06, 0.14, 0.09, 0.14, 0.12], [0.04, 0.15, 0.09, 0.13, 0.15, 0.18, 0.21], [0.1, 0.08, 0.17, 0.08, 0.19, 0.13, 0.19]]",0.13,0.09,106,"[0.26, 0.2, 0.27, 0.27]","[[0, 1, 13, 2, 3, 4, 6, 5], [0, 14, 12, 11, 10, 9, 8, 7], [0, 28, 15, 25, 16, 17, 18, 19], [0, 27, 26, 24, 23, 22, 21, 20]]",0.072
2106,0.0,3,"[[0.12, 0.04, 0.15, 0.03, 0.12, 0.21, 0.16], [0.15, 0.15, 0.1, 0.11, 0.22, 0.11, 0.06], [0.06, 0.07, 0.19, 0.11, 0.05, 0.07, 0.16], [0.05, 0.12, 0.14, 0.09, 0.12, 0.13, 0.02]]",0.13,0.15,106,"[0.04, 0.05, 0.89, 0.02]","[[0, 1, 2, 3, 4, 5, 6, 7], [0, 26, 25, 20, 19, 14, 13, 8], [0, 27, 24, 21, 17, 15, 12, 9], [0, 28, 23, 22, 16, 18, 11, 10]]",0.072
2107,0.0,2,"[[0.06, 0.22, 0.11, 0.12, 0.13, 0.09, 0.18], [0.2, 0.17, 0.05, 0.09, 0.17, 0.16, 0.24], [0.14, 0.03, 0.23, 0.14, 0.04, 0.13, 0.18], [0.16, 0.1, 0.17, 0.16, 0.14, 0.04, 0.05]]",0.13,0.22,106,"[0.87, 0.02, 0.1, 0.01]","[[0, 1, 2, 9, 16, 17, 26, 24], [0, 3, 8, 10, 15, 18, 23, 25], [0, 4, 7, 13, 14, 19, 22, 27], [0, 5, 6, 11, 12, 20, 21, 28]]",0.072
2108,0.0,3,"[[0.23, 0.06, 0.08, 0.13, 0.11, 0.05, 0.11], [0.17, 0.17, 0.17, 0.13, 0.09, 0.2, 0.07], [0.21, 0.11, 0.17, 0.05, 0.13, 0.11, 0.17], [0.16, 0.02, 0.2, 0.19, 0.23, 0.13, 0.13]]",0.13,0.08,106,"[0.24, 0.22, 0.21, 0.33]","[[0, 1, 10, 8, 16, 17, 24, 25], [0, 2, 7, 9, 15, 18, 23, 26], [0, 3, 6, 11, 14, 19, 22, 27], [0, 4, 5, 13, 12, 20, 21, 28]]",0.072
2109,0.0,3,"[[0.02, 0.1, 0.05, 0.19, 0.09, 0.05, 0.06], [0.03, 0.12, 0.22, 0.08, 0.02, 0.07, 0.12], [0.18, 0.19, 0.1, 0.18, 0.18, 0.13, 0.15], [0.08, 0.17, 0.23, 0.11, 0.13, 0.16, 0.07]]",0.13,0.23,106,"[0.06, 0.06, 0.03, 0.85]","[[0, 1, 9, 10, 16, 20, 21, 27], [0, 2, 8, 11, 15, 17, 22, 28], [0, 3, 6, 12, 14, 18, 23, 26], [0, 4, 7, 5, 13, 19, 24, 25]]",0.072
2110,0.0,6,"[[2.65, 1.66, 4.12, 6.28, 3.9, 4.24, 8.17], [4.84, 2.23, 5.57, 7.45, 3.35, 5.55, 3.39], [6.15, 3.53, 5.47, 2.82, 6.99, 9.09, 0.79], [2.47, 2.31, 1.36, 3.11, 4.52, 5.21, 3.31]]",5.0,5.21,106,"[0.01, 0.06, 0.02, 0.91]","[[0, 1, 7, 9, 16, 17, 24, 25], [0, 2, 8, 10, 15, 18, 23, 26], [0, 3, 6, 11, 14, 19, 22, 27], [0, 4, 5, 12, 13, 20, 21, 28]]",2.994
2111,0.0,6,"[[1.89, 1.68, 4.82, 0.64, 6.72, 5.82, 3.47], [2.81, 5.64, 4.93, 5.88, 1.19, 6.58, 2.91], [6.88, 4.96, 4.06, 5.77, 1.03, 4.24, 5.62], [0.22, 1.89, 4.63, 5.2, 4.1, 3.36, 6.44]]",5.0,5.82,106,"[0.25, 0.26, 0.31, 0.18]","[[0, 1, 8, 9, 16, 17, 24, 25], [0, 2, 7, 10, 15, 18, 23, 26], [0, 3, 6, 11, 14, 19, 22, 27], [0, 4, 5, 12, 13, 20, 21, 28]]",2.994
2112,0.0,2,"[[7.11, 5.78, 4.85, 4.33, 7.33, 7.89, 5.26], [5.95, 7.87, 3.44, 7.0, 6.97, 5.22, 6.26], [3.72, 9.35, 7.04, 6.38, 7.42, 6.47, 5.89], [5.94, 4.84, 1.39, 4.52, 3.41, 2.82, 3.73]]",5.0,9.35,106,"[0.33, 0.2, 0.24, 0.23]","[[0, 1, 8, 9, 16, 17, 24, 25], [0, 2, 7, 10, 15, 18, 23, 26], [0, 3, 6, 11, 14, 19, 22, 27], [0, 5, 4, 12, 13, 20, 21, 28]]",2.994
2113,0.0,5,"[[8.51, 2.86, 5.22, 3.29, 7.8, 7.12, 2.91], [7.85, 5.63, 4.76, 5.73, 4.36, 4.99, 0.21], [1.1, 2.64, 4.86, 7.57, 7.15, 0.31, 2.34], [6.38, 5.91, 3.08, 6.0, 7.58, 3.85, 6.26]]",5.0,7.58,106,"[0.19, 0.32, 0.23, 0.26]","[[0, 1, 8, 9, 16, 17, 24, 25], [0, 2, 7, 10, 15, 18, 23, 26], [0, 3, 6, 11, 14, 19, 22, 27], [0, 4, 5, 12, 13, 20, 21, 28]]",2.994
2114,0.0,5,"[[8.47, 2.82, 7.33, 4.03, 7.07, 2.75, 1.54], [4.68, 3.16, 0.97, 1.44, 5.2, 6.65, 9.25], [8.41, 7.04, 1.31, 3.23, 7.09, 7.67, 1.55], [6.28, 2.99, 4.33, 1.28, 9.25, 6.99, 2.35]]",5.0,9.25,106,"[0.01, 0.01, 0.01, 0.97]","[[0, 1, 8, 9, 16, 17, 24, 25], [0, 2, 7, 10, 15, 18, 23, 26], [0, 3, 6, 11, 14, 19, 21, 27], [0, 4, 5, 12, 13, 22, 20, 28]]",2.994
2115,0.0,5,"[[0.95, 2.78, 3.25, 5.38, 7.09, 3.77, 4.83], [7.13, 8.96, 5.39, 2.27, 8.34, 7.96, 4.55], [9.77, 5.61, 8.97, 8.09, 6.52, 2.37, 9.08], [8.52, 1.84, 1.06, 3.62, 0.7, 3.27, 0.14]]",5.0,7.09,106,"[0.85, 0.07, 0.07, 0.01]","[[0, 1, 8, 9, 16, 17, 24, 25], [0, 2, 7, 10, 15, 18, 23, 26], [0, 3, 6, 11, 14, 19, 22, 27], [0, 4, 5, 12, 13, 20, 21, 28]]",2.994
2116,0.0,7,"[[3.55, 2.94, 0.08, 3.13, 2.15, 9.59, 4.77], [4.35, 5.83, 1.82, 2.79, 3.6, 4.35, 6.66], [4.91, 4.62, 9.06, 2.02, 4.04, 2.21, 7.62], [0.78, 5.9, 1.77, 4.45, 7.63, 4.39, 2.86]]",5.0,6.66,106,"[0.34, 0.11, 0.27, 0.28]","[[0, 1, 7, 12, 13, 20, 21, 28], [0, 2, 6, 11, 14, 19, 22, 27], [0, 3, 5, 10, 16, 18, 23, 26], [0, 4, 8, 9, 15, 17, 24, 25]]",2.994
2117,0.0,1,"[[7.91, 1.03, 5.87, 7.52, 6.88, 7.18, 6.1], [5.88, 5.55, 1.78, 3.0, 4.69, 4.52, 8.75], [5.71, 1.25, 6.22, 6.17, 8.38, 7.26, 4.32], [6.4, 8.88, 5.28, 4.23, 1.08, 0.7, 3.39]]",5.0,6.4,106,"[0.3, 0.18, 0.2, 0.32]","[[0, 1, 8, 9, 16, 17, 23, 25], [0, 2, 7, 10, 15, 18, 24, 26], [0, 3, 6, 11, 14, 19, 22, 27], [0, 4, 5, 12, 13, 20, 21, 28]]",2.994
2118,0.0,5,"[[5.16, 3.84, 2.97, 6.89, 7.92, 3.02, 6.81], [6.93, 3.64, 5.33, 8.47, 3.82, 8.88, 7.83], [4.51, 5.38, 9.21, 3.79, 4.77, 9.29, 4.59], [3.55, 8.48, 4.66, 2.28, 3.95, 2.95, 5.67]]",5.0,7.92,106,"[0.86, 0.08, 0.05, 0.01]","[[0, 1, 8, 9, 16, 17, 24, 25], [0, 2, 7, 10, 15, 18, 23, 26], [0, 3, 6, 11, 13, 19, 22, 27], [0, 4, 5, 12, 14, 20, 21, 28]]",2.994
2119,0.0,5,"[[7.04, 7.27, 1.99, 4.87, 6.53, 6.34, 1.47], [5.29, 2.16, 9.06, 4.67, 7.92, 5.41, 7.56], [6.95, 5.35, 1.7, 4.81, 6.84, 1.21, 8.92], [6.63, 5.53, 4.35, 1.42, 5.69, 5.92, 4.12]]",5.0,7.92,106,"[0.07, 0.87, 0.03, 0.03]","[[0, 3, 1, 12, 13, 20, 21, 28], [0, 2, 4, 11, 14, 19, 23, 27], [0, 5, 8, 9, 15, 18, 22, 26], [0, 6, 7, 10, 16, 17, 24, 25]]",2.994
2120,0.0,1,"[[2.54, 7.44, 2.24, 4.32, 2.76, 9.01, 8.48], [1.82, 8.34, 6.23, 3.89, 6.94, 3.11, 6.18], [7.6, 3.71, 5.31, 9.83, 1.09, 3.87, 7.81], [7.76, 7.0, 2.77, 7.48, 3.83, 0.31, 3.13]]",5.0,7.76,107,"[0.04, 0.07, 0.03, 0.86]","[[0, 1, 5, 12, 13, 20, 21, 28], [0, 2, 6, 11, 14, 19, 22, 27], [0, 3, 7, 10, 15, 18, 23, 26], [0, 4, 8, 9, 16, 17, 24, 25]]",2.994
2121,0.0,3,"[[5.28, 9.9, 6.81, 1.61, 2.79, 8.92, 6.09], [3.46, 6.68, 6.44, 3.71, 3.55, 0.25, 8.07], [6.52, 2.17, 8.0, 8.5, 5.35, 1.81, 3.32], [5.89, 1.86, 6.44, 5.29, 3.29, 8.96, 7.12]]",5.0,6.44,107,"[0.23, 0.3, 0.24, 0.23]","[[0, 1, 8, 9, 16, 17, 24, 25], [0, 2, 7, 10, 15, 18, 23, 26], [0, 3, 6, 11, 14, 19, 22, 27], [0, 4, 5, 12, 13, 20, 21, 28]]",2.994
2122,0.0,5,"[[8.47, 2.82, 7.33, 4.03, 7.07, 2.75, 1.54], [4.68, 3.16, 0.97, 1.44, 5.2, 6.65, 9.25], [8.41, 7.04, 1.31, 3.23, 7.09, 7.67, 1.55], [6.28, 2.99, 4.33, 1.28, 9.25, 6.99, 2.35]]",5.0,9.25,107,"[0.01, 0.01, 0.01, 0.97]","[[0, 1, 9, 10, 15, 16, 27, 28], [0, 7, 2, 11, 14, 17, 26, 25], [0, 6, 5, 12, 13, 20, 23, 24], [0, 8, 4, 3, 19, 18, 21, 22]]",2.994
2123,0.0,3,"[[6.38, 4.4, 2.78, 4.02, 3.28, 4.56, 6.79], [6.89, 5.4, 5.87, 9.63, 0.42, 4.93, 4.29], [2.96, 2.23, 8.29, 4.74, 3.72, 2.39, 0.86], [5.36, 5.18, 6.28, 1.08, 2.81, 5.95, 9.65]]",5.0,8.29,107,"[0.2, 0.38, 0.3, 0.12]","[[0, 1, 5, 20, 21, 23, 26, 27], [0, 4, 6, 9, 10, 11, 12, 13], [0, 3, 7, 18, 17, 16, 15, 14], [0, 2, 8, 19, 22, 24, 25, 28]]",2.994
2124,0.0,6,"[[6.18, 4.93, 6.72, 3.3, 6.34, 6.06, 5.41], [7.2, 2.38, 3.93, 9.67, 4.79, 7.96, 3.99], [0.82, 2.25, 1.43, 2.43, 5.42, 7.07, 9.93], [9.97, 3.97, 5.79, 8.9, 4.27, 7.39, 5.81]]",5.0,7.96,107,"[0.28, 0.28, 0.19, 0.25]","[[0, 1, 5, 15, 16, 17, 24, 25], [0, 2, 6, 13, 14, 18, 23, 28], [0, 3, 7, 11, 12, 19, 22, 26], [0, 4, 8, 9, 10, 20, 21, 27]]",2.994
2125,0.0,5,"[[5.16, 3.84, 2.97, 6.89, 7.92, 3.02, 6.81], [6.93, 3.64, 5.33, 8.47, 3.82, 8.88, 7.83], [4.51, 5.38, 9.21, 3.79, 4.77, 9.29, 4.59], [3.55, 8.48, 4.66, 2.28, 3.95, 2.95, 5.67]]",5.0,7.92,107,"[0.86, 0.08, 0.05, 0.01]","[[0, 1, 5, 6, 7, 8, 9, 10], [0, 0, 2, 0, 11, 14, 0, 0], [0, 0, 3, 0, 12, 15, 0, 0], [0, 0, 4, 0, 13, 16, 0, 0]]",2.994
2126,0.0,5,"[[4.41, 7.98, 5.03, 0.94, 6.07, 7.96, 3.08], [7.18, 6.38, 1.11, 4.77, 7.21, 4.82, 4.9], [5.63, 7.2, 7.79, 1.19, 2.56, 6.05, 3.13], [2.67, 2.05, 5.91, 4.15, 9.55, 4.46, 9.22]]",5.0,9.55,107,"[0.04, 0.02, 0.05, 0.89]","[[0, 0, 0, 0, 0, 12, 0, 13], [0, 0, 0, 0, 0, 11, 0, 10], [0, 0, 0, 0, 0, 8, 0, 9], [0, 1, 2, 3, 4, 5, 6, 7]]",2.994
2127,0.0,5,"[[2.88, 2.6, 7.89, 4.77, 7.12, 4.23, 2.87], [3.29, 2.97, 3.82, 9.51, 9.45, 8.27, 5.42], [3.22, 3.81, 4.18, 2.52, 3.48, 3.16, 9.41], [1.89, 5.73, 6.1, 1.69, 4.58, 1.23, 3.5]]",5.0,7.12,107,"[0.2, 0.16, 0.26, 0.38]","[[0, 3, 4, 11, 12, 20, 25, 21], [0, 16, 5, 10, 13, 24, 26, 19], [0, 2, 6, 9, 15, 22, 18, 28], [0, 1, 7, 8, 14, 17, 27, 23]]",2.994
2128,0.0,2,"[[1.92, 6.77, 0.18, 0.58, 7.09, 4.34, 4.61], [2.63, 2.6, 4.89, 2.52, 8.42, 2.23, 4.37], [6.54, 7.27, 4.71, 3.86, 8.83, 4.81, 5.31], [5.47, 8.91, 3.37, 8.65, 6.85, 1.47, 5.12]]",5.0,8.91,107,"[0.31, 0.2, 0.17, 0.32]","[[0, 4, 5, 12, 13, 20, 21, 28], [0, 3, 6, 11, 14, 19, 22, 27], [0, 2, 7, 10, 15, 18, 23, 26], [0, 1, 8, 9, 16, 17, 24, 25]]",2.994
2129,0.0,1,"[[1.63, 4.7, 3.32, 2.64, 8.47, 3.24, 4.54], [8.67, 5.47, 1.74, 1.77, 1.06, 7.43, 3.25], [4.05, 4.33, 1.96, 6.68, 6.28, 9.52, 7.64], [3.95, 5.24, 1.85, 2.91, 0.64, 2.21, 1.85]]",5.0,8.67,107,"[0.05, 0.89, 0.05, 0.01]","[[0, 9, 13, 14, 19, 0, 0, 0], [0, 1, 3, 2, 4, 5, 6, 7], [0, 8, 12, 15, 18, 0, 0, 0], [0, 10, 11, 16, 17, 0, 0, 0]]",2.994
2130,0.0,5,"[[0.14, 0.15, 0.11, 0.2, 0.03, 0.13, 0.04], [0.03, 0.07, 0.1, 0.21, 0.1, 0.13, 0.08], [0.14, 0.03, 0.06, 0.05, 0.15, 0.08, 0.09], [0.13, 0.08, 0.16, 0.01, 0.21, 0.09, 0.05]]",0.13,0.15,107,"[0.06, 0.03, 0.86, 0.05]","[[0, 0, 0, 0, 0, 0, 0, 0], [0, 0, 0, 0, 0, 0, 0, 0], [0, 1, 2, 3, 4, 5, 6, 7], [0, 0, 0, 0, 0, 0, 0, 0]]",0.072
2131,0.0,2,"[[0.1, 0.22, 0.11, 0.07, 0.15, 0.15, 0.08], [0.22, 0.14, 0.05, 0.13, 0.2, 0.14, 0.2], [0.02, 0.25, 0.2, 0.08, 0.15, 0.02, 0.07], [0.11, 0.1, 0.17, 0.14, 0.2, 0.08, 0.11]]",0.13,0.25,107,"[0.87, 0.08, 0.02, 0.03]","[[0, 1, 2, 3, 4, 5, 6, 7], [0, 8, 9, 10, 11, 12, 13, 14], [0, 0, 0, 0, 0, 0, 0, 0], [0, 0, 0, 0, 0, 0, 0, 0]]",0.072
2132,0.0,5,"[[0.11, 0.22, 0.08, 0.2, 0.14, 0.03, 0.13], [0.17, 0.02, 0.02, 0.09, 0.21, 0.16, 0.15], [0.09, 0.18, 0.16, 0.17, 0.05, 0.09, 0.1], [0.18, 0.05, 0.09, 0.19, 0.24, 0.18, 0.12]]",0.13,0.21,107,"[0.33, 0.18, 0.11, 0.38]","[[0, 1, 3, 6, 7, 10, 11, 14], [0, 17, 0, 0, 19, 15, 0, 0], [0, 18, 0, 0, 20, 16, 0, 0], [0, 2, 4, 5, 8, 9, 12, 13]]",0.072
2133,0.0,7,"[[0.19, 0.11, 0.24, 0.23, 0.21, 0.14, 0.16], [0.12, 0.1, 0.02, 0.19, 0.1, 0.08, 0.14], [0.05, 0.21, 0.07, 0.2, 0.09, 0.02, 0.23], [0.09, 0.04, 0.09, 0.14, 0.18, 0.2, 0.23]]",0.13,0.23,107,"[0.03, 0.01, 0.92, 0.04]","[[0, 0, 0, 0, 0, 0, 0, 0], [0, 0, 0, 0, 0, 0, 0, 0], [0, 1, 2, 3, 4, 6, 5, 7], [0, 0, 0, 0, 0, 0, 0, 0]]",0.072
2134,0.0,6,"[[0.14, 0.12, 0.08, 0.02, 0.14, 0.19, 0.09], [0.2, 0.01, 0.13, 0.03, 0.11, 0.06, 0.23], [0.19, 0.12, 0.16, 0.15, 0.16, 0.07, 0.21], [0.09, 0.14, 0.24, 0.12, 0.1, 0.2, 0.16]]",0.13,0.06,107,"[0.36, 0.17, 0.12, 0.35]","[[0, 1, 2, 6, 7, 10, 11, 14], [0, 15, 18, 19, 22, 23, 26, 28], [0, 17, 16, 20, 21, 24, 25, 27], [0, 4, 3, 5, 8, 9, 12, 13]]",0.072
2135,0.0,1,"[[0.23, 0.06, 0.08, 0.13, 0.11, 0.05, 0.11], [0.17, 0.17, 0.17, 0.13, 0.09, 0.2, 0.07], [0.21, 0.11, 0.17, 0.05, 0.13, 0.11, 0.17], [0.16, 0.02, 0.2, 0.19, 0.23, 0.13, 0.13]]",0.13,0.21,107,"[0.24, 0.22, 0.21, 0.33]","[[0, 1, 8, 12, 0, 0, 0, 0], [0, 2, 7, 9, 0, 0, 0, 0], [0, 3, 6, 10, 0, 0, 0, 0], [0, 4, 5, 11, 0, 0, 0, 0]]",0.072
2136,0.0,3,"[[0.02, 0.1, 0.05, 0.19, 0.09, 0.05, 0.06], [0.03, 0.12, 0.22, 0.08, 0.02, 0.07, 0.12], [0.18, 0.19, 0.1, 0.18, 0.18, 0.13, 0.15], [0.08, 0.17, 0.23, 0.11, 0.13, 0.16, 0.07]]",0.13,0.23,107,"[0.06, 0.06, 0.03, 0.85]","[[0, 0, 0, 0, 0, 0, 0, 0], [0, 0, 0, 0, 0, 0, 0, 0], [0, 0, 0, 0, 0, 0, 0, 0], [0, 1, 2, 3, 4, 5, 6, 7]]",0.072
2137,0.0,7,"[[0.07, 0.07, 0.17, 0.05, 0.08, 0.18, 0.15], [0.19, 0.17, 0.06, 0.13, 0.2, 0.13, 0.2], [0.08, 0.18, 0.04, 0.21, 0.15, 0.15, 0.18], [0.06, 0.08, 0.09, 0.02, 0.12, 0.19, 0.09]]",0.13,0.15,107,"[0.31, 0.27, 0.19, 0.23]","[[0, 1, 2, 3, 4, 5, 6, 7], [0, 8, 9, 10, 11, 12, 13, 14], [0, 0, 0, 0, 0, 0, 0, 0], [0, 17, 0, 0, 0, 16, 0, 15]]",0.072
2138,0.0,7,"[[0.16, 0.21, 0.19, 0.12, 0.21, 0.05, 0.2], [0.14, 0.1, 0.04, 0.07, 0.08, 0.16, 0.22], [0.03, 0.17, 0.22, 0.13, 0.04, 0.22, 0.12], [0.16, 0.14, 0.16, 0.16, 0.18, 0.13, 0.14]]",0.13,0.22,107,"[0.06, 0.89, 0.04, 0.01]","[[0, 0, 0, 0, 0, 0, 0, 0], [0, 1, 2, 3, 4, 5, 6, 7], [0, 0, 0, 0, 0, 0, 0, 0], [0, 0, 0, 0, 0, 0, 0, 0]]",0.072
2139,0.0,3,"[[0.16, 0.14, 0.08, 0.14, 0.11, 0.13, 0.09], [0.19, 0.11, 0.19, 0.08, 0.11, 0.19, 0.13], [0.21, 0.23, 0.11, 0.11, 0.1, 0.18, 0.03], [0.04, 0.14, 0.12, 0.13, 0.05, 0.04, 0.05]]",0.13,0.11,107,"[0.31, 0.22, 0.18, 0.29]","[[0, 1, 2, 3, 4, 5, 6, 7], [0, 14, 13, 12, 11, 10, 9, 8], [0, 0, 0, 0, 0, 0, 0, 0], [0, 15, 16, 17, 18, 19, 20, 21]]",0.072
2140,0.0,6,"[[4.41, 7.98, 5.03, 0.94, 6.07, 7.96, 3.08], [7.18, 6.38, 1.11, 4.77, 7.21, 4.82, 4.9], [5.63, 7.2, 7.79, 1.19, 2.56, 6.05, 3.13], [2.67, 2.05, 5.91, 4.15, 9.55, 4.46, 9.22]]",5.0,4.46,108,"[0.04, 0.02, 0.05, 0.89]","[[0, 3, 0, 0, 7, 0, 2, 0], [0, 0, 0, 10, 0, 0, 0, 9], [0, 0, 4, 0, 0, 5, 0, 0], [0, 8, 0, 0, 1, 0, 0, 6]]",2.994
2141,0.0,5,"[[1.89, 1.68, 4.82, 0.64, 6.72, 5.82, 3.47], [2.81, 5.64, 4.93, 5.88, 1.19, 6.58, 2.91], [6.88, 4.96, 4.06, 5.77, 1.03, 4.24, 5.62], [0.22, 1.89, 4.63, 5.2, 4.1, 3.36, 6.44]]",5.0,1.19,108,"[0.25, 0.26, 0.31, 0.18]","[[0, 5, 0, 2, 0, 4, 0, 0], [0, 0, 0, 0, 0, 0, 6, 0], [0, 0, 0, 0, 7, 0, 0, 0], [0, 0, 1, 0, 0, 3, 0, 0]]",2.994
2142,0.0,4,"[[7.11, 5.78, 4.85, 4.33, 7.33, 7.89, 5.26], [5.95, 7.87, 3.44, 7.0, 6.97, 5.22, 6.26], [3.72, 9.35, 7.04, 6.38, 7.42, 6.47, 5.89], [5.94, 4.84, 1.39, 4.52, 3.41, 2.82, 3.73]]",5.0,6.38,108,"[0.33, 0.2, 0.24, 0.23]","[[0, 0, 2, 0, 11, 5, 0, 8], [0, 0, 0, 0, 4, 0, 0, 0], [0, 0, 0, 3, 0, 0, 6, 0], [0, 1, 0, 10, 0, 9, 0, 7]]",2.994
2143,0.0,5,"[[4.36, 8.7, 5.94, 4.41, 8.37, 5.83, 0.58], [9.58, 2.24, 8.49, 4.24, 4.63, 4.53, 5.29], [6.08, 4.31, 5.59, 3.3, 3.91, 4.21, 4.74], [9.25, 5.33, 1.67, 7.75, 5.64, 2.81, 3.02]]",5.0,4.63,108,"[0.31, 0.27, 0.14, 0.28]","[[0, 1, 0, 0, 2, 9, 4, 5], [0, 0, 0, 0, 0, 0, 0, 0], [0, 0, 11, 0, 0, 3, 0, 0], [0, 12, 0, 10, 0, 8, 7, 6]]",2.994
2144,0.0,6,"[[2.54, 7.44, 2.24, 4.32, 2.76, 9.01, 8.48], [1.82, 8.34, 6.23, 3.89, 6.94, 3.11, 6.18], [7.6, 3.71, 5.31, 9.83, 1.09, 3.87, 7.81], [7.76, 7.0, 2.77, 7.48, 3.83, 0.31, 3.13]]",5.0,3.11,108,"[0.04, 0.07, 0.03, 0.86]","[[0, 2, 3, 0, 7, 0, 9, 0], [0, 0, 0, 5, 0, 0, 12, 0], [0, 0, 4, 0, 0, 0, 0, 10], [0, 1, 0, 6, 0, 8, 11, 0]]",2.994
2145,0.0,1,"[[0.95, 2.78, 3.25, 5.38, 7.09, 3.77, 4.83], [7.13, 8.96, 5.39, 2.27, 8.34, 7.96, 4.55], [9.77, 5.61, 8.97, 8.09, 6.52, 2.37, 9.08], [8.52, 1.84, 1.06, 3.62, 0.7, 3.27, 0.14]]",5.0,0.95,108,"[0.85, 0.07, 0.07, 0.01]","[[0, 0, 13, 0, 0, 0, 6, 9], [0, 1, 0, 3, 4, 11, 0, 10], [0, 0, 2, 0, 0, 0, 0, 7], [0, 14, 0, 12, 0, 5, 0, 8]]",2.994
2146,0.0,1,"[[5.11, 2.17, 0.1, 9.47, 2.73, 6.4, 3.36], [4.31, 7.26, 6.36, 8.48, 2.98, 4.68, 5.77], [8.38, 2.0, 6.14, 7.53, 4.7, 1.99, 1.53], [7.09, 5.94, 3.03, 5.37, 2.51, 3.9, 2.79]]",5.0,4.31,108,"[0.31, 0.35, 0.15, 0.19]","[[0, 0, 13, 0, 0, 0, 0, 9], [0, 0, 0, 0, 0, 8, 0, 0], [0, 1, 7, 6, 2, 5, 3, 4], [0, 12, 0, 0, 11, 0, 0, 10]]",2.994
2147,0.0,6,"[[5.12, 1.51, 5.2, 6.71, 2.69, 8.45, 7.56], [1.26, 6.81, 6.02, 6.85, 3.83, 2.04, 5.15], [0.77, 1.29, 6.67, 1.6, 1.63, 0.54, 0.89], [4.2, 5.58, 3.29, 3.97, 3.54, 6.37, 4.95]]",5.0,2.04,108,"[0.21, 0.27, 0.19, 0.33]","[[0, 0, 0, 0, 1, 0, 5, 0], [0, 0, 0, 0, 0, 2, 0, 0], [0, 0, 0, 0, 3, 0, 0, 0], [0, 0, 0, 0, 0, 4, 6, 0]]",2.994
2148,0.0,7,"[[5.71, 4.0, 7.87, 3.26, 8.95, 9.97, 6.35], [4.81, 5.73, 5.74, 5.66, 5.51, 4.81, 7.59], [6.14, 5.62, 3.6, 6.94, 3.42, 3.6, 6.26], [1.09, 4.7, 1.56, 4.05, 2.65, 4.29, 5.33]]",5.0,5.33,108,"[0.02, 0.08, 0.03, 0.87]","[[0, 0, 6, 0, 7, 0, 0, 10], [0, 0, 5, 11, 0, 9, 8, 0], [0, 0, 0, 0, 0, 0, 0, 0], [0, 1, 0, 2, 0, 3, 0, 4]]",2.994
2149,0.0,5,"[[8.47, 2.82, 7.33, 4.03, 7.07, 2.75, 1.54], [4.68, 3.16, 0.97, 1.44, 5.2, 6.65, 9.25], [8.41, 7.04, 1.31, 3.23, 7.09, 7.67, 1.55], [6.28, 2.99, 4.33, 1.28, 9.25, 6.99, 2.35]]",5.0,9.25,108,"[0.01, 0.01, 0.01, 0.97]","[[0, 0, 0, 0, 0, 3, 0, 0], [0, 0, 0, 0, 0, 4, 0, 0], [0, 0, 0, 0, 0, 5, 0, 0], [0, 1, 0, 0, 0, 2, 0, 0]]",2.994
2150,0.0,3,"[[0.16, 0.21, 0.19, 0.12, 0.21, 0.05, 0.2], [0.14, 0.1, 0.04, 0.07, 0.08, 0.16, 0.22], [0.03, 0.17, 0.22, 0.13, 0.04, 0.22, 0.12], [0.16, 0.14, 0.16, 0.16, 0.18, 0.13, 0.14]]",0.13,0.04,108,"[0.06, 0.89, 0.04, 0.01]","[[0, 1, 0, 3, 0, 5, 0, 0], [0, 0, 0, 0, 0, 0, 6, 0], [0, 0, 2, 9, 4, 8, 0, 7], [0, 0, 0, 0, 0, 0, 0, 0]]",0.072
2151,0.0,4,"[[0.21, 0.14, 0.05, 0.18, 0.12, 0.1, 0.15], [0.03, 0.07, 0.04, 0.14, 0.13, 0.15, 0.2], [0.05, 0.14, 0.08, 0.16, 0.04, 0.13, 0.08], [0.19, 0.12, 0.09, 0.06, 0.18, 0.05, 0.09]]",0.13,0.16,108,"[0.01, 0.02, 0.88, 0.09]","[[0, 0, 0, 0, 6, 0, 0, 0], [0, 5, 0, 3, 0, 0, 0, 0], [0, 0, 2, 0, 4, 0, 0, 0], [0, 1, 0, 0, 0, 0, 0, 0]]",0.072
2152,0.0,4,"[[0.01, 0.19, 0.1, 0.03, 0.13, 0.15, 0.13], [0.17, 0.18, 0.07, 0.17, 0.17, 0.12, 0.12], [0.11, 0.17, 0.18, 0.22, 0.08, 0.06, 0.07], [0.12, 0.02, 0.07, 0.16, 0.17, 0.14, 0.04]]",0.13,0.03,108,"[0.3, 0.29, 0.13, 0.28]","[[0, 1, 0, 0, 6, 7, 0, 0], [0, 0, 2, 4, 0, 0, 8, 9], [0, 0, 0, 0, 5, 0, 0, 0], [0, 0, 3, 0, 0, 0, 0, 0]]",0.072
2153,0.0,3,"[[0.06, 0.1, 0.22, 0.17, 0.09, 0.03, 0.08], [0.24, 0.07, 0.1, 0.11, 0.11, 0.15, 0.16], [0.04, 0.05, 0.2, 0.13, 0.03, 0.1, 0.19], [0.2, 0.09, 0.17, 0.15, 0.2, 0.1, 0.15]]",0.13,0.17,108,"[0.01, 0.1, 0.04, 0.85]","[[0, 0, 0, 5, 0, 0, 0, 0], [0, 1, 3, 0, 0, 0, 0, 0], [0, 2, 0, 0, 0, 0, 0, 0], [0, 0, 0, 4, 0, 0, 0, 0]]",0.072
2154,0.0,6,"[[0.11, 0.06, 0.11, 0.08, 0.17, 0.11, 0.11], [0.14, 0.12, 0.06, 0.14, 0.09, 0.14, 0.12], [0.04, 0.15, 0.09, 0.13, 0.15, 0.18, 0.21], [0.1, 0.08, 0.17, 0.08, 0.19, 0.13, 0.19]]",0.13,0.18,108,"[0.26, 0.2, 0.27, 0.27]","[[0, 1, 0, 0, 0, 0, 7, 0], [0, 0, 2, 3, 0, 5, 0, 0], [0, 0, 0, 0, 4, 0, 6, 0], [0, 0, 0, 0, 0, 0, 0, 0]]",0.072
2155,0.0,3,"[[0.19, 0.12, 0.08, 0.18, 0.08, 0.2, 0.22], [0.05, 0.04, 0.19, 0.18, 0.18, 0.05, 0.1], [0.21, 0.13, 0.15, 0.13, 0.16, 0.15, 0.08], [0.19, 0.06, 0.09, 0.07, 0.04, 0.2, 0.08]]",0.13,0.09,108,"[0.16, 0.28, 0.23, 0.33]","[[0, 0, 0, 0, 0, 0, 0, 0], [0, 1, 0, 3, 0, 0, 0, 0], [0, 0, 2, 4, 0, 0, 0, 0], [0, 0, 0, 0, 0, 0, 0, 0]]",0.072
2156,0.0,5,"[[0.08, 0.23, 0.11, 0.15, 0.14, 0.16, 0.07], [0.19, 0.17, 0.09, 0.16, 0.14, 0.09, 0.03], [0.13, 0.11, 0.24, 0.17, 0.14, 0.06, 0.15], [0.09, 0.17, 0.09, 0.17, 0.19, 0.1, 0.17]]",0.13,0.19,108,"[0.01, 0.02, 0.11, 0.86]","[[0, 1, 0, 3, 0, 5, 0, 0], [0, 0, 0, 0, 0, 0, 0, 7], [0, 0, 2, 0, 4, 0, 6, 0], [0, 0, 0, 0, 0, 8, 0, 0]]",0.072
2157,0.0,1,"[[0.15, 0.08, 0.15, 0.12, 0.15, 0.08, 0.22], [0.12, 0.2, 0.22, 0.16, 0.25, 0.12, 0.11], [0.19, 0.22, 0.15, 0.08, 0.12, 0.14, 0.2], [0.21, 0.16, 0.09, 0.16, 0.22, 0.15, 0.19]]",0.13,0.19,108,"[0.05, 0.07, 0.86, 0.02]","[[0, 1, 0, 0, 0, 0, 0, 0], [0, 0, 0, 0, 0, 0, 0, 0], [0, 2, 0, 0, 0, 0, 0, 0], [0, 0, 0, 0, 0, 0, 0, 0]]",0.072
2158,0.0,1,"[[0.23, 0.06, 0.08, 0.13, 0.11, 0.05, 0.11], [0.17, 0.17, 0.17, 0.13, 0.09, 0.2, 0.07], [0.21, 0.11, 0.17, 0.05, 0.13, 0.11, 0.17], [0.16, 0.02, 0.2, 0.19, 0.23, 0.13, 0.13]]",0.13,0.17,108,"[0.24, 0.22, 0.21, 0.33]","[[0, 1, 0, 0, 4, 0, 6, 0], [0, 0, 2, 0, 0, 0, 0, 0], [0, 0, 0, 3, 0, 5, 0, 0], [0, 8, 0, 0, 0, 0, 0, 7]]",0.072
2159,0.0,2,"[[0.06, 0.11, 0.17, 0.23, 0.15, 0.14, 0.21], [0.16, 0.17, 0.08, 0.04, 0.07, 0.21, 0.12], [0.2, 0.19, 0.13, 0.12, 0.17, 0.2, 0.16], [0.1, 0.1, 0.12, 0.16, 0.01, 0.17, 0.09]]",0.13,0.1,108,"[0.23, 0.25, 0.3, 0.22]","[[0, 3, 0, 0, 0, 0, 0, 0], [0, 0, 2, 0, 6, 0, 0, 0], [0, 1, 5, 0, 0, 0, 0, 0], [0, 4, 0, 0, 0, 0, 0, 0]]",0.072
2160,0.01,4,"[[8.02, 3.92, 3.11, 4.49, 4.13, 7.86, 3.71], [5.5, 3.12, 4.78, 4.63, 5.83, 9.55, 5.01], [6.87, 6.07, 1.32, 5.58, 8.22, 5.74, 5.54], [4.62, 3.36, 5.75, 5.59, 2.34, 1.7, 6.64]]",5.0,5.59,109,"[0.25, 0.27, 0.24, 0.24]","[[0, 0, 0, 0, 0, 0, 0, 0], [0, 0, 0, 0, 1, 0, 0, 0], [0, 0, 0, 0, 0, 0, 0, 0], [0, 0, 0, 0, 0, 0, 0, 0]]",2.994
2161,0.01,4,"[[4.41, 7.98, 5.03, 0.94, 6.07, 7.96, 3.08], [7.18, 6.38, 1.11, 4.77, 7.21, 4.82, 4.9], [5.63, 7.2, 7.79, 1.19, 2.56, 6.05, 3.13], [2.67, 2.05, 5.91, 4.15, 9.55, 4.46, 9.22]]",5.0,4.15,109,"[0.04, 0.02, 0.05, 0.89]","[[0, 0, 0, 0, 0, 0, 0, 0], [0, 0, 0, 0, 0, 0, 0, 0], [0, 0, 0, 0, 0, 0, 0, 0], [0, 0, 0, 0, 1, 0, 0, 0]]",2.994
2162,0.01,6,"[[7.11, 5.78, 4.85, 4.33, 7.33, 7.89, 5.26], [5.95, 7.87, 3.44, 7.0, 6.97, 5.22, 6.26], [3.72, 9.35, 7.04, 6.38, 7.42, 6.47, 5.89], [5.94, 4.84, 1.39, 4.52, 3.41, 2.82, 3.73]]",5.0,7.89,109,"[0.33, 0.2, 0.24, 0.23]","[[0, 0, 0, 0, 0, 0, 1, 0], [0, 0, 0, 0, 0, 0, 2, 0], [0, 0, 0, 0, 0, 0, 0, 0], [0, 0, 0, 0, 0, 0, 0, 0]]",2.994
2163,0.01,7,"[[5.77, 3.99, 6.61, 4.81, 8.16, 4.87, 2.84], [5.38, 5.12, 5.88, 4.67, 7.45, 7.64, 1.41], [2.86, 1.79, 4.9, 7.89, 6.3, 3.05, 5.2], [5.28, 6.58, 1.34, 2.2, 4.69, 6.92, 5.01]]",5.0,5.2,109,"[0.34, 0.23, 0.11, 0.32]","[[0, 0, 0, 0, 0, 0, 0, 0], [0, 0, 0, 0, 0, 0, 0, 0], [0, 0, 0, 0, 0, 0, 0, 0], [0, 0, 0, 0, 0, 0, 0, 0]]",2.994
2164,0.01,5,"[[2.54, 7.44, 2.24, 4.32, 2.76, 9.01, 8.48], [1.82, 8.34, 6.23, 3.89, 6.94, 3.11, 6.18], [7.6, 3.71, 5.31, 9.83, 1.09, 3.87, 7.81], [7.76, 7.0, 2.77, 7.48, 3.83, 0.31, 3.13]]",5.0,3.83,109,"[0.04, 0.07, 0.03, 0.86]","[[0, 0, 0, 0, 0, 0, 0, 0], [0, 0, 0, 0, 0, 0, 0, 0], [0, 0, 0, 0, 0, 0, 0, 0], [0, 0, 0, 0, 0, 0, 0, 0]]",2.994
2165,0.01,3,"[[2.67, 1.86, 1.79, 5.75, 3.59, 3.3, 1.49], [1.18, 8.77, 6.89, 4.16, 3.25, 3.0, 9.34], [1.75, 2.03, 4.01, 8.67, 5.48, 1.04, 6.3], [4.37, 0.5, 5.19, 4.46, 0.43, 0.13, 6.06]]",5.0,5.19,109,"[0.24, 0.23, 0.24, 0.29]","[[0, 0, 0, 0, 0, 0, 0, 0], [0, 0, 0, 0, 0, 0, 0, 0], [0, 0, 0, 0, 0, 0, 0, 0], [0, 0, 0, 2, 0, 1, 0, 0]]",2.994
2166,0.01,1,"[[6.26, 0.19, 5.42, 8.23, 3.15, 1.79, 3.82], [4.19, 3.39, 2.75, 9.2, 5.7, 3.44, 3.56], [5.45, 5.72, 8.61, 4.63, 8.16, 8.36, 7.19], [3.14, 2.27, 7.83, 9.11, 0.69, 3.38, 9.35]]",5.0,6.26,109,"[0.1, 0.01, 0.01, 0.88]","[[0, 0, 0, 0, 0, 0, 0, 0], [0, 0, 0, 0, 0, 0, 0, 0], [0, 0, 0, 0, 0, 0, 0, 0], [0, 1, 0, 0, 0, 0, 0, 0]]",2.994
2167,0.01,3,"[[3.25, 0.97, 8.64, 8.18, 2.13, 6.22, 0.77], [5.88, 7.57, 5.25, 3.43, 6.13, 3.52, 3.61], [5.54, 4.65, 8.68, 9.8, 7.31, 3.42, 4.37], [7.14, 2.83, 7.59, 3.91, 6.6, 1.41, 1.96]]",5.0,5.25,109,"[0.06, 0.03, 0.01, 0.9]","[[0, 0, 0, 0, 0, 0, 0, 0], [0, 0, 0, 0, 0, 0, 0, 0], [0, 0, 0, 0, 0, 0, 0, 0], [0, 3, 2, 4, 5, 6, 7, 1]]",2.994
2168,0.01,4,"[[3.54, 3.18, 6.26, 3.39, 3.52, 5.47, 1.42], [3.13, 1.91, 7.14, 3.81, 4.58, 6.9, 8.39], [7.48, 1.27, 5.41, 7.63, 6.12, 1.81, 6.34], [6.09, 3.7, 4.25, 4.91, 0.8, 7.46, 7.59]]",5.0,7.63,109,"[0.04, 0.07, 0.88, 0.01]","[[0, 0, 0, 0, 0, 0, 0, 0], [0, 0, 0, 0, 0, 0, 0, 0], [0, 3, 1, 4, 5, 6, 2, 7], [0, 0, 0, 0, 0, 0, 0, 0]]",2.994
2169,0.01,4,"[[3.95, 8.96, 8.28, 6.18, 7.02, 4.65, 4.21], [7.39, 4.82, 4.44, 1.73, 7.35, 9.66, 2.04], [6.67, 2.62, 2.43, 7.24, 6.32, 7.33, 5.82], [4.75, 4.96, 2.68, 1.71, 6.22, 1.58, 9.11]]",5.0,1.71,109,"[0.25, 0.24, 0.28, 0.23]","[[0, 0, 0, 0, 0, 0, 0, 0], [0, 0, 0, 0, 0, 0, 0, 0], [0, 0, 0, 0, 1, 0, 0, 0], [0, 0, 0, 0, 0, 0, 0, 0]]",2.994
2170,0.01,5,"[[0.14, 0.12, 0.08, 0.02, 0.14, 0.19, 0.09], [0.2, 0.01, 0.13, 0.03, 0.11, 0.06, 0.23], [0.19, 0.12, 0.16, 0.15, 0.16, 0.07, 0.21], [0.09, 0.14, 0.24, 0.12, 0.1, 0.2, 0.16]]",0.13,0.14,109,"[0.36, 0.17, 0.12, 0.35]","[[0, 0, 0, 0, 0, 1, 0, 0], [0, 0, 0, 0, 0, 0, 0, 0], [0, 0, 0, 0, 0, 0, 0, 0], [0, 0, 0, 0, 0, 2, 0, 0]]",0.072
2171,0.01,4,"[[0.16, 0.11, 0.08, 0.09, 0.11, 0.11, 0.06], [0.14, 0.14, 0.15, 0.18, 0.2, 0.23, 0.09], [0.09, 0.18, 0.2, 0.13, 0.05, 0.16, 0.07], [0.08, 0.02, 0.16, 0.15, 0.1, 0.09, 0.12]]",0.13,0.13,109,"[0.08, 0.02, 0.89, 0.01]","[[0, 0, 0, 0, 0, 0, 0, 0], [0, 0, 0, 0, 0, 0, 0, 0], [0, 0, 0, 0, 1, 0, 0, 0], [0, 0, 0, 0, 0, 0, 0, 0]]",0.072
2172,0.01,3,"[[0.14, 0.07, 0.05, 0.18, 0.03, 0.01, 0.18], [0.19, 0.23, 0.07, 0.1, 0.08, 0.19, 0.2], [0.17, 0.24, 0.03, 0.21, 0.19, 0.07, 0.21], [0.14, 0.09, 0.21, 0.08, 0.19, 0.05, 0.09]]",0.13,0.21,109,"[0.15, 0.26, 0.26, 0.33]","[[0, 0, 0, 0, 0, 0, 0, 0], [0, 0, 0, 0, 0, 0, 0, 0], [0, 0, 0, 0, 0, 0, 0, 0], [0, 0, 0, 1, 0, 0, 0, 0]]",0.072
2173,0.01,1,"[[0.15, 0.17, 0.12, 0.06, 0.06, 0.22, 0.15], [0.19, 0.17, 0.21, 0.18, 0.06, 0.19, 0.04], [0.07, 0.13, 0.08, 0.09, 0.18, 0.11, 0.12], [0.16, 0.1, 0.02, 0.11, 0.21, 0.13, 0.19]]",0.13,0.16,109,"[0.09, 0.05, 0.01, 0.85]","[[0, 0, 0, 0, 0, 0, 0, 0], [0, 0, 0, 0, 0, 0, 0, 0], [0, 0, 0, 0, 0, 0, 0, 0], [0, 1, 0, 0, 0, 0, 0, 0]]",0.072
2174,0.01,5,"[[0.05, 0.17, 0.08, 0.07, 0.16, 0.13, 0.05], [0.1, 0.16, 0.24, 0.2, 0.19, 0.19, 0.23], [0.18, 0.13, 0.06, 0.19, 0.17, 0.21, 0.13], [0.16, 0.18, 0.2, 0.12, 0.19, 0.08, 0.19]]",0.13,0.16,109,"[0.85, 0.1, 0.02, 0.03]","[[0, 0, 0, 1, 0, 2, 0, 0], [0, 0, 0, 0, 0, 0, 0, 0], [0, 0, 0, 0, 0, 0, 0, 0], [0, 0, 0, 0, 0, 0, 0, 0]]",0.072
2175,0.01,7,"[[0.1, 0.1, 0.03, 0.13, 0.2, 0.08, 0.11], [0.08, 0.05, 0.11, 0.15, 0.22, 0.2, 0.17], [0.16, 0.24, 0.08, 0.04, 0.05, 0.19, 0.14], [0.1, 0.18, 0.15, 0.14, 0.18, 0.07, 0.19]]",0.13,0.14,109,"[0.36, 0.26, 0.19, 0.19]","[[0, 0, 0, 0, 0, 0, 0, 1], [0, 0, 0, 0, 0, 0, 0, 0], [0, 0, 0, 0, 0, 0, 0, 0], [0, 0, 0, 0, 0, 0, 0, 0]]",0.072
2176,0.01,5,"[[0.18, 0.08, 0.14, 0.2, 0.12, 0.1, 0.1], [0.1, 0.05, 0.2, 0.13, 0.11, 0.09, 0.04], [0.15, 0.11, 0.22, 0.09, 0.14, 0.12, 0.12], [0.17, 0.01, 0.14, 0.05, 0.14, 0.07, 0.08]]",0.13,0.12,109,"[0.3, 0.22, 0.27, 0.21]","[[0, 0, 0, 0, 0, 1, 0, 0], [0, 0, 0, 0, 0, 0, 0, 0], [0, 0, 0, 0, 0, 0, 0, 0], [0, 0, 0, 0, 0, 0, 0, 0]]",0.072
2177,0.01,3,"[[0.06, 0.22, 0.11, 0.12, 0.13, 0.09, 0.18], [0.2, 0.17, 0.05, 0.09, 0.17, 0.16, 0.24], [0.14, 0.03, 0.23, 0.14, 0.04, 0.13, 0.18], [0.16, 0.1, 0.17, 0.16, 0.14, 0.04, 0.05]]",0.13,0.11,109,"[0.87, 0.02, 0.1, 0.01]","[[0, 1, 0, 2, 0, 0, 0, 0], [0, 0, 0, 0, 0, 0, 0, 0], [0, 0, 0, 0, 0, 0, 0, 0], [0, 0, 0, 0, 0, 0, 0, 0]]",0.072
2178,0.01,2,"[[0.15, 0.06, 0.09, 0.11, 0.16, 0.04, 0.14], [0.13, 0.19, 0.06, 0.21, 0.14, 0.09, 0.14], [0.16, 0.13, 0.11, 0.14, 0.1, 0.12, 0.12], [0.2, 0.09, 0.2, 0.06, 0.12, 0.09, 0.16]]",0.13,0.13,109,"[0.08, 0.04, 0.87, 0.01]","[[0, 0, 0, 0, 0, 0, 0, 0], [0, 0, 0, 0, 0, 0, 0, 0], [0, 0, 1, 0, 0, 0, 0, 0], [0, 0, 0, 0, 0, 0, 0, 0]]",0.072
2179,0.01,1,"[[0.14, 0.16, 0.16, 0.21, 0.14, 0.04, 0.08], [0.06, 0.2, 0.17, 0.04, 0.15, 0.07, 0.15], [0.13, 0.19, 0.14, 0.02, 0.08, 0.23, 0.1], [0.15, 0.03, 0.13, 0.07, 0.13, 0.07, 0.19]]",0.13,0.14,109,"[0.26, 0.28, 0.24, 0.22]","[[0, 0, 0, 0, 0, 0, 0, 0], [0, 1, 0, 0, 2, 0, 0, 0], [0, 0, 0, 0, 0, 0, 0, 0], [0, 0, 0, 0, 0, 0, 0, 0]]",0.072
2180,0.0,5,"[[0.15, 0.08, 0.15, 0.12, 0.15, 0.08, 0.22], [0.12, 0.2, 0.22, 0.16, 0.25, 0.12, 0.11], [0.19, 0.22, 0.15, 0.08, 0.12, 0.14, 0.2], [0.21, 0.16, 0.09, 0.16, 0.22, 0.15, 0.19]]",0.13,0.12,110,"[0.05, 0.07, 0.86, 0.02]","[[0, 1, 8, 9, 18, 19, 20, 0], [0, 2, 7, 13, 10, 11, 12, 21], [0, 3, 6, 14, 17, 24, 23, 22], [0, 4, 5, 15, 16, 25, 0, 0]]",0.072
2181,0.0,5,"[[0.2, 0.14, 0.16, 0.12, 0.21, 0.18, 0.23], [0.06, 0.09, 0.16, 0.16, 0.14, 0.12, 0.15], [0.23, 0.08, 0.17, 0.11, 0.04, 0.14, 0.15], [0.06, 0.12, 0.16, 0.23, 0.08, 0.11, 0.15]]",0.13,0.08,110,"[0.33, 0.18, 0.11, 0.38]","[[0, 1, 2, 3, 4, 5, 6, 10], [0, 0, 23, 20, 17, 14, 7, 11], [0, 0, 24, 21, 18, 15, 8, 12], [0, 0, 25, 22, 19, 16, 9, 13]]",0.072
2182,0.0,6,"[[0.17, 0.04, 0.18, 0.09, 0.04, 0.16, 0.22], [0.22, 0.14, 0.04, 0.11, 0.04, 0.23, 0.13], [0.09, 0.1, 0.01, 0.06, 0.15, 0.17, 0.05], [0.04, 0.06, 0.1, 0.03, 0.1, 0.03, 0.15]]",0.13,0.03,110,"[0.35, 0.15, 0.13, 0.37]","[[0, 1, 2, 3, 4, 5, 7, 6], [0, 26, 23, 20, 17, 14, 8, 11], [0, 27, 24, 21, 18, 15, 9, 12], [0, 28, 25, 22, 19, 16, 10, 13]]",0.072
2183,0.0,5,"[[0.05, 0.08, 0.17, 0.15, 0.22, 0.07, 0.07], [0.06, 0.1, 0.12, 0.11, 0.19, 0.16, 0.05], [0.19, 0.16, 0.13, 0.06, 0.18, 0.04, 0.24], [0.15, 0.24, 0.11, 0.13, 0.14, 0.03, 0.01]]",0.13,0.22,110,"[0.86, 0.01, 0.05, 0.08]","[[0, 1, 2, 3, 4, 5, 6, 7], [0, 0, 0, 0, 0, 0, 0, 0], [0, 0, 0, 0, 0, 0, 0, 0], [0, 8, 9, 11, 10, 12, 13, 14]]",0.072
2184,0.0,1,"[[0.06, 0.1, 0.22, 0.17, 0.09, 0.03, 0.08], [0.24, 0.07, 0.1, 0.11, 0.11, 0.15, 0.16], [0.04, 0.05, 0.2, 0.13, 0.03, 0.1, 0.19], [0.2, 0.09, 0.17, 0.15, 0.2, 0.1, 0.15]]",0.13,0.2,110,"[0.01, 0.1, 0.04, 0.85]","[[0, 0, 0, 0, 0, 0, 0, 0], [0, 8, 9, 10, 11, 12, 13, 14], [0, 0, 0, 0, 0, 0, 0, 0], [0, 1, 2, 3, 4, 5, 6, 7]]",0.072
2185,0.0,7,"[[0.11, 0.13, 0.2, 0.15, 0.12, 0.07, 0.12], [0.17, 0.14, 0.08, 0.03, 0.14, 0.12, 0.21], [0.15, 0.05, 0.06, 0.08, 0.07, 0.16, 0.13], [0.11, 0.11, 0.13, 0.18, 0.08, 0.12, 0.15]]",0.13,0.21,110,"[0.11, 0.38, 0.34, 0.17]","[[0, 0, 0, 0, 0, 0, 0, 0], [0, 1, 4, 7, 9, 11, 13, 15], [0, 2, 5, 8, 10, 12, 14, 16], [0, 3, 6, 0, 0, 0, 0, 0]]",0.072
2186,0.0,7,"[[0.19, 0.11, 0.24, 0.23, 0.21, 0.14, 0.16], [0.12, 0.1, 0.02, 0.19, 0.1, 0.08, 0.14], [0.05, 0.21, 0.07, 0.2, 0.09, 0.02, 0.23], [0.09, 0.04, 0.09, 0.14, 0.18, 0.2, 0.23]]",0.13,0.23,110,"[0.03, 0.01, 0.92, 0.04]","[[0, 0, 0, 0, 0, 0, 0, 0], [0, 0, 0, 0, 0, 0, 0, 0], [0, 1, 2, 3, 4, 5, 6, 7], [0, 14, 13, 12, 11, 10, 9, 8]]",0.072
2187,0.0,6,"[[0.15, 0.2, 0.21, 0.14, 0.15, 0.21, 0.2], [0.1, 0.12, 0.15, 0.05, 0.19, 0.19, 0.19], [0.2, 0.18, 0.22, 0.07, 0.23, 0.17, 0.15], [0.25, 0.17, 0.14, 0.07, 0.06, 0.14, 0.21]]",0.13,0.17,110,"[0.33, 0.32, 0.13, 0.22]","[[0, 1, 3, 5, 7, 9, 11, 13], [0, 2, 4, 6, 8, 10, 12, 14], [0, 0, 0, 0, 0, 0, 0, 0], [0, 0, 0, 0, 0, 0, 0, 0]]",0.072
2188,0.0,1,"[[0.22, 0.12, 0.18, 0.2, 0.04, 0.04, 0.16], [0.19, 0.18, 0.17, 0.17, 0.18, 0.2, 0.15], [0.03, 0.13, 0.18, 0.12, 0.17, 0.16, 0.08], [0.21, 0.09, 0.16, 0.11, 0.25, 0.1, 0.16]]",0.13,0.21,110,"[0.34, 0.12, 0.22, 0.32]","[[0, 1, 4, 7, 10, 13, 16, 19], [0, 0, 0, 0, 0, 0, 0, 0], [0, 2, 5, 8, 11, 14, 17, 20], [0, 3, 6, 9, 12, 15, 18, 21]]",0.072
2189,0.0,5,"[[0.15, 0.17, 0.12, 0.06, 0.06, 0.22, 0.15], [0.19, 0.17, 0.21, 0.18, 0.06, 0.19, 0.04], [0.07, 0.13, 0.08, 0.09, 0.18, 0.11, 0.12], [0.16, 0.1, 0.02, 0.11, 0.21, 0.13, 0.19]]",0.13,0.06,110,"[0.09, 0.05, 0.01, 0.85]","[[0, 0, 0, 0, 0, 0, 0, 0], [0, 0, 0, 0, 0, 0, 0, 0], [0, 0, 0, 0, 0, 0, 0, 0], [0, 1, 2, 3, 4, 5, 6, 7]]",0.072
2190,0.0,3,"[[5.12, 1.51, 5.2, 6.71, 2.69, 8.45, 7.56], [1.26, 6.81, 6.02, 6.85, 3.83, 2.04, 5.15], [0.77, 1.29, 6.67, 1.6, 1.63, 0.54, 0.89], [4.2, 5.58, 3.29, 3.97, 3.54, 6.37, 4.95]]",5.0,6.02,110,"[0.21, 0.27, 0.19, 0.33]","[[0, 22, 23, 24, 25, 26, 27, 28], [0, 8, 9, 10, 11, 12, 13, 14], [0, 15, 16, 17, 18, 19, 20, 21], [0, 1, 2, 3, 4, 5, 6, 7]]",2.994
2191,0.0,2,"[[2.54, 7.44, 2.24, 4.32, 2.76, 9.01, 8.48], [1.82, 8.34, 6.23, 3.89, 6.94, 3.11, 6.18], [7.6, 3.71, 5.31, 9.83, 1.09, 3.87, 7.81], [7.76, 7.0, 2.77, 7.48, 3.83, 0.31, 3.13]]",5.0,8.34,110,"[0.04, 0.07, 0.03, 0.86]","[[0, 26, 23, 20, 17, 14, 11, 10], [0, 27, 24, 21, 18, 15, 12, 9], [0, 28, 25, 22, 19, 16, 13, 8], [0, 1, 2, 3, 4, 5, 6, 7]]",2.994
2192,0.0,1,"[[6.19, 1.85, 1.16, 4.28, 2.66, 3.25, 7.93], [4.16, 3.03, 5.34, 3.93, 5.82, 4.05, 2.14], [6.53, 8.89, 6.73, 7.28, 2.75, 0.6, 4.09], [4.95, 6.55, 6.81, 6.9, 1.07, 2.2, 5.26]]",5.0,4.16,110,"[0.03, 0.86, 0.04, 0.07]","[[0, 4, 5, 9, 13, 17, 21, 25], [0, 1, 6, 10, 14, 18, 22, 26], [0, 2, 7, 11, 15, 19, 23, 27], [0, 3, 8, 12, 16, 20, 24, 28]]",2.994
2193,0.0,3,"[[2.88, 2.6, 7.89, 4.77, 7.12, 4.23, 2.87], [3.29, 2.97, 3.82, 9.51, 9.45, 8.27, 5.42], [3.22, 3.81, 4.18, 2.52, 3.48, 3.16, 9.41], [1.89, 5.73, 6.1, 1.69, 4.58, 1.23, 3.5]]",5.0,7.89,110,"[0.2, 0.16, 0.26, 0.38]","[[0, 4, 5, 9, 13, 17, 21, 25], [0, 3, 6, 10, 14, 18, 22, 26], [0, 2, 7, 11, 15, 19, 23, 27], [0, 1, 8, 12, 16, 20, 24, 28]]",2.994
2194,0.0,3,"[[3.74, 4.35, 1.03, 5.02, 2.48, 7.72, 3.91], [9.52, 3.82, 4.46, 2.55, 5.65, 6.25, 0.76], [2.96, 5.49, 2.32, 7.63, 0.35, 8.21, 6.51], [4.09, 2.1, 9.56, 8.08, 0.89, 1.16, 4.1]]",5.0,9.56,110,"[0.04, 0.08, 0.02, 0.86]","[[0, 1, 5, 9, 13, 17, 21, 25], [0, 2, 6, 10, 14, 18, 22, 26], [0, 3, 7, 11, 15, 19, 23, 27], [0, 4, 8, 12, 16, 20, 24, 28]]",2.994
2195,0.0,6,"[[1.32, 1.79, 4.74, 6.52, 9.55, 1.49, 3.36], [2.67, 2.3, 3.39, 7.85, 3.89, 7.4, 8.55], [4.18, 0.46, 4.32, 2.27, 3.18, 8.62, 2.94], [6.02, 2.09, 4.16, 3.95, 2.34, 3.36, 2.27]]",5.0,1.49,110,"[0.16, 0.11, 0.34, 0.39]","[[0, 4, 5, 9, 13, 17, 21, 25], [0, 3, 6, 10, 14, 18, 22, 26], [0, 2, 7, 11, 15, 19, 23, 27], [0, 1, 8, 12, 16, 20, 24, 28]]",2.994
2196,0.0,4,"[[6.26, 0.19, 5.42, 8.23, 3.15, 1.79, 3.82], [4.19, 3.39, 2.75, 9.2, 5.7, 3.44, 3.56], [5.45, 5.72, 8.61, 4.63, 8.16, 8.36, 7.19], [3.14, 2.27, 7.83, 9.11, 0.69, 3.38, 9.35]]",5.0,9.11,110,"[0.1, 0.01, 0.01, 0.88]","[[0, 1, 9, 10, 11, 12, 13, 14], [0, 0, 0, 0, 0, 0, 0, 0], [0, 0, 0, 0, 0, 0, 0, 0], [0, 2, 3, 4, 5, 6, 7, 8]]",2.994
2197,0.0,1,"[[8.02, 3.92, 3.11, 4.49, 4.13, 7.86, 3.71], [5.5, 3.12, 4.78, 4.63, 5.83, 9.55, 5.01], [6.87, 6.07, 1.32, 5.58, 8.22, 5.74, 5.54], [4.62, 3.36, 5.75, 5.59, 2.34, 1.7, 6.64]]",5.0,4.62,110,"[0.25, 0.27, 0.24, 0.24]","[[0, 4, 5, 9, 13, 17, 21, 25], [0, 3, 6, 10, 14, 18, 22, 26], [0, 2, 7, 11, 15, 19, 23, 27], [0, 1, 8, 12, 16, 20, 24, 28]]",2.994
2198,0.0,5,"[[5.63, 2.91, 6.84, 6.5, 2.65, 5.91, 4.09], [5.16, 0.83, 2.41, 5.99, 6.15, 3.67, 6.12], [5.67, 9.08, 3.93, 7.57, 5.62, 2.51, 2.61], [4.59, 1.2, 4.42, 1.16, 8.17, 8.27, 1.11]]",5.0,8.17,110,"[0.14, 0.34, 0.35, 0.17]","[[0, 1, 5, 9, 13, 17, 21, 25], [0, 2, 6, 10, 14, 18, 22, 26], [0, 3, 7, 11, 15, 19, 23, 27], [0, 4, 8, 12, 16, 20, 24, 28]]",2.994
2199,0.0,3,"[[3.25, 0.97, 8.64, 8.18, 2.13, 6.22, 0.77], [5.88, 7.57, 5.25, 3.43, 6.13, 3.52, 3.61], [5.54, 4.65, 8.68, 9.8, 7.31, 3.42, 4.37], [7.14, 2.83, 7.59, 3.91, 6.6, 1.41, 1.96]]",5.0,7.59,110,"[0.06, 0.03, 0.01, 0.9]","[[0, 8, 11, 14, 0, 17, 0, 0], [0, 9, 12, 15, 0, 18, 0, 0], [0, 10, 13, 16, 0, 19, 0, 0], [0, 1, 2, 3, 4, 5, 6, 7]]",2.994
2200,0.01,6,"[[3.55, 2.94, 0.08, 3.13, 2.15, 9.59, 4.77], [4.35, 5.83, 1.82, 2.79, 3.6, 4.35, 6.66], [4.91, 4.62, 9.06, 2.02, 4.04, 2.21, 7.62], [0.78, 5.9, 1.77, 4.45, 7.63, 4.39, 2.86]]",5.0,4.35,111,"[0.34, 0.11, 0.27, 0.28]","[[0, 0, 0, 3, 1, 4, 5, 0], [0, 0, 0, 0, 0, 0, 7, 0], [0, 0, 0, 0, 0, 0, 8, 0], [0, 0, 0, 0, 2, 0, 6, 0]]",2.994
2201,0.01,1,"[[2.54, 7.44, 2.24, 4.32, 2.76, 9.01, 8.48], [1.82, 8.34, 6.23, 3.89, 6.94, 3.11, 6.18], [7.6, 3.71, 5.31, 9.83, 1.09, 3.87, 7.81], [7.76, 7.0, 2.77, 7.48, 3.83, 0.31, 3.13]]",5.0,7.76,111,"[0.04, 0.07, 0.03, 0.86]","[[0, 0, 0, 0, 0, 0, 0, 0], [0, 0, 0, 0, 0, 0, 0, 0], [0, 0, 0, 0, 0, 0, 0, 0], [0, 1, 2, 3, 4, 5, 6, 7]]",2.994
2202,0.01,4,"[[3.54, 3.18, 6.26, 3.39, 3.52, 5.47, 1.42], [3.13, 1.91, 7.14, 3.81, 4.58, 6.9, 8.39], [7.48, 1.27, 5.41, 7.63, 6.12, 1.81, 6.34], [6.09, 3.7, 4.25, 4.91, 0.8, 7.46, 7.59]]",5.0,7.63,111,"[0.04, 0.07, 0.88, 0.01]","[[0, 0, 0, 0, 0, 0, 0, 0], [0, 0, 0, 0, 0, 0, 0, 0], [0, 1, 2, 3, 4, 5, 6, 7], [0, 0, 0, 0, 0, 0, 0, 0]]",2.994
2203,0.01,2,"[[1.92, 6.77, 0.18, 0.58, 7.09, 4.34, 4.61], [2.63, 2.6, 4.89, 2.52, 8.42, 2.23, 4.37], [6.54, 7.27, 4.71, 3.86, 8.83, 4.81, 5.31], [5.47, 8.91, 3.37, 8.65, 6.85, 1.47, 5.12]]",5.0,6.77,111,"[0.31, 0.2, 0.17, 0.32]","[[0, 1, 2, 4, 6, 0, 0, 0], [0, 0, 7, 0, 0, 0, 0, 0], [0, 0, 8, 0, 0, 0, 0, 0], [0, 0, 3, 0, 5, 0, 0, 0]]",2.994
2204,0.01,1,"[[2.44, 7.36, 6.46, 5.15, 7.43, 1.32, 0.71], [3.96, 8.36, 4.6, 6.91, 2.69, 5.0, 1.64], [8.24, 5.23, 2.67, 1.92, 6.03, 2.88, 7.54], [1.43, 5.93, 6.77, 1.1, 3.47, 5.78, 6.1]]",5.0,8.24,111,"[0.02, 0.06, 0.89, 0.03]","[[0, 0, 0, 0, 0, 0, 0, 0], [0, 0, 0, 0, 0, 0, 0, 0], [0, 1, 2, 3, 4, 5, 6, 7], [0, 0, 0, 0, 0, 0, 0, 0]]",2.994
2205,0.01,1,"[[8.02, 3.92, 3.11, 4.49, 4.13, 7.86, 3.71], [5.5, 3.12, 4.78, 4.63, 5.83, 9.55, 5.01], [6.87, 6.07, 1.32, 5.58, 8.22, 5.74, 5.54], [4.62, 3.36, 5.75, 5.59, 2.34, 1.7, 6.64]]",5.0,4.62,111,"[0.25, 0.27, 0.24, 0.24]","[[0, 1, 0, 0, 0, 0, 0, 0], [0, 4, 0, 0, 0, 0, 0, 0], [0, 3, 0, 0, 0, 0, 0, 0], [0, 2, 0, 0, 0, 0, 0, 0]]",2.994
2206,0.01,6,"[[3.4, 2.14, 9.33, 2.59, 4.55, 1.09, 2.85], [2.69, 7.17, 4.91, 8.03, 6.07, 6.49, 2.28], [2.24, 5.15, 4.83, 2.39, 2.78, 7.43, 5.61], [3.01, 5.69, 6.66, 3.22, 3.6, 8.48, 3.28]]",5.0,7.43,111,"[0.07, 0.01, 0.9, 0.02]","[[0, 0, 0, 0, 0, 0, 0, 0], [0, 0, 0, 0, 0, 0, 0, 0], [0, 1, 2, 3, 4, 5, 6, 7], [0, 0, 0, 0, 0, 0, 0, 0]]",2.994
2207,0.01,5,"[[4.41, 7.98, 5.03, 0.94, 6.07, 7.96, 3.08], [7.18, 6.38, 1.11, 4.77, 7.21, 4.82, 4.9], [5.63, 7.2, 7.79, 1.19, 2.56, 6.05, 3.13], [2.67, 2.05, 5.91, 4.15, 9.55, 4.46, 9.22]]",5.0,9.55,111,"[0.04, 0.02, 0.05, 0.89]","[[0, 0, 0, 0, 0, 0, 0, 0], [0, 0, 0, 0, 0, 0, 0, 0], [0, 0, 0, 0, 0, 0, 0, 0], [0, 1, 2, 3, 4, 5, 6, 7]]",2.994
2208,0.01,1,"[[8.51, 2.86, 5.22, 3.29, 7.8, 7.12, 2.91], [7.85, 5.63, 4.76, 5.73, 4.36, 4.99, 0.21], [1.1, 2.64, 4.86, 7.57, 7.15, 0.31, 2.34], [6.38, 5.91, 3.08, 6.0, 7.58, 3.85, 6.26]]",5.0,6.38,111,"[0.19, 0.32, 0.23, 0.26]","[[0, 2, 0, 0, 0, 0, 0, 0], [0, 1, 5, 10, 6, 9, 7, 8], [0, 3, 0, 0, 0, 0, 0, 0], [0, 4, 0, 0, 0, 0, 0, 0]]",2.994
2209,0.01,3,"[[2.88, 2.6, 7.89, 4.77, 7.12, 4.23, 2.87], [3.29, 2.97, 3.82, 9.51, 9.45, 8.27, 5.42], [3.22, 3.81, 4.18, 2.52, 3.48, 3.16, 9.41], [1.89, 5.73, 6.1, 1.69, 4.58, 1.23, 3.5]]",5.0,7.89,111,"[0.2, 0.16, 0.26, 0.38]","[[0, 0, 0, 0, 0, 0, 0, 0], [0, 0, 0, 0, 0, 0, 0, 0], [0, 0, 0, 0, 0, 0, 0, 0], [0, 1, 2, 3, 4, 5, 6, 7]]",2.994
2210,0.01,1,"[[0.15, 0.08, 0.15, 0.12, 0.15, 0.08, 0.22], [0.12, 0.2, 0.22, 0.16, 0.25, 0.12, 0.11], [0.19, 0.22, 0.15, 0.08, 0.12, 0.14, 0.2], [0.21, 0.16, 0.09, 0.16, 0.22, 0.15, 0.19]]",0.13,0.19,111,"[0.05, 0.07, 0.86, 0.02]","[[0, 0, 0, 0, 0, 0, 0, 0], [0, 0, 0, 0, 0, 0, 0, 0], [0, 1, 0, 0, 0, 0, 0, 0], [0, 0, 0, 0, 0, 0, 0, 0]]",0.072
2211,0.01,5,"[[0.23, 0.06, 0.08, 0.13, 0.11, 0.05, 0.11], [0.17, 0.17, 0.17, 0.13, 0.09, 0.2, 0.07], [0.21, 0.11, 0.17, 0.05, 0.13, 0.11, 0.17], [0.16, 0.02, 0.2, 0.19, 0.23, 0.13, 0.13]]",0.13,0.11,111,"[0.24, 0.22, 0.21, 0.33]","[[0, 0, 0, 0, 0, 0, 0, 0], [0, 0, 0, 0, 0, 0, 0, 0], [0, 0, 0, 0, 0, 0, 0, 0], [0, 1, 0, 0, 0, 2, 0, 0]]",0.072
2212,0.01,5,"[[0.05, 0.08, 0.17, 0.15, 0.22, 0.07, 0.07], [0.06, 0.1, 0.12, 0.11, 0.19, 0.16, 0.05], [0.19, 0.16, 0.13, 0.06, 0.18, 0.04, 0.24], [0.15, 0.24, 0.11, 0.13, 0.14, 0.03, 0.01]]",0.13,0.22,111,"[0.86, 0.01, 0.05, 0.08]","[[0, 1, 2, 0, 3, 5, 4, 0], [0, 0, 0, 0, 0, 0, 0, 0], [0, 0, 0, 0, 0, 0, 0, 0], [0, 0, 0, 0, 0, 0, 0, 0]]",0.072
2213,0.01,4,"[[0.21, 0.18, 0.18, 0.07, 0.17, 0.09, 0.08], [0.07, 0.09, 0.01, 0.16, 0.02, 0.06, 0.25], [0.21, 0.16, 0.24, 0.08, 0.24, 0.16, 0.09], [0.17, 0.08, 0.18, 0.24, 0.11, 0.09, 0.22]]",0.13,0.24,111,"[0.21, 0.27, 0.2, 0.32]","[[0, 0, 0, 0, 0, 0, 0, 0], [0, 0, 0, 0, 0, 0, 0, 0], [0, 0, 0, 0, 0, 0, 0, 0], [0, 1, 2, 3, 4, 0, 0, 0]]",0.072
2214,0.01,4,"[[0.09, 0.06, 0.16, 0.11, 0.12, 0.22, 0.04], [0.11, 0.19, 0.13, 0.18, 0.2, 0.12, 0.12], [0.11, 0.08, 0.15, 0.06, 0.15, 0.13, 0.16], [0.08, 0.15, 0.2, 0.17, 0.24, 0.04, 0.12]]",0.13,0.11,111,"[0.15, 0.32, 0.21, 0.32]","[[0, 0, 0, 0, 0, 0, 0, 0], [0, 1, 4, 5, 2, 0, 3, 0], [0, 0, 0, 0, 0, 0, 0, 0], [0, 0, 6, 0, 7, 0, 0, 0]]",0.072
2215,0.01,4,"[[0.11, 0.18, 0.17, 0.05, 0.02, 0.11, 0.14], [0.16, 0.12, 0.11, 0.08, 0.11, 0.16, 0.08], [0.12, 0.16, 0.05, 0.23, 0.13, 0.08, 0.03], [0.17, 0.24, 0.1, 0.22, 0.06, 0.14, 0.05]]",0.13,0.23,111,"[0.01, 0.08, 0.86, 0.05]","[[0, 0, 0, 0, 0, 0, 0, 0], [0, 0, 0, 0, 0, 0, 0, 0], [0, 1, 0, 2, 5, 3, 4, 0], [0, 0, 0, 0, 0, 0, 0, 0]]",0.072
2216,0.01,5,"[[0.04, 0.14, 0.09, 0.06, 0.18, 0.1, 0.07], [0.09, 0.13, 0.01, 0.23, 0.07, 0.19, 0.05], [0.08, 0.2, 0.08, 0.21, 0.07, 0.04, 0.22], [0.12, 0.1, 0.09, 0.18, 0.18, 0.04, 0.15]]",0.13,0.18,111,"[0.05, 0.03, 0.07, 0.85]","[[0, 0, 0, 0, 8, 0, 0, 0], [0, 0, 0, 0, 0, 0, 0, 0], [0, 0, 0, 0, 0, 0, 0, 0], [0, 1, 2, 3, 7, 4, 5, 6]]",0.072
2217,0.01,7,"[[0.11, 0.13, 0.2, 0.15, 0.12, 0.07, 0.12], [0.17, 0.14, 0.08, 0.03, 0.14, 0.12, 0.21], [0.15, 0.05, 0.06, 0.08, 0.07, 0.16, 0.13], [0.11, 0.11, 0.13, 0.18, 0.08, 0.12, 0.15]]",0.13,0.13,111,"[0.11, 0.38, 0.34, 0.17]","[[0, 0, 0, 0, 0, 0, 0, 0], [0, 0, 0, 1, 0, 4, 0, 6], [0, 0, 2, 0, 3, 0, 5, 7], [0, 0, 0, 0, 0, 0, 0, 0]]",0.072
2218,0.01,6,"[[0.19, 0.12, 0.08, 0.18, 0.08, 0.2, 0.22], [0.05, 0.04, 0.19, 0.18, 0.18, 0.05, 0.1], [0.21, 0.13, 0.15, 0.13, 0.16, 0.15, 0.08], [0.19, 0.06, 0.09, 0.07, 0.04, 0.2, 0.08]]",0.13,0.2,111,"[0.16, 0.28, 0.23, 0.33]","[[0, 0, 0, 0, 0, 0, 0, 0], [0, 8, 0, 0, 0, 0, 5, 0], [0, 0, 0, 0, 0, 0, 0, 0], [0, 7, 1, 0, 2, 4, 3, 6]]",0.072
2219,0.01,5,"[[0.08, 0.23, 0.11, 0.15, 0.14, 0.16, 0.07], [0.19, 0.17, 0.09, 0.16, 0.14, 0.09, 0.03], [0.13, 0.11, 0.24, 0.17, 0.14, 0.06, 0.15], [0.09, 0.17, 0.09, 0.17, 0.19, 0.1, 0.17]]",0.13,0.19,111,"[0.01, 0.02, 0.11, 0.86]","[[0, 0, 0, 0, 0, 0, 0, 0], [0, 0, 0, 0, 0, 0, 0, 0], [0, 0, 0, 0, 0, 0, 0, 0], [0, 1, 0, 2, 0, 3, 4, 0]]",0.072
2220,0.01,6,"[[5.93, 4.61, 6.44, 6.58, 0.77, 6.66, 0.58], [1.24, 4.91, 5.63, 0.45, 3.38, 4.94, 3.12], [7.83, 1.4, 2.04, 7.87, 6.09, 6.31, 5.4], [6.34, 6.33, 4.75, 6.81, 8.3, 6.3, 9.27]]",5.0,6.31,112,"[0.01, 0.1, 0.87, 0.02]","[[0, 18, 19, 21, 24, 25, 28, 9], [0, 17, 20, 22, 23, 26, 27, 8], [0, 1, 2, 3, 4, 5, 6, 7], [0, 16, 15, 14, 13, 12, 11, 10]]",2.994
2221,0.01,6,"[[3.55, 2.94, 0.08, 3.13, 2.15, 9.59, 4.77], [4.35, 5.83, 1.82, 2.79, 3.6, 4.35, 6.66], [4.91, 4.62, 9.06, 2.02, 4.04, 2.21, 7.62], [0.78, 5.9, 1.77, 4.45, 7.63, 4.39, 2.86]]",5.0,4.39,112,"[0.34, 0.11, 0.27, 0.28]","[[0, 4, 5, 12, 13, 19, 21, 28], [0, 3, 6, 11, 14, 20, 22, 27], [0, 2, 7, 10, 15, 18, 23, 26], [0, 1, 8, 9, 16, 17, 24, 25]]",2.994
2222,0.01,3,"[[3.4, 2.14, 9.33, 2.59, 4.55, 1.09, 2.85], [2.69, 7.17, 4.91, 8.03, 6.07, 6.49, 2.28], [2.24, 5.15, 4.83, 2.39, 2.78, 7.43, 5.61], [3.01, 5.69, 6.66, 3.22, 3.6, 8.48, 3.28]]",5.0,4.83,112,"[0.07, 0.01, 0.9, 0.02]","[[0, 8, 9, 10, 11, 12, 13, 14], [0, 0, 0, 15, 0, 0, 0, 0], [0, 1, 2, 3, 4, 5, 6, 7], [0, 0, 0, 16, 0, 0, 0, 0]]",2.994
2223,0.01,3,"[[3.74, 4.35, 1.03, 5.02, 2.48, 7.72, 3.91], [9.52, 3.82, 4.46, 2.55, 5.65, 6.25, 0.76], [2.96, 5.49, 2.32, 7.63, 0.35, 8.21, 6.51], [4.09, 2.1, 9.56, 8.08, 0.89, 1.16, 4.1]]",5.0,9.56,112,"[0.04, 0.08, 0.02, 0.86]","[[0, 0, 0, 0, 0, 0, 0, 0], [0, 10, 0, 8, 9, 0, 0, 0], [0, 0, 0, 0, 0, 0, 0, 0], [0, 1, 2, 3, 4, 5, 6, 7]]",2.994
2224,0.01,6,"[[1.89, 1.68, 4.82, 0.64, 6.72, 5.82, 3.47], [2.81, 5.64, 4.93, 5.88, 1.19, 6.58, 2.91], [6.88, 4.96, 4.06, 5.77, 1.03, 4.24, 5.62], [0.22, 1.89, 4.63, 5.2, 4.1, 3.36, 6.44]]",5.0,3.36,112,"[0.25, 0.26, 0.31, 0.18]","[[0, 28, 23, 22, 17, 16, 11, 10], [0, 27, 24, 21, 18, 15, 12, 9], [0, 1, 2, 3, 4, 5, 6, 7], [0, 26, 25, 20, 19, 14, 13, 8]]",2.994
2225,0.01,5,"[[7.74, 3.22, 6.43, 3.71, 7.81, 4.87, 5.0], [6.79, 7.24, 2.38, 4.86, 3.87, 6.17, 4.92], [3.15, 9.58, 2.44, 5.2, 8.45, 2.58, 2.29], [4.2, 1.81, 5.9, 9.47, 8.69, 2.45, 6.94]]",5.0,3.87,112,"[0.15, 0.38, 0.14, 0.33]","[[0, 0, 0, 0, 17, 18, 0, 19], [0, 1, 2, 3, 4, 6, 5, 7], [0, 0, 0, 0, 15, 16, 0, 20], [0, 14, 13, 12, 11, 10, 9, 8]]",2.994
2226,0.01,4,"[[5.11, 2.17, 0.1, 9.47, 2.73, 6.4, 3.36], [4.31, 7.26, 6.36, 8.48, 2.98, 4.68, 5.77], [8.38, 2.0, 6.14, 7.53, 4.7, 1.99, 1.53], [7.09, 5.94, 3.03, 5.37, 2.51, 3.9, 2.79]]",5.0,8.48,112,"[0.31, 0.35, 0.15, 0.19]","[[0, 2, 3, 6, 7, 10, 11, 14], [0, 1, 4, 5, 8, 9, 12, 13], [0, 0, 0, 0, 15, 0, 0, 0], [0, 0, 0, 0, 16, 0, 0, 0]]",2.994
2227,0.01,5,"[[7.04, 7.27, 1.99, 4.87, 6.53, 6.34, 1.47], [5.29, 2.16, 9.06, 4.67, 7.92, 5.41, 7.56], [6.95, 5.35, 1.7, 4.81, 6.84, 1.21, 8.92], [6.63, 5.53, 4.35, 1.42, 5.69, 5.92, 4.12]]",5.0,7.92,112,"[0.07, 0.87, 0.03, 0.03]","[[0, 0, 0, 8, 0, 9, 0, 10], [0, 1, 2, 3, 4, 5, 6, 7], [0, 0, 0, 11, 0, 14, 0, 0], [0, 0, 0, 12, 0, 13, 0, 0]]",2.994
2228,0.01,4,"[[2.09, 7.52, 9.74, 6.72, 2.88, 5.9, 5.87], [6.25, 4.49, 6.66, 2.68, 2.62, 7.58, 4.86], [0.33, 4.49, 3.44, 6.0, 4.73, 0.87, 2.63], [7.63, 1.46, 3.24, 5.72, 7.53, 7.25, 3.01]]",5.0,5.72,112,"[0.34, 0.23, 0.2, 0.23]","[[0, 4, 5, 12, 13, 20, 21, 28], [0, 3, 6, 11, 14, 19, 22, 27], [0, 2, 7, 10, 15, 18, 23, 26], [0, 1, 8, 9, 16, 17, 24, 25]]",2.994
2229,0.01,7,"[[8.39, 1.9, 3.96, 5.78, 2.24, 5.8, 4.1], [0.94, 5.02, 2.49, 5.54, 6.54, 4.33, 9.65], [7.94, 7.8, 4.1, 9.82, 1.59, 4.84, 8.58], [8.96, 7.49, 1.94, 3.92, 0.76, 2.82, 6.17]]",5.0,4.1,112,"[0.11, 0.85, 0.02, 0.02]","[[0, 0, 11, 0, 10, 9, 0, 8], [0, 1, 2, 3, 4, 5, 6, 7], [0, 0, 0, 0, 0, 0, 0, 12], [0, 0, 0, 0, 0, 0, 0, 13]]",2.994
2230,0.01,1,"[[0.18, 0.08, 0.14, 0.2, 0.12, 0.1, 0.1], [0.1, 0.05, 0.2, 0.13, 0.11, 0.09, 0.04], [0.15, 0.11, 0.22, 0.09, 0.14, 0.12, 0.12], [0.17, 0.01, 0.14, 0.05, 0.14, 0.07, 0.08]]",0.13,0.18,112,"[0.3, 0.22, 0.27, 0.21]","[[0, 0, 0, 0, 0, 0, 0, 0], [0, 0, 0, 0, 0, 0, 0, 0], [0, 0, 0, 0, 0, 0, 0, 0], [0, 0, 0, 0, 0, 0, 0, 0]]",0.072
2231,0.01,2,"[[0.1, 0.22, 0.11, 0.07, 0.15, 0.15, 0.08], [0.22, 0.14, 0.05, 0.13, 0.2, 0.14, 0.2], [0.02, 0.25, 0.2, 0.08, 0.15, 0.02, 0.07], [0.11, 0.1, 0.17, 0.14, 0.2, 0.08, 0.11]]",0.13,0.22,112,"[0.87, 0.08, 0.02, 0.03]","[[0, 1, 2, 0, 0, 0, 0, 0], [0, 0, 0, 0, 0, 0, 0, 0], [0, 0, 0, 0, 0, 0, 0, 0], [0, 0, 0, 0, 0, 0, 0, 0]]",0.072
2232,0.01,1,"[[0.2, 0.14, 0.16, 0.12, 0.21, 0.18, 0.23], [0.06, 0.09, 0.16, 0.16, 0.14, 0.12, 0.15], [0.23, 0.08, 0.17, 0.11, 0.04, 0.14, 0.15], [0.06, 0.12, 0.16, 0.23, 0.08, 0.11, 0.15]]",0.13,0.06,112,"[0.33, 0.18, 0.11, 0.38]","[[0, 0, 0, 0, 0, 0, 0, 0], [0, 0, 0, 0, 0, 0, 0, 0], [0, 0, 0, 0, 0, 0, 0, 0], [0, 0, 0, 0, 0, 0, 0, 0]]",0.072
2233,0.01,1,"[[0.1, 0.1, 0.17, 0.08, 0.04, 0.09, 0.12], [0.18, 0.07, 0.12, 0.15, 0.14, 0.22, 0.18], [0.17, 0.02, 0.06, 0.16, 0.1, 0.2, 0.19], [0.23, 0.18, 0.17, 0.22, 0.21, 0.09, 0.19]]",0.13,0.1,112,"[0.21, 0.32, 0.34, 0.13]","[[0, 0, 0, 0, 0, 0, 0, 0], [0, 0, 0, 0, 0, 0, 0, 0], [0, 0, 0, 0, 0, 0, 0, 0], [0, 0, 0, 0, 0, 0, 0, 0]]",0.072
2234,0.01,4,"[[0.04, 0.14, 0.09, 0.06, 0.18, 0.1, 0.07], [0.09, 0.13, 0.01, 0.23, 0.07, 0.19, 0.05], [0.08, 0.2, 0.08, 0.21, 0.07, 0.04, 0.22], [0.12, 0.1, 0.09, 0.18, 0.18, 0.04, 0.15]]",0.13,0.18,112,"[0.05, 0.03, 0.07, 0.85]","[[0, 0, 0, 0, 0, 0, 0, 0], [0, 0, 0, 0, 0, 0, 0, 0], [0, 0, 0, 0, 0, 0, 0, 0], [0, 1, 2, 3, 4, 5, 0, 0]]",0.072
2235,0.01,1,"[[0.15, 0.08, 0.16, 0.16, 0.12, 0.04, 0.13], [0.17, 0.17, 0.2, 0.1, 0.06, 0.16, 0.12], [0.04, 0.25, 0.2, 0.11, 0.04, 0.11, 0.24], [0.15, 0.14, 0.05, 0.11, 0.22, 0.22, 0.2]]",0.13,0.17,112,"[0.01, 0.89, 0.09, 0.01]","[[0, 0, 0, 0, 0, 0, 0, 0], [0, 1, 0, 0, 0, 0, 0, 0], [0, 0, 0, 0, 0, 0, 0, 0], [0, 0, 0, 0, 0, 0, 0, 0]]",0.072
2236,0.01,1,"[[0.06, 0.1, 0.22, 0.17, 0.09, 0.03, 0.08], [0.24, 0.07, 0.1, 0.11, 0.11, 0.15, 0.16], [0.04, 0.05, 0.2, 0.13, 0.03, 0.1, 0.19], [0.2, 0.09, 0.17, 0.15, 0.2, 0.1, 0.15]]",0.13,0.2,112,"[0.01, 0.1, 0.04, 0.85]","[[0, 0, 0, 0, 0, 0, 0, 0], [0, 0, 0, 0, 0, 0, 0, 0], [0, 0, 0, 0, 0, 0, 0, 0], [0, 1, 0, 0, 0, 0, 0, 0]]",0.072
2237,0.01,1,"[[0.19, 0.12, 0.08, 0.18, 0.08, 0.2, 0.22], [0.05, 0.04, 0.19, 0.18, 0.18, 0.05, 0.1], [0.21, 0.13, 0.15, 0.13, 0.16, 0.15, 0.08], [0.19, 0.06, 0.09, 0.07, 0.04, 0.2, 0.08]]",0.13,0.05,112,"[0.16, 0.28, 0.23, 0.33]","[[0, 0, 0, 0, 0, 0, 0, 0], [0, 0, 0, 0, 0, 0, 0, 0], [0, 0, 0, 0, 0, 0, 0, 0], [0, 0, 0, 0, 0, 0, 0, 0]]",0.072
2238,0.01,4,"[[0.2, 0.21, 0.23, 0.23, 0.18, 0.14, 0.22], [0.2, 0.22, 0.22, 0.25, 0.05, 0.12, 0.09], [0.02, 0.05, 0.07, 0.23, 0.14, 0.19, 0.02], [0.12, 0.1, 0.13, 0.23, 0.18, 0.06, 0.24]]",0.13,0.23,112,"[0.08, 0.03, 0.87, 0.02]","[[0, 0, 0, 0, 0, 0, 0, 0], [0, 0, 0, 0, 0, 0, 0, 0], [0, 1, 2, 3, 4, 0, 0, 0], [0, 0, 0, 0, 0, 0, 0, 0]]",0.072
2239,0.01,1,"[[0.12, 0.17, 0.14, 0.13, 0.11, 0.07, 0.23], [0.21, 0.03, 0.18, 0.17, 0.22, 0.07, 0.12], [0.06, 0.15, 0.14, 0.1, 0.11, 0.15, 0.22], [0.13, 0.03, 0.18, 0.17, 0.07, 0.25, 0.1]]",0.13,0.12,112,"[0.39, 0.18, 0.15, 0.28]","[[0, 0, 0, 0, 0, 0, 0, 0], [0, 0, 0, 0, 0, 0, 0, 0], [0, 0, 0, 0, 0, 0, 0, 0], [0, 0, 0, 0, 0, 0, 0, 0]]",0.072
2240,0.01,1,"[[5.63, 2.91, 6.84, 6.5, 2.65, 5.91, 4.09], [5.16, 0.83, 2.41, 5.99, 6.15, 3.67, 6.12], [5.67, 9.08, 3.93, 7.57, 5.62, 2.51, 2.61], [4.59, 1.2, 4.42, 1.16, 8.17, 8.27, 1.11]]",5.0,5.63,113,"[0.14, 0.34, 0.35, 0.17]","[[0, 1, 0, 0, 0, 0, 0, 0], [0, 0, 0, 2, 0, 0, 4, 0], [0, 0, 0, 0, 3, 0, 0, 5], [0, 0, 0, 0, 0, 6, 0, 0]]",2.994
2241,0.01,1,"[[8.47, 2.82, 7.33, 4.03, 7.07, 2.75, 1.54], [4.68, 3.16, 0.97, 1.44, 5.2, 6.65, 9.25], [8.41, 7.04, 1.31, 3.23, 7.09, 7.67, 1.55], [6.28, 2.99, 4.33, 1.28, 9.25, 6.99, 2.35]]",5.0,6.28,113,"[0.01, 0.01, 0.01, 0.97]","[[0, 0, 0, 0, 0, 4, 0, 0], [0, 0, 0, 5, 0, 0, 0, 0], [0, 0, 0, 0, 0, 0, 0, 0], [0, 2, 6, 0, 1, 0, 0, 3]]",2.994
2242,0.01,1,"[[7.91, 1.03, 5.87, 7.52, 6.88, 7.18, 6.1], [5.88, 5.55, 1.78, 3.0, 4.69, 4.52, 8.75], [5.71, 1.25, 6.22, 6.17, 8.38, 7.26, 4.32], [6.4, 8.88, 5.28, 4.23, 1.08, 0.7, 3.39]]",5.0,5.71,113,"[0.3, 0.18, 0.2, 0.32]","[[0, 1, 0, 0, 0, 0, 0, 2], [0, 0, 0, 0, 0, 0, 0, 0], [0, 0, 0, 0, 0, 0, 0, 0], [0, 0, 0, 0, 3, 0, 0, 0]]",2.994
2243,0.01,4,"[[6.26, 0.19, 5.42, 8.23, 3.15, 1.79, 3.82], [4.19, 3.39, 2.75, 9.2, 5.7, 3.44, 3.56], [5.45, 5.72, 8.61, 4.63, 8.16, 8.36, 7.19], [3.14, 2.27, 7.83, 9.11, 0.69, 3.38, 9.35]]",5.0,9.11,113,"[0.1, 0.01, 0.01, 0.88]","[[0, 0, 0, 0, 8, 0, 0, 9], [0, 0, 0, 0, 0, 0, 0, 0], [0, 0, 0, 0, 0, 0, 0, 0], [0, 1, 2, 3, 4, 5, 6, 7]]",2.994
2244,0.01,5,"[[6.19, 1.85, 1.16, 4.28, 2.66, 3.25, 7.93], [4.16, 3.03, 5.34, 3.93, 5.82, 4.05, 2.14], [6.53, 8.89, 6.73, 7.28, 2.75, 0.6, 4.09], [4.95, 6.55, 6.81, 6.9, 1.07, 2.2, 5.26]]",5.0,5.82,113,"[0.03, 0.86, 0.04, 0.07]","[[0, 0, 0, 0, 0, 0, 0, 0], [0, 1, 2, 3, 4, 5, 6, 7], [0, 0, 0, 0, 0, 0, 0, 0], [0, 0, 0, 0, 0, 0, 0, 0]]",2.994
2245,0.01,1,"[[1.92, 6.77, 0.18, 0.58, 7.09, 4.34, 4.61], [2.63, 2.6, 4.89, 2.52, 8.42, 2.23, 4.37], [6.54, 7.27, 4.71, 3.86, 8.83, 4.81, 5.31], [5.47, 8.91, 3.37, 8.65, 6.85, 1.47, 5.12]]",5.0,6.54,113,"[0.31, 0.2, 0.17, 0.32]","[[0, 0, 0, 0, 0, 0, 1, 0], [0, 0, 3, 0, 0, 0, 0, 0], [0, 0, 0, 0, 0, 0, 0, 4], [0, 5, 0, 2, 0, 0, 0, 0]]",2.994
2246,0.01,4,"[[5.11, 2.17, 0.1, 9.47, 2.73, 6.4, 3.36], [4.31, 7.26, 6.36, 8.48, 2.98, 4.68, 5.77], [8.38, 2.0, 6.14, 7.53, 4.7, 1.99, 1.53], [7.09, 5.94, 3.03, 5.37, 2.51, 3.9, 2.79]]",5.0,5.37,113,"[0.31, 0.35, 0.15, 0.19]","[[0, 0, 0, 0, 0, 0, 0, 2], [0, 1, 0, 0, 0, 0, 0, 0], [0, 0, 0, 0, 0, 0, 0, 0], [0, 0, 0, 0, 3, 0, 0, 0]]",2.994
2247,0.01,6,"[[2.65, 1.66, 4.12, 6.28, 3.9, 4.24, 8.17], [4.84, 2.23, 5.57, 7.45, 3.35, 5.55, 3.39], [6.15, 3.53, 5.47, 2.82, 6.99, 9.09, 0.79], [2.47, 2.31, 1.36, 3.11, 4.52, 5.21, 3.31]]",5.0,5.21,113,"[0.01, 0.06, 0.02, 0.91]","[[0, 0, 0, 0, 0, 0, 0, 0], [0, 0, 0, 0, 0, 0, 0, 0], [0, 0, 0, 0, 0, 0, 0, 0], [0, 1, 2, 3, 4, 5, 6, 7]]",2.994
2248,0.01,7,"[[0.94, 9.58, 9.58, 1.68, 3.99, 3.26, 9.98], [7.2, 6.69, 3.6, 6.35, 1.28, 0.52, 9.84], [4.59, 4.33, 3.41, 2.69, 0.89, 3.28, 2.91], [7.61, 5.48, 8.81, 6.78, 0.6, 7.91, 3.87]]",5.0,9.84,113,"[0.01, 0.89, 0.08, 0.02]","[[0, 0, 0, 0, 0, 0, 0, 0], [0, 1, 2, 3, 4, 5, 6, 7], [0, 0, 0, 0, 0, 0, 0, 0], [0, 0, 0, 0, 0, 0, 0, 0]]",2.994
2249,0.01,2,"[[5.12, 1.51, 5.2, 6.71, 2.69, 8.45, 7.56], [1.26, 6.81, 6.02, 6.85, 3.83, 2.04, 5.15], [0.77, 1.29, 6.67, 1.6, 1.63, 0.54, 0.89], [4.2, 5.58, 3.29, 3.97, 3.54, 6.37, 4.95]]",5.0,1.29,113,"[0.21, 0.27, 0.19, 0.33]","[[0, 0, 0, 3, 0, 6, 0, 0], [0, 0, 2, 0, 0, 0, 5, 0], [0, 0, 0, 0, 0, 0, 0, 0], [0, 1, 0, 0, 7, 0, 0, 4]]",2.994
2250,0.01,1,"[[0.1, 0.22, 0.11, 0.07, 0.15, 0.15, 0.08], [0.22, 0.14, 0.05, 0.13, 0.2, 0.14, 0.2], [0.02, 0.25, 0.2, 0.08, 0.15, 0.02, 0.07], [0.11, 0.1, 0.17, 0.14, 0.2, 0.08, 0.11]]",0.13,0.1,113,"[0.87, 0.08, 0.02, 0.03]","[[0, 0, 0, 0, 0, 0, 0, 0], [0, 0, 0, 0, 0, 0, 0, 0], [0, 0, 0, 0, 0, 0, 0, 0], [0, 0, 0, 0, 0, 0, 0, 0]]",0.072
2251,0.01,6,"[[0.16, 0.11, 0.08, 0.09, 0.11, 0.11, 0.06], [0.14, 0.14, 0.15, 0.18, 0.2, 0.23, 0.09], [0.09, 0.18, 0.2, 0.13, 0.05, 0.16, 0.07], [0.08, 0.02, 0.16, 0.15, 0.1, 0.09, 0.12]]",0.13,0.16,113,"[0.08, 0.02, 0.89, 0.01]","[[0, 0, 0, 0, 0, 0, 0, 0], [0, 0, 0, 0, 0, 0, 0, 0], [0, 0, 0, 0, 1, 0, 0, 0], [0, 0, 0, 0, 0, 0, 0, 0]]",0.072
2252,0.01,4,"[[0.07, 0.07, 0.17, 0.05, 0.08, 0.18, 0.15], [0.19, 0.17, 0.06, 0.13, 0.2, 0.13, 0.2], [0.08, 0.18, 0.04, 0.21, 0.15, 0.15, 0.18], [0.06, 0.08, 0.09, 0.02, 0.12, 0.19, 0.09]]",0.13,0.13,113,"[0.31, 0.27, 0.19, 0.23]","[[0, 0, 0, 0, 0, 0, 0, 0], [0, 0, 0, 0, 0, 0, 0, 0], [0, 0, 0, 0, 0, 0, 0, 0], [0, 0, 0, 0, 0, 0, 0, 0]]",0.072
2253,0.01,3,"[[0.23, 0.06, 0.08, 0.13, 0.11, 0.05, 0.11], [0.17, 0.17, 0.17, 0.13, 0.09, 0.2, 0.07], [0.21, 0.11, 0.17, 0.05, 0.13, 0.11, 0.17], [0.16, 0.02, 0.2, 0.19, 0.23, 0.13, 0.13]]",0.13,0.2,113,"[0.24, 0.22, 0.21, 0.33]","[[0, 0, 0, 0, 0, 0, 0, 0], [0, 0, 0, 0, 0, 0, 0, 0], [0, 0, 0, 0, 0, 0, 0, 0], [0, 0, 0, 0, 0, 0, 0, 0]]",0.072
2254,0.01,2,"[[0.04, 0.14, 0.09, 0.06, 0.18, 0.1, 0.07], [0.09, 0.13, 0.01, 0.23, 0.07, 0.19, 0.05], [0.08, 0.2, 0.08, 0.21, 0.07, 0.04, 0.22], [0.12, 0.1, 0.09, 0.18, 0.18, 0.04, 0.15]]",0.13,0.1,113,"[0.05, 0.03, 0.07, 0.85]","[[0, 0, 0, 0, 0, 0, 0, 0], [0, 0, 0, 0, 0, 0, 0, 0], [0, 0, 0, 0, 0, 0, 0, 0], [0, 0, 0, 0, 0, 0, 0, 0]]",0.072
2255,0.01,1,"[[0.11, 0.06, 0.11, 0.08, 0.17, 0.11, 0.11], [0.14, 0.12, 0.06, 0.14, 0.09, 0.14, 0.12], [0.04, 0.15, 0.09, 0.13, 0.15, 0.18, 0.21], [0.1, 0.08, 0.17, 0.08, 0.19, 0.13, 0.19]]",0.13,0.11,113,"[0.26, 0.2, 0.27, 0.27]","[[0, 0, 0, 0, 0, 0, 0, 0], [0, 0, 0, 0, 0, 0, 0, 0], [0, 0, 0, 0, 0, 0, 0, 0], [0, 0, 0, 0, 0, 0, 0, 0]]",0.072
2256,0.01,7,"[[0.08, 0.23, 0.16, 0.14, 0.22, 0.12, 0.2], [0.17, 0.2, 0.03, 0.17, 0.21, 0.17, 0.07], [0.08, 0.2, 0.14, 0.22, 0.1, 0.13, 0.17], [0.07, 0.12, 0.01, 0.11, 0.05, 0.12, 0.17]]",0.13,0.2,113,"[0.86, 0.03, 0.04, 0.07]","[[0, 0, 0, 0, 0, 0, 0, 0], [0, 0, 0, 0, 0, 0, 0, 0], [0, 0, 0, 0, 0, 0, 0, 0], [0, 0, 0, 0, 0, 0, 0, 0]]",0.072
2257,0.01,3,"[[0.02, 0.1, 0.05, 0.19, 0.09, 0.05, 0.06], [0.03, 0.12, 0.22, 0.08, 0.02, 0.07, 0.12], [0.18, 0.19, 0.1, 0.18, 0.18, 0.13, 0.15], [0.08, 0.17, 0.23, 0.11, 0.13, 0.16, 0.07]]",0.13,0.23,113,"[0.06, 0.06, 0.03, 0.85]","[[0, 0, 0, 0, 0, 0, 0, 0], [0, 0, 0, 0, 0, 0, 0, 0], [0, 0, 0, 0, 0, 0, 0, 0], [0, 3, 4, 5, 1, 0, 0, 2]]",0.072
2258,0.01,6,"[[0.18, 0.08, 0.14, 0.2, 0.12, 0.1, 0.1], [0.1, 0.05, 0.2, 0.13, 0.11, 0.09, 0.04], [0.15, 0.11, 0.22, 0.09, 0.14, 0.12, 0.12], [0.17, 0.01, 0.14, 0.05, 0.14, 0.07, 0.08]]",0.13,0.09,113,"[0.3, 0.22, 0.27, 0.21]","[[0, 0, 0, 0, 0, 0, 0, 0], [0, 0, 0, 0, 0, 0, 0, 0], [0, 0, 0, 0, 0, 0, 0, 0], [0, 0, 0, 0, 0, 0, 0, 0]]",0.072
2259,0.01,1,"[[0.14, 0.16, 0.16, 0.21, 0.14, 0.04, 0.08], [0.06, 0.2, 0.17, 0.04, 0.15, 0.07, 0.15], [0.13, 0.19, 0.14, 0.02, 0.08, 0.23, 0.1], [0.15, 0.03, 0.13, 0.07, 0.13, 0.07, 0.19]]",0.13,0.06,113,"[0.26, 0.28, 0.24, 0.22]","[[0, 0, 0, 0, 0, 0, 0, 0], [0, 0, 0, 0, 0, 0, 0, 0], [0, 0, 0, 0, 0, 0, 0, 0], [0, 0, 0, 0, 0, 0, 0, 0]]",0.072
2260,0.01,4,"[[5.11, 2.17, 0.1, 9.47, 2.73, 6.4, 3.36], [4.31, 7.26, 6.36, 8.48, 2.98, 4.68, 5.77], [8.38, 2.0, 6.14, 7.53, 4.7, 1.99, 1.53], [7.09, 5.94, 3.03, 5.37, 2.51, 3.9, 2.79]]",5.0,5.37,114,"[0.31, 0.35, 0.15, 0.19]","[[0, 0, 2, 0, 0, 0, 0, 0], [0, 0, 1, 0, 4, 0, 0, 0], [0, 0, 0, 0, 5, 0, 0, 0], [0, 0, 3, 0, 6, 0, 0, 0]]",2.994
2261,0.01,4,"[[3.74, 4.35, 1.03, 5.02, 2.48, 7.72, 3.91], [9.52, 3.82, 4.46, 2.55, 5.65, 6.25, 0.76], [2.96, 5.49, 2.32, 7.63, 0.35, 8.21, 6.51], [4.09, 2.1, 9.56, 8.08, 0.89, 1.16, 4.1]]",5.0,8.08,114,"[0.04, 0.08, 0.02, 0.86]","[[0, 0, 0, 0, 0, 0, 0, 0], [0, 1, 0, 0, 0, 0, 0, 0], [0, 0, 0, 0, 0, 0, 0, 0], [0, 0, 2, 0, 3, 0, 4, 0]]",2.994
2262,0.01,4,"[[5.12, 1.51, 5.2, 6.71, 2.69, 8.45, 7.56], [1.26, 6.81, 6.02, 6.85, 3.83, 2.04, 5.15], [0.77, 1.29, 6.67, 1.6, 1.63, 0.54, 0.89], [4.2, 5.58, 3.29, 3.97, 3.54, 6.37, 4.95]]",5.0,3.97,114,"[0.21, 0.27, 0.19, 0.33]","[[0, 0, 0, 0, 0, 0, 0, 0], [0, 1, 0, 3, 5, 7, 9, 0], [0, 0, 0, 0, 0, 0, 0, 0], [0, 0, 2, 4, 10, 6, 0, 8]]",2.994
2263,0.01,3,"[[3.25, 0.97, 8.64, 8.18, 2.13, 6.22, 0.77], [5.88, 7.57, 5.25, 3.43, 6.13, 3.52, 3.61], [5.54, 4.65, 8.68, 9.8, 7.31, 3.42, 4.37], [7.14, 2.83, 7.59, 3.91, 6.6, 1.41, 1.96]]",5.0,8.64,114,"[0.06, 0.03, 0.01, 0.9]","[[0, 0, 0, 0, 0, 0, 0, 0], [0, 0, 0, 0, 0, 0, 0, 0], [0, 0, 0, 0, 0, 0, 0, 0], [0, 1, 5, 2, 0, 4, 6, 3]]",2.994
2264,0.01,3,"[[2.67, 1.86, 1.79, 5.75, 3.59, 3.3, 1.49], [1.18, 8.77, 6.89, 4.16, 3.25, 3.0, 9.34], [1.75, 2.03, 4.01, 8.67, 5.48, 1.04, 6.3], [4.37, 0.5, 5.19, 4.46, 0.43, 0.13, 6.06]]",5.0,4.01,114,"[0.24, 0.23, 0.24, 0.29]","[[0, 0, 0, 0, 0, 0, 0, 0], [0, 3, 0, 7, 0, 0, 0, 0], [0, 0, 0, 0, 0, 0, 0, 0], [0, 1, 2, 6, 0, 4, 5, 0]]",2.994
2265,0.01,5,"[[0.95, 2.78, 3.25, 5.38, 7.09, 3.77, 4.83], [7.13, 8.96, 5.39, 2.27, 8.34, 7.96, 4.55], [9.77, 5.61, 8.97, 8.09, 6.52, 2.37, 9.08], [8.52, 1.84, 1.06, 3.62, 0.7, 3.27, 0.14]]",5.0,7.09,114,"[0.85, 0.07, 0.07, 0.01]","[[0, 1, 0, 0, 2, 4, 0, 3], [0, 0, 0, 0, 0, 0, 0, 0], [0, 0, 0, 0, 0, 0, 0, 0], [0, 0, 0, 0, 0, 0, 0, 0]]",2.994
2266,0.01,2,"[[7.91, 1.03, 5.87, 7.52, 6.88, 7.18, 6.1], [5.88, 5.55, 1.78, 3.0, 4.69, 4.52, 8.75], [5.71, 1.25, 6.22, 6.17, 8.38, 7.26, 4.32], [6.4, 8.88, 5.28, 4.23, 1.08, 0.7, 3.39]]",5.0,1.03,114,"[0.3, 0.18, 0.2, 0.32]","[[0, 0, 0, 0, 0, 0, 0, 0], [0, 0, 0, 0, 0, 0, 0, 0], [0, 0, 0, 0, 0, 0, 0, 0], [0, 1, 2, 0, 3, 0, 0, 0]]",2.994
2267,0.01,5,"[[8.47, 2.82, 7.33, 4.03, 7.07, 2.75, 1.54], [4.68, 3.16, 0.97, 1.44, 5.2, 6.65, 9.25], [8.41, 7.04, 1.31, 3.23, 7.09, 7.67, 1.55], [6.28, 2.99, 4.33, 1.28, 9.25, 6.99, 2.35]]",5.0,9.25,114,"[0.01, 0.01, 0.01, 0.97]","[[0, 0, 0, 0, 0, 0, 0, 0], [0, 0, 0, 0, 0, 0, 0, 0], [0, 0, 0, 0, 0, 0, 0, 0], [0, 1, 0, 4, 2, 5, 6, 3]]",2.994
2268,0.01,4,"[[7.32, 4.38, 4.99, 7.76, 5.0, 5.94, 2.36], [8.4, 3.61, 8.45, 4.23, 7.02, 4.36, 9.23], [1.69, 3.23, 3.54, 3.86, 3.72, 2.06, 0.61], [7.94, 7.02, 6.73, 4.28, 8.5, 0.13, 2.63]]",5.0,7.76,114,"[0.85, 0.03, 0.11, 0.01]","[[0, 1, 6, 5, 2, 0, 4, 3], [0, 0, 0, 0, 0, 0, 0, 0], [0, 0, 0, 0, 0, 0, 0, 0], [0, 0, 0, 0, 0, 0, 0, 0]]",2.994
2269,0.01,7,"[[1.89, 1.68, 4.82, 0.64, 6.72, 5.82, 3.47], [2.81, 5.64, 4.93, 5.88, 1.19, 6.58, 2.91], [6.88, 4.96, 4.06, 5.77, 1.03, 4.24, 5.62], [0.22, 1.89, 4.63, 5.2, 4.1, 3.36, 6.44]]",5.0,6.44,114,"[0.25, 0.26, 0.31, 0.18]","[[0, 0, 0, 0, 0, 0, 0, 7], [0, 1, 0, 2, 0, 3, 0, 0], [0, 5, 0, 0, 0, 4, 0, 6], [0, 0, 0, 0, 0, 0, 0, 0]]",2.994
2270,0.01,5,"[[0.19, 0.12, 0.08, 0.18, 0.08, 0.2, 0.22], [0.05, 0.04, 0.19, 0.18, 0.18, 0.05, 0.1], [0.21, 0.13, 0.15, 0.13, 0.16, 0.15, 0.08], [0.19, 0.06, 0.09, 0.07, 0.04, 0.2, 0.08]]",0.13,0.18,114,"[0.16, 0.28, 0.23, 0.33]","[[0, 0, 0, 0, 0, 0, 0, 0], [0, 0, 0, 0, 0, 0, 0, 0], [0, 0, 0, 0, 0, 0, 0, 0], [0, 0, 0, 0, 0, 0, 0, 0]]",0.072
2271,0.01,3,"[[0.18, 0.08, 0.04, 0.19, 0.05, 0.05, 0.16], [0.09, 0.22, 0.23, 0.17, 0.13, 0.24, 0.18], [0.21, 0.2, 0.1, 0.14, 0.11, 0.11, 0.19], [0.23, 0.14, 0.16, 0.18, 0.12, 0.18, 0.03]]",0.13,0.16,114,"[0.02, 0.92, 0.02, 0.04]","[[0, 0, 0, 0, 0, 0, 0, 0], [0, 0, 0, 0, 0, 0, 0, 0], [0, 0, 0, 0, 0, 0, 0, 0], [0, 0, 0, 0, 0, 0, 0, 0]]",0.072
2272,0.01,4,"[[0.02, 0.18, 0.09, 0.13, 0.07, 0.12, 0.08], [0.15, 0.12, 0.24, 0.14, 0.1, 0.01, 0.14], [0.2, 0.14, 0.24, 0.13, 0.22, 0.23, 0.18], [0.11, 0.21, 0.18, 0.07, 0.12, 0.14, 0.14]]",0.13,0.13,114,"[0.85, 0.02, 0.03, 0.1]","[[0, 0, 0, 0, 0, 0, 0, 0], [0, 0, 0, 0, 0, 0, 0, 0], [0, 0, 0, 0, 0, 0, 0, 0], [0, 0, 0, 0, 0, 0, 0, 0]]",0.072
2273,0.01,6,"[[0.14, 0.15, 0.11, 0.2, 0.03, 0.13, 0.04], [0.03, 0.07, 0.1, 0.21, 0.1, 0.13, 0.08], [0.14, 0.03, 0.06, 0.05, 0.15, 0.08, 0.09], [0.13, 0.08, 0.16, 0.01, 0.21, 0.09, 0.05]]",0.13,0.08,114,"[0.06, 0.03, 0.86, 0.05]","[[0, 0, 0, 0, 0, 0, 0, 0], [0, 0, 0, 0, 0, 0, 0, 0], [0, 0, 0, 0, 0, 0, 0, 0], [0, 0, 0, 0, 0, 0, 0, 0]]",0.072
2274,0.01,2,"[[0.16, 0.11, 0.08, 0.09, 0.11, 0.11, 0.06], [0.14, 0.14, 0.15, 0.18, 0.2, 0.23, 0.09], [0.09, 0.18, 0.2, 0.13, 0.05, 0.16, 0.07], [0.08, 0.02, 0.16, 0.15, 0.1, 0.09, 0.12]]",0.13,0.18,114,"[0.08, 0.02, 0.89, 0.01]","[[0, 0, 0, 0, 0, 0, 0, 0], [0, 0, 0, 0, 0, 0, 0, 0], [0, 0, 0, 0, 0, 0, 0, 0], [0, 0, 0, 0, 0, 0, 0, 0]]",0.072
2275,0.01,6,"[[0.11, 0.22, 0.08, 0.2, 0.14, 0.03, 0.13], [0.17, 0.02, 0.02, 0.09, 0.21, 0.16, 0.15], [0.09, 0.18, 0.16, 0.17, 0.05, 0.09, 0.1], [0.18, 0.05, 0.09, 0.19, 0.24, 0.18, 0.12]]",0.13,0.16,114,"[0.33, 0.18, 0.11, 0.38]","[[0, 0, 0, 0, 0, 0, 0, 0], [0, 0, 0, 0, 0, 0, 0, 0], [0, 0, 0, 0, 0, 0, 0, 0], [0, 0, 0, 0, 0, 0, 0, 0]]",0.072
2276,0.01,7,"[[0.11, 0.18, 0.17, 0.05, 0.02, 0.11, 0.14], [0.16, 0.12, 0.11, 0.08, 0.11, 0.16, 0.08], [0.12, 0.16, 0.05, 0.23, 0.13, 0.08, 0.03], [0.17, 0.24, 0.1, 0.22, 0.06, 0.14, 0.05]]",0.13,0.03,114,"[0.01, 0.08, 0.86, 0.05]","[[0, 0, 0, 0, 0, 0, 0, 0], [0, 0, 0, 0, 0, 0, 0, 0], [0, 0, 0, 0, 0, 0, 0, 0], [0, 0, 0, 0, 0, 0, 0, 0]]",0.072
2277,0.01,2,"[[0.06, 0.11, 0.17, 0.23, 0.15, 0.14, 0.21], [0.16, 0.17, 0.08, 0.04, 0.07, 0.21, 0.12], [0.2, 0.19, 0.13, 0.12, 0.17, 0.2, 0.16], [0.1, 0.1, 0.12, 0.16, 0.01, 0.17, 0.09]]",0.13,0.17,114,"[0.23, 0.25, 0.3, 0.22]","[[0, 0, 0, 0, 0, 0, 0, 0], [0, 0, 0, 0, 0, 0, 0, 0], [0, 0, 0, 0, 0, 0, 0, 0], [0, 0, 0, 0, 0, 0, 0, 0]]",0.072
2278,0.01,5,"[[0.14, 0.12, 0.08, 0.02, 0.14, 0.19, 0.09], [0.2, 0.01, 0.13, 0.03, 0.11, 0.06, 0.23], [0.19, 0.12, 0.16, 0.15, 0.16, 0.07, 0.21], [0.09, 0.14, 0.24, 0.12, 0.1, 0.2, 0.16]]",0.13,0.1,114,"[0.36, 0.17, 0.12, 0.35]","[[0, 0, 0, 0, 0, 0, 0, 0], [0, 0, 0, 0, 0, 0, 0, 0], [0, 0, 0, 0, 0, 0, 0, 0], [0, 0, 0, 0, 0, 0, 0, 0]]",0.072
2279,0.01,1,"[[0.09, 0.06, 0.16, 0.11, 0.12, 0.22, 0.04], [0.11, 0.19, 0.13, 0.18, 0.2, 0.12, 0.12], [0.11, 0.08, 0.15, 0.06, 0.15, 0.13, 0.16], [0.08, 0.15, 0.2, 0.17, 0.24, 0.04, 0.12]]",0.13,0.09,114,"[0.15, 0.32, 0.21, 0.32]","[[0, 0, 0, 0, 0, 0, 0, 0], [0, 0, 0, 0, 0, 0, 0, 0], [0, 0, 0, 0, 0, 0, 0, 0], [0, 0, 0, 0, 0, 0, 0, 0]]",0.072
2280,0.01,1,"[[0.16, 0.14, 0.08, 0.14, 0.11, 0.13, 0.09], [0.19, 0.11, 0.19, 0.08, 0.11, 0.19, 0.13], [0.21, 0.23, 0.11, 0.11, 0.1, 0.18, 0.03], [0.04, 0.14, 0.12, 0.13, 0.05, 0.04, 0.05]]",0.13,0.04,115,"[0.31, 0.22, 0.18, 0.29]","[[0, 15, 1, 8, 19, 20, 27, 6], [0, 14, 10, 9, 4, 21, 7, 25], [0, 13, 11, 2, 18, 3, 26, 24], [0, 5, 12, 16, 17, 22, 28, 23]]",0.072
2281,0.01,5,"[[0.05, 0.17, 0.08, 0.07, 0.16, 0.13, 0.05], [0.1, 0.16, 0.24, 0.2, 0.19, 0.19, 0.23], [0.18, 0.13, 0.06, 0.19, 0.17, 0.21, 0.13], [0.16, 0.18, 0.2, 0.12, 0.19, 0.08, 0.19]]",0.13,0.16,115,"[0.85, 0.1, 0.02, 0.03]","[[0, 1, 2, 3, 0, 5, 6, 0], [0, 0, 0, 0, 4, 0, 0, 7], [0, 11, 10, 0, 0, 0, 8, 0], [0, 0, 0, 9, 0, 0, 0, 0]]",0.072
2282,0.01,3,"[[0.15, 0.08, 0.16, 0.16, 0.12, 0.04, 0.13], [0.17, 0.17, 0.2, 0.1, 0.06, 0.16, 0.12], [0.04, 0.25, 0.2, 0.11, 0.04, 0.11, 0.24], [0.15, 0.14, 0.05, 0.11, 0.22, 0.22, 0.2]]",0.13,0.2,115,"[0.01, 0.89, 0.09, 0.01]","[[0, 0, 1, 0, 5, 0, 0, 0], [0, 11, 2, 10, 6, 7, 8, 9], [0, 0, 3, 0, 0, 0, 0, 0], [0, 0, 4, 0, 0, 0, 0, 0]]",0.072
2283,0.01,7,"[[0.16, 0.21, 0.19, 0.12, 0.21, 0.05, 0.2], [0.14, 0.1, 0.04, 0.07, 0.08, 0.16, 0.22], [0.03, 0.17, 0.22, 0.13, 0.04, 0.22, 0.12], [0.16, 0.14, 0.16, 0.16, 0.18, 0.13, 0.14]]",0.13,0.22,115,"[0.06, 0.89, 0.04, 0.01]","[[0, 16, 0, 0, 13, 0, 0, 10], [0, 1, 2, 3, 4, 5, 6, 7], [0, 14, 0, 0, 12, 0, 0, 9], [0, 15, 0, 0, 11, 0, 0, 8]]",0.072
2284,0.01,2,"[[0.08, 0.23, 0.16, 0.14, 0.22, 0.12, 0.2], [0.17, 0.2, 0.03, 0.17, 0.21, 0.17, 0.07], [0.08, 0.2, 0.14, 0.22, 0.1, 0.13, 0.17], [0.07, 0.12, 0.01, 0.11, 0.05, 0.12, 0.17]]",0.13,0.23,115,"[0.86, 0.03, 0.04, 0.07]","[[0, 1, 2, 3, 4, 5, 6, 7], [0, 0, 11, 0, 0, 8, 0, 0], [0, 0, 12, 0, 0, 9, 0, 0], [0, 0, 13, 0, 0, 10, 0, 0]]",0.072
2285,0.01,1,"[[0.14, 0.15, 0.11, 0.2, 0.03, 0.13, 0.04], [0.03, 0.07, 0.1, 0.21, 0.1, 0.13, 0.08], [0.14, 0.03, 0.06, 0.05, 0.15, 0.08, 0.09], [0.13, 0.08, 0.16, 0.01, 0.21, 0.09, 0.05]]",0.13,0.14,115,"[0.06, 0.03, 0.86, 0.05]","[[0, 8, 0, 9, 0, 10, 0, 11], [0, 0, 0, 0, 0, 0, 0, 0], [0, 1, 2, 3, 4, 5, 6, 7], [0, 0, 0, 0, 0, 0, 0, 0]]",0.072
2286,0.01,6,"[[0.15, 0.2, 0.21, 0.14, 0.15, 0.21, 0.2], [0.1, 0.12, 0.15, 0.05, 0.19, 0.19, 0.19], [0.2, 0.18, 0.22, 0.07, 0.23, 0.17, 0.15], [0.25, 0.17, 0.14, 0.07, 0.06, 0.14, 0.21]]",0.13,0.14,115,"[0.33, 0.32, 0.13, 0.22]","[[0, 8, 2, 10, 4, 0, 6, 0], [0, 1, 9, 3, 11, 5, 12, 7], [0, 0, 0, 0, 0, 0, 0, 0], [0, 0, 0, 0, 0, 0, 0, 0]]",0.072
2287,0.01,3,"[[0.21, 0.18, 0.18, 0.07, 0.17, 0.09, 0.08], [0.07, 0.09, 0.01, 0.16, 0.02, 0.06, 0.25], [0.21, 0.16, 0.24, 0.08, 0.24, 0.16, 0.09], [0.17, 0.08, 0.18, 0.24, 0.11, 0.09, 0.22]]",0.13,0.18,115,"[0.21, 0.27, 0.2, 0.32]","[[0, 0, 0, 0, 0, 0, 0, 0], [0, 0, 0, 0, 0, 0, 0, 0], [0, 0, 0, 0, 0, 0, 0, 0], [0, 1, 0, 2, 0, 3, 0, 0]]",0.072
2288,0.01,5,"[[0.1, 0.1, 0.03, 0.13, 0.2, 0.08, 0.11], [0.08, 0.05, 0.11, 0.15, 0.22, 0.2, 0.17], [0.16, 0.24, 0.08, 0.04, 0.05, 0.19, 0.14], [0.1, 0.18, 0.15, 0.14, 0.18, 0.07, 0.19]]",0.13,0.05,115,"[0.36, 0.26, 0.19, 0.19]","[[0, 1, 0, 2, 0, 3, 0, 0], [0, 0, 0, 0, 0, 0, 0, 0], [0, 0, 0, 0, 0, 0, 0, 0], [0, 0, 0, 0, 0, 0, 0, 0]]",0.072
2289,0.01,6,"[[0.12, 0.17, 0.14, 0.13, 0.11, 0.07, 0.23], [0.21, 0.03, 0.18, 0.17, 0.22, 0.07, 0.12], [0.06, 0.15, 0.14, 0.1, 0.11, 0.15, 0.22], [0.13, 0.03, 0.18, 0.17, 0.07, 0.25, 0.1]]",0.13,0.07,115,"[0.39, 0.18, 0.15, 0.28]","[[0, 1, 0, 2, 0, 3, 0, 0], [0, 0, 0, 0, 0, 0, 0, 0], [0, 0, 0, 0, 0, 0, 0, 0], [0, 0, 4, 0, 5, 0, 6, 0]]",0.072
2290,0.01,2,"[[0.72, 5.25, 9.97, 4.85, 8.58, 2.57, 9.15], [5.48, 9.36, 2.36, 9.25, 3.72, 4.76, 6.74], [7.14, 7.36, 2.91, 4.13, 7.03, 8.48, 0.38], [5.84, 6.37, 7.56, 3.71, 4.02, 2.93, 0.09]]",5.0,6.37,115,"[0.03, 0.85, 0.06, 0.06]","[[0, 0, 5, 0, 0, 0, 0, 12], [0, 1, 2, 3, 0, 4, 8, 9], [0, 0, 6, 0, 0, 0, 0, 11], [0, 0, 7, 0, 0, 0, 0, 10]]",2.994
2291,0.01,2,"[[1.89, 1.68, 4.82, 0.64, 6.72, 5.82, 3.47], [2.81, 5.64, 4.93, 5.88, 1.19, 6.58, 2.91], [6.88, 4.96, 4.06, 5.77, 1.03, 4.24, 5.62], [0.22, 1.89, 4.63, 5.2, 4.1, 3.36, 6.44]]",5.0,1.68,115,"[0.25, 0.26, 0.31, 0.18]","[[0, 0, 0, 0, 0, 0, 0, 0], [0, 2, 3, 5, 7, 9, 11, 13], [0, 1, 4, 6, 8, 10, 12, 14], [0, 0, 0, 0, 0, 0, 0, 0]]",2.994
2292,0.01,5,"[[7.04, 7.27, 1.99, 4.87, 6.53, 6.34, 1.47], [5.29, 2.16, 9.06, 4.67, 7.92, 5.41, 7.56], [6.95, 5.35, 1.7, 4.81, 6.84, 1.21, 8.92], [6.63, 5.53, 4.35, 1.42, 5.69, 5.92, 4.12]]",5.0,6.53,115,"[0.07, 0.87, 0.03, 0.03]","[[0, 0, 0, 5, 0, 11, 0, 0], [0, 1, 2, 3, 4, 8, 9, 10], [0, 0, 0, 6, 0, 12, 0, 0], [0, 0, 0, 7, 0, 13, 0, 0]]",2.994
2293,0.01,1,"[[7.32, 4.38, 4.99, 7.76, 5.0, 5.94, 2.36], [8.4, 3.61, 8.45, 4.23, 7.02, 4.36, 9.23], [1.69, 3.23, 3.54, 3.86, 3.72, 2.06, 0.61], [7.94, 7.02, 6.73, 4.28, 8.5, 0.13, 2.63]]",5.0,7.32,115,"[0.85, 0.03, 0.11, 0.01]","[[0, 2, 1, 3, 4, 5, 6, 7], [0, 11, 0, 0, 8, 0, 0, 0], [0, 12, 0, 0, 9, 0, 0, 0], [0, 13, 0, 0, 10, 0, 0, 0]]",2.994
2294,0.01,7,"[[5.28, 9.9, 6.81, 1.61, 2.79, 8.92, 6.09], [3.46, 6.68, 6.44, 3.71, 3.55, 0.25, 8.07], [6.52, 2.17, 8.0, 8.5, 5.35, 1.81, 3.32], [5.89, 1.86, 6.44, 5.29, 3.29, 8.96, 7.12]]",5.0,7.12,115,"[0.23, 0.3, 0.24, 0.23]","[[0, 0, 4, 9, 10, 0, 0, 19], [0, 1, 2, 3, 11, 14, 15, 16], [0, 0, 5, 8, 12, 0, 0, 17], [0, 0, 6, 7, 13, 0, 0, 18]]",2.994
2295,0.01,6,"[[3.55, 2.94, 0.08, 3.13, 2.15, 9.59, 4.77], [4.35, 5.83, 1.82, 2.79, 3.6, 4.35, 6.66], [4.91, 4.62, 9.06, 2.02, 4.04, 2.21, 7.62], [0.78, 5.9, 1.77, 4.45, 7.63, 4.39, 2.86]]",5.0,4.35,115,"[0.34, 0.11, 0.27, 0.28]","[[0, 1, 2, 3, 4, 5, 6, 10], [0, 0, 0, 0, 0, 0, 7, 11], [0, 0, 0, 0, 0, 0, 8, 12], [0, 0, 0, 0, 0, 0, 9, 13]]",2.994
2296,0.01,4,"[[2.54, 7.44, 2.24, 4.32, 2.76, 9.01, 8.48], [1.82, 8.34, 6.23, 3.89, 6.94, 3.11, 6.18], [7.6, 3.71, 5.31, 9.83, 1.09, 3.87, 7.81], [7.76, 7.0, 2.77, 7.48, 3.83, 0.31, 3.13]]",5.0,7.48,115,"[0.04, 0.07, 0.03, 0.86]","[[0, 11, 10, 0, 16, 14, 0, 0], [0, 12, 9, 0, 15, 0, 0, 0], [0, 13, 8, 0, 17, 0, 0, 0], [0, 1, 2, 3, 4, 5, 6, 7]]",2.994
2297,0.01,7,"[[5.16, 3.84, 2.97, 6.89, 7.92, 3.02, 6.81], [6.93, 3.64, 5.33, 8.47, 3.82, 8.88, 7.83], [4.51, 5.38, 9.21, 3.79, 4.77, 9.29, 4.59], [3.55, 8.48, 4.66, 2.28, 3.95, 2.95, 5.67]]",5.0,6.81,115,"[0.86, 0.08, 0.05, 0.01]","[[0, 1, 2, 3, 4, 5, 6, 7], [0, 0, 0, 0, 11, 8, 0, 14], [0, 0, 0, 0, 13, 9, 0, 15], [0, 0, 0, 0, 12, 10, 0, 16]]",2.994
2298,0.01,7,"[[7.91, 1.03, 5.87, 7.52, 6.88, 7.18, 6.1], [5.88, 5.55, 1.78, 3.0, 4.69, 4.52, 8.75], [5.71, 1.25, 6.22, 6.17, 8.38, 7.26, 4.32], [6.4, 8.88, 5.28, 4.23, 1.08, 0.7, 3.39]]",5.0,3.39,115,"[0.3, 0.18, 0.2, 0.32]","[[0, 2, 4, 7, 10, 11, 14, 15], [0, 20, 6, 17, 21, 24, 25, 28], [0, 19, 5, 18, 22, 23, 26, 27], [0, 1, 3, 8, 9, 12, 13, 16]]",2.994
2299,0.01,1,"[[8.02, 3.92, 3.11, 4.49, 4.13, 7.86, 3.71], [5.5, 3.12, 4.78, 4.63, 5.83, 9.55, 5.01], [6.87, 6.07, 1.32, 5.58, 8.22, 5.74, 5.54], [4.62, 3.36, 5.75, 5.59, 2.34, 1.7, 6.64]]",5.0,6.87,115,"[0.25, 0.27, 0.24, 0.24]","[[0, 4, 5, 12, 0, 0, 0, 0], [0, 3, 6, 11, 0, 0, 0, 0], [0, 2, 8, 10, 0, 0, 0, 0], [0, 1, 7, 9, 0, 0, 0, 0]]",2.994
2300,0.01,4,"[[3.54, 3.18, 6.26, 3.39, 3.52, 5.47, 1.42], [3.13, 1.91, 7.14, 3.81, 4.58, 6.9, 8.39], [7.48, 1.27, 5.41, 7.63, 6.12, 1.81, 6.34], [6.09, 3.7, 4.25, 4.91, 0.8, 7.46, 7.59]]",5.0,7.63,116,"[0.04, 0.07, 0.88, 0.01]","[[0, 0, 0, 0, 0, 0, 0, 0], [0, 0, 0, 0, 0, 0, 0, 0], [0, 1, 2, 3, 4, 5, 6, 7], [0, 0, 0, 0, 0, 0, 0, 0]]",2.994
2301,0.01,1,"[[7.17, 3.46, 5.58, 3.93, 3.7, 2.49, 5.53], [9.77, 5.93, 5.47, 2.25, 8.04, 7.17, 0.39], [7.48, 1.53, 5.91, 7.74, 1.59, 6.73, 3.86], [5.1, 6.8, 2.11, 7.09, 7.57, 6.62, 8.34]]",5.0,7.17,116,"[0.88, 0.05, 0.05, 0.02]","[[0, 1, 2, 3, 4, 5, 6, 7], [0, 0, 0, 0, 0, 0, 0, 0], [0, 0, 0, 0, 0, 0, 0, 0], [0, 0, 0, 0, 0, 0, 0, 0]]",2.994
2302,0.01,4,"[[6.38, 4.4, 2.78, 4.02, 3.28, 4.56, 6.79], [6.89, 5.4, 5.87, 9.63, 0.42, 4.93, 4.29], [2.96, 2.23, 8.29, 4.74, 3.72, 2.39, 0.86], [5.36, 5.18, 6.28, 1.08, 2.81, 5.95, 9.65]]",5.0,4.74,116,"[0.2, 0.38, 0.3, 0.12]","[[0, 0, 0, 0, 0, 0, 0, 0], [0, 1, 2, 3, 4, 5, 6, 7], [0, 0, 0, 0, 0, 0, 0, 0], [0, 0, 0, 0, 0, 0, 0, 0]]",2.994
2303,0.01,4,"[[7.32, 4.38, 4.99, 7.76, 5.0, 5.94, 2.36], [8.4, 3.61, 8.45, 4.23, 7.02, 4.36, 9.23], [1.69, 3.23, 3.54, 3.86, 3.72, 2.06, 0.61], [7.94, 7.02, 6.73, 4.28, 8.5, 0.13, 2.63]]",5.0,7.76,116,"[0.85, 0.03, 0.11, 0.01]","[[0, 1, 2, 3, 4, 5, 6, 7], [0, 0, 0, 0, 0, 0, 0, 0], [0, 0, 0, 0, 0, 0, 0, 0], [0, 0, 0, 0, 0, 0, 0, 0]]",2.994
2304,0.01,3,"[[2.88, 2.6, 7.89, 4.77, 7.12, 4.23, 2.87], [3.29, 2.97, 3.82, 9.51, 9.45, 8.27, 5.42], [3.22, 3.81, 4.18, 2.52, 3.48, 3.16, 9.41], [1.89, 5.73, 6.1, 1.69, 4.58, 1.23, 3.5]]",5.0,6.1,116,"[0.2, 0.16, 0.26, 0.38]","[[0, 0, 0, 0, 0, 0, 0, 0], [0, 0, 0, 0, 0, 0, 0, 0], [0, 0, 0, 0, 0, 0, 0, 0], [0, 1, 2, 3, 4, 6, 5, 7]]",2.994
2305,0.01,5,"[[8.47, 2.82, 7.33, 4.03, 7.07, 2.75, 1.54], [4.68, 3.16, 0.97, 1.44, 5.2, 6.65, 9.25], [8.41, 7.04, 1.31, 3.23, 7.09, 7.67, 1.55], [6.28, 2.99, 4.33, 1.28, 9.25, 6.99, 2.35]]",5.0,9.25,116,"[0.01, 0.01, 0.01, 0.97]","[[0, 0, 0, 0, 0, 0, 0, 0], [0, 0, 0, 0, 0, 0, 0, 0], [0, 0, 0, 0, 0, 0, 0, 0], [0, 1, 2, 3, 4, 5, 6, 7]]",2.994
2306,0.01,4,"[[6.2, 4.19, 3.44, 8.27, 6.51, 4.65, 4.01], [2.89, 4.13, 4.82, 8.89, 9.25, 0.96, 6.04], [8.8, 2.84, 4.5, 4.81, 3.19, 0.46, 7.31], [5.12, 1.87, 1.91, 7.0, 2.08, 5.06, 2.86]]",5.0,4.81,116,"[0.15, 0.21, 0.3, 0.34]","[[0, 0, 0, 0, 0, 0, 0, 0], [0, 0, 0, 0, 0, 0, 0, 0], [0, 0, 0, 0, 0, 0, 0, 0], [0, 1, 2, 3, 4, 5, 6, 7]]",2.994
2307,0.01,2,"[[3.89, 7.03, 1.42, 3.85, 5.57, 3.85, 2.09], [1.42, 3.42, 3.49, 1.78, 8.76, 8.52, 6.88], [3.98, 7.53, 6.94, 2.68, 5.16, 4.6, 0.82], [7.43, 7.31, 6.36, 5.75, 9.0, 9.88, 3.78]]",5.0,7.03,116,"[0.86, 0.01, 0.02, 0.11]","[[0, 1, 2, 3, 4, 5, 6, 7], [0, 0, 0, 0, 0, 0, 0, 0], [0, 0, 0, 0, 0, 0, 0, 0], [0, 0, 0, 0, 0, 0, 0, 0]]",2.994
2308,0.01,2,"[[7.91, 1.03, 5.87, 7.52, 6.88, 7.18, 6.1], [5.88, 5.55, 1.78, 3.0, 4.69, 4.52, 8.75], [5.71, 1.25, 6.22, 6.17, 8.38, 7.26, 4.32], [6.4, 8.88, 5.28, 4.23, 1.08, 0.7, 3.39]]",5.0,5.55,116,"[0.3, 0.18, 0.2, 0.32]","[[0, 0, 0, 0, 0, 0, 0, 0], [0, 0, 0, 0, 0, 0, 0, 0], [0, 0, 0, 0, 0, 0, 0, 0], [0, 1, 2, 3, 4, 5, 6, 7]]",2.994
2309,0.01,2,"[[7.74, 3.22, 6.43, 3.71, 7.81, 4.87, 5.0], [6.79, 7.24, 2.38, 4.86, 3.87, 6.17, 4.92], [3.15, 9.58, 2.44, 5.2, 8.45, 2.58, 2.29], [4.2, 1.81, 5.9, 9.47, 8.69, 2.45, 6.94]]",5.0,7.24,116,"[0.15, 0.38, 0.14, 0.33]","[[0, 0, 0, 0, 0, 0, 0, 0], [0, 1, 2, 3, 4, 5, 6, 7], [0, 0, 0, 0, 0, 0, 0, 0], [0, 0, 0, 0, 0, 0, 0, 0]]",2.994
2310,0.01,1,"[[0.12, 0.17, 0.14, 0.13, 0.11, 0.07, 0.23], [0.21, 0.03, 0.18, 0.17, 0.22, 0.07, 0.12], [0.06, 0.15, 0.14, 0.1, 0.11, 0.15, 0.22], [0.13, 0.03, 0.18, 0.17, 0.07, 0.25, 0.1]]",0.13,0.13,116,"[0.39, 0.18, 0.15, 0.28]","[[0, 0, 0, 0, 0, 0, 0, 0], [0, 0, 0, 0, 0, 0, 0, 0], [0, 0, 0, 0, 0, 0, 0, 0], [0, 0, 0, 0, 0, 0, 0, 0]]",0.072
2311,0.01,2,"[[0.08, 0.23, 0.11, 0.15, 0.14, 0.16, 0.07], [0.19, 0.17, 0.09, 0.16, 0.14, 0.09, 0.03], [0.13, 0.11, 0.24, 0.17, 0.14, 0.06, 0.15], [0.09, 0.17, 0.09, 0.17, 0.19, 0.1, 0.17]]",0.13,0.17,116,"[0.01, 0.02, 0.11, 0.86]","[[0, 0, 0, 0, 0, 0, 0, 0], [0, 0, 0, 0, 0, 0, 0, 0], [0, 0, 0, 0, 0, 0, 0, 0], [0, 0, 0, 0, 0, 0, 0, 0]]",0.072
2312,0.01,3,"[[0.07, 0.16, 0.11, 0.2, 0.2, 0.19, 0.16], [0.15, 0.22, 0.24, 0.17, 0.18, 0.12, 0.12], [0.11, 0.16, 0.11, 0.12, 0.21, 0.06, 0.16], [0.17, 0.22, 0.15, 0.11, 0.24, 0.11, 0.17]]",0.13,0.15,116,"[0.09, 0.03, 0.01, 0.87]","[[0, 0, 0, 0, 0, 0, 0, 0], [0, 0, 0, 0, 0, 0, 0, 0], [0, 0, 0, 0, 0, 0, 0, 0], [0, 0, 0, 0, 0, 0, 0, 0]]",0.072
2313,0.01,4,"[[0.23, 0.06, 0.08, 0.13, 0.11, 0.05, 0.11], [0.17, 0.17, 0.17, 0.13, 0.09, 0.2, 0.07], [0.21, 0.11, 0.17, 0.05, 0.13, 0.11, 0.17], [0.16, 0.02, 0.2, 0.19, 0.23, 0.13, 0.13]]",0.13,0.19,116,"[0.24, 0.22, 0.21, 0.33]","[[0, 0, 0, 0, 0, 0, 0, 0], [0, 0, 0, 0, 0, 0, 0, 0], [0, 0, 0, 0, 0, 0, 0, 0], [0, 0, 0, 0, 0, 0, 0, 0]]",0.072
2314,0.01,5,"[[0.19, 0.11, 0.24, 0.23, 0.21, 0.14, 0.16], [0.12, 0.1, 0.02, 0.19, 0.1, 0.08, 0.14], [0.05, 0.21, 0.07, 0.2, 0.09, 0.02, 0.23], [0.09, 0.04, 0.09, 0.14, 0.18, 0.2, 0.23]]",0.13,0.09,116,"[0.03, 0.01, 0.92, 0.04]","[[0, 0, 0, 0, 0, 0, 0, 0], [0, 0, 0, 0, 0, 0, 0, 0], [0, 0, 0, 0, 0, 0, 0, 0], [0, 0, 0, 0, 0, 0, 0, 0]]",0.072
2315,0.01,6,"[[0.09, 0.06, 0.16, 0.11, 0.12, 0.22, 0.04], [0.11, 0.19, 0.13, 0.18, 0.2, 0.12, 0.12], [0.11, 0.08, 0.15, 0.06, 0.15, 0.13, 0.16], [0.08, 0.15, 0.2, 0.17, 0.24, 0.04, 0.12]]",0.13,0.04,116,"[0.15, 0.32, 0.21, 0.32]","[[0, 0, 0, 0, 0, 0, 0, 0], [0, 0, 0, 0, 0, 0, 0, 0], [0, 0, 0, 0, 0, 0, 0, 0], [0, 0, 0, 0, 0, 0, 0, 0]]",0.072
2316,0.01,7,"[[0.17, 0.04, 0.18, 0.09, 0.04, 0.16, 0.22], [0.22, 0.14, 0.04, 0.11, 0.04, 0.23, 0.13], [0.09, 0.1, 0.01, 0.06, 0.15, 0.17, 0.05], [0.04, 0.06, 0.1, 0.03, 0.1, 0.03, 0.15]]",0.13,0.05,116,"[0.35, 0.15, 0.13, 0.37]","[[0, 0, 0, 0, 0, 0, 0, 0], [0, 0, 0, 0, 0, 0, 0, 0], [0, 0, 0, 0, 0, 0, 0, 0], [0, 0, 0, 0, 0, 0, 0, 0]]",0.072
2317,0.01,1,"[[0.18, 0.08, 0.04, 0.19, 0.05, 0.05, 0.16], [0.09, 0.22, 0.23, 0.17, 0.13, 0.24, 0.18], [0.21, 0.2, 0.1, 0.14, 0.11, 0.11, 0.19], [0.23, 0.14, 0.16, 0.18, 0.12, 0.18, 0.03]]",0.13,0.09,116,"[0.02, 0.92, 0.02, 0.04]","[[0, 0, 0, 0, 0, 0, 0, 0], [0, 0, 0, 0, 0, 0, 0, 0], [0, 0, 0, 0, 0, 0, 0, 0], [0, 0, 0, 0, 0, 0, 0, 0]]",0.072
2318,0.01,3,"[[0.16, 0.14, 0.08, 0.14, 0.11, 0.13, 0.09], [0.19, 0.11, 0.19, 0.08, 0.11, 0.19, 0.13], [0.21, 0.23, 0.11, 0.11, 0.1, 0.18, 0.03], [0.04, 0.14, 0.12, 0.13, 0.05, 0.04, 0.05]]",0.13,0.12,116,"[0.31, 0.22, 0.18, 0.29]","[[0, 0, 0, 0, 0, 0, 0, 0], [0, 0, 0, 0, 0, 0, 0, 0], [0, 0, 0, 0, 0, 0, 0, 0], [0, 0, 0, 0, 0, 0, 0, 0]]",0.072
2319,0.01,4,"[[0.15, 0.06, 0.09, 0.11, 0.16, 0.04, 0.14], [0.13, 0.19, 0.06, 0.21, 0.14, 0.09, 0.14], [0.16, 0.13, 0.11, 0.14, 0.1, 0.12, 0.12], [0.2, 0.09, 0.2, 0.06, 0.12, 0.09, 0.16]]",0.13,0.14,116,"[0.08, 0.04, 0.87, 0.01]","[[0, 0, 0, 0, 0, 0, 0, 0], [0, 0, 0, 0, 0, 0, 0, 0], [0, 0, 0, 0, 0, 0, 0, 0], [0, 0, 0, 0, 0, 0, 0, 0]]",0.072
2320,0.01,3,"[[0.02, 0.18, 0.09, 0.13, 0.07, 0.12, 0.08], [0.15, 0.12, 0.24, 0.14, 0.1, 0.01, 0.14], [0.2, 0.14, 0.24, 0.13, 0.22, 0.23, 0.18], [0.11, 0.21, 0.18, 0.07, 0.12, 0.14, 0.14]]",0.13,0.09,117,"[0.85, 0.02, 0.03, 0.1]","[[0, 0, 0, 1, 0, 0, 0, 0], [0, 0, 0, 0, 0, 0, 0, 0], [0, 0, 0, 0, 2, 0, 0, 0], [0, 0, 0, 0, 0, 0, 0, 0]]",0.072
2321,0.01,5,"[[0.08, 0.08, 0.03, 0.08, 0.06, 0.11, 0.11], [0.21, 0.12, 0.16, 0.16, 0.17, 0.12, 0.08], [0.24, 0.22, 0.1, 0.12, 0.06, 0.2, 0.05], [0.13, 0.19, 0.1, 0.18, 0.14, 0.09, 0.16]]",0.13,0.06,117,"[0.12, 0.34, 0.21, 0.33]","[[0, 0, 0, 0, 0, 0, 0, 0], [0, 0, 0, 0, 0, 0, 0, 0], [0, 0, 0, 0, 0, 0, 0, 0], [0, 0, 0, 0, 0, 0, 0, 0]]",0.072
2322,0.01,6,"[[0.08, 0.23, 0.16, 0.14, 0.22, 0.12, 0.2], [0.17, 0.2, 0.03, 0.17, 0.21, 0.17, 0.07], [0.08, 0.2, 0.14, 0.22, 0.1, 0.13, 0.17], [0.07, 0.12, 0.01, 0.11, 0.05, 0.12, 0.17]]",0.13,0.12,117,"[0.86, 0.03, 0.04, 0.07]","[[0, 0, 0, 0, 0, 0, 2, 0], [0, 0, 0, 0, 0, 0, 0, 0], [0, 0, 0, 0, 0, 0, 0, 0], [0, 0, 0, 1, 0, 0, 0, 0]]",0.072
2323,0.01,3,"[[0.18, 0.08, 0.14, 0.2, 0.12, 0.1, 0.1], [0.1, 0.05, 0.2, 0.13, 0.11, 0.09, 0.04], [0.15, 0.11, 0.22, 0.09, 0.14, 0.12, 0.12], [0.17, 0.01, 0.14, 0.05, 0.14, 0.07, 0.08]]",0.13,0.2,117,"[0.3, 0.22, 0.27, 0.21]","[[0, 0, 0, 2, 0, 0, 0, 0], [0, 0, 0, 0, 0, 0, 0, 0], [0, 0, 1, 0, 0, 0, 0, 0], [0, 0, 0, 0, 0, 0, 0, 0]]",0.072
2324,0.01,4,"[[0.12, 0.04, 0.15, 0.03, 0.12, 0.21, 0.16], [0.15, 0.15, 0.1, 0.11, 0.22, 0.11, 0.06], [0.06, 0.07, 0.19, 0.11, 0.05, 0.07, 0.16], [0.05, 0.12, 0.14, 0.09, 0.12, 0.13, 0.02]]",0.13,0.11,117,"[0.04, 0.05, 0.89, 0.02]","[[0, 0, 0, 0, 0, 0, 0, 0], [0, 0, 0, 0, 0, 0, 0, 0], [0, 0, 0, 0, 0, 0, 0, 0], [0, 0, 0, 0, 0, 0, 0, 0]]",0.072
2325,0.01,2,"[[0.2, 0.21, 0.23, 0.23, 0.18, 0.14, 0.22], [0.2, 0.22, 0.22, 0.25, 0.05, 0.12, 0.09], [0.02, 0.05, 0.07, 0.23, 0.14, 0.19, 0.02], [0.12, 0.1, 0.13, 0.23, 0.18, 0.06, 0.24]]",0.13,0.05,117,"[0.08, 0.03, 0.87, 0.02]","[[0, 0, 1, 0, 0, 0, 0, 0], [0, 0, 0, 0, 0, 0, 0, 0], [0, 0, 0, 2, 0, 0, 0, 0], [0, 0, 0, 0, 0, 0, 0, 0]]",0.072
2326,0.01,5,"[[0.14, 0.15, 0.11, 0.2, 0.03, 0.13, 0.04], [0.03, 0.07, 0.1, 0.21, 0.1, 0.13, 0.08], [0.14, 0.03, 0.06, 0.05, 0.15, 0.08, 0.09], [0.13, 0.08, 0.16, 0.01, 0.21, 0.09, 0.05]]",0.13,0.15,117,"[0.06, 0.03, 0.86, 0.05]","[[0, 0, 0, 0, 0, 0, 1, 0], [0, 0, 0, 0, 0, 0, 0, 0], [0, 0, 0, 2, 0, 0, 0, 0], [0, 0, 0, 0, 0, 0, 0, 3]]",0.072
2327,0.01,6,"[[0.09, 0.06, 0.16, 0.11, 0.12, 0.22, 0.04], [0.11, 0.19, 0.13, 0.18, 0.2, 0.12, 0.12], [0.11, 0.08, 0.15, 0.06, 0.15, 0.13, 0.16], [0.08, 0.15, 0.2, 0.17, 0.24, 0.04, 0.12]]",0.13,0.13,117,"[0.15, 0.32, 0.21, 0.32]","[[0, 0, 0, 0, 0, 0, 0, 0], [0, 0, 0, 0, 0, 0, 0, 0], [0, 0, 1, 0, 0, 0, 2, 0], [0, 0, 0, 0, 0, 0, 0, 0]]",0.072
2328,0.01,1,"[[0.11, 0.17, 0.16, 0.1, 0.16, 0.08, 0.16], [0.14, 0.11, 0.1, 0.17, 0.15, 0.09, 0.15], [0.18, 0.13, 0.06, 0.09, 0.04, 0.12, 0.18], [0.24, 0.17, 0.23, 0.17, 0.08, 0.13, 0.06]]",0.13,0.11,117,"[0.26, 0.27, 0.3, 0.17]","[[0, 0, 0, 0, 0, 0, 0, 0], [0, 0, 0, 0, 0, 0, 2, 0], [0, 1, 0, 0, 0, 0, 0, 0], [0, 0, 0, 0, 0, 0, 0, 0]]",0.072
2329,0.01,2,"[[0.11, 0.22, 0.08, 0.2, 0.14, 0.03, 0.13], [0.17, 0.02, 0.02, 0.09, 0.21, 0.16, 0.15], [0.09, 0.18, 0.16, 0.17, 0.05, 0.09, 0.1], [0.18, 0.05, 0.09, 0.19, 0.24, 0.18, 0.12]]",0.13,0.18,117,"[0.33, 0.18, 0.11, 0.38]","[[0, 0, 2, 0, 0, 0, 0, 0], [0, 0, 0, 0, 0, 0, 1, 0], [0, 0, 0, 0, 0, 0, 0, 0], [0, 0, 0, 0, 0, 0, 0, 0]]",0.072
2330,0.01,6,"[[5.93, 4.61, 6.44, 6.58, 0.77, 6.66, 0.58], [1.24, 4.91, 5.63, 0.45, 3.38, 4.94, 3.12], [7.83, 1.4, 2.04, 7.87, 6.09, 6.31, 5.4], [6.34, 6.33, 4.75, 6.81, 8.3, 6.3, 9.27]]",5.0,6.31,117,"[0.01, 0.1, 0.87, 0.02]","[[0, 0, 0, 0, 0, 0, 0, 0], [0, 0, 0, 0, 0, 0, 2, 0], [0, 0, 1, 0, 0, 0, 0, 0], [0, 0, 0, 0, 0, 0, 0, 0]]",2.994
2331,0.01,6,"[[4.36, 8.7, 5.94, 4.41, 8.37, 5.83, 0.58], [9.58, 2.24, 8.49, 4.24, 4.63, 4.53, 5.29], [6.08, 4.31, 5.59, 3.3, 3.91, 4.21, 4.74], [9.25, 5.33, 1.67, 7.75, 5.64, 2.81, 3.02]]",5.0,2.81,117,"[0.31, 0.27, 0.14, 0.28]","[[0, 0, 0, 0, 0, 0, 3, 0], [0, 0, 0, 0, 0, 0, 0, 0], [0, 1, 0, 0, 0, 0, 0, 0], [0, 0, 0, 2, 0, 0, 0, 0]]",2.994
2332,0.01,3,"[[7.29, 4.26, 4.93, 3.96, 3.34, 8.54, 6.49], [0.79, 3.44, 2.71, 8.71, 2.86, 7.09, 3.94], [9.61, 8.74, 7.3, 3.82, 1.83, 1.17, 5.37], [2.04, 1.98, 8.39, 1.63, 1.8, 1.97, 7.71]]",5.0,7.3,117,"[0.21, 0.28, 0.29, 0.22]","[[0, 0, 0, 0, 0, 0, 0, 0], [0, 0, 0, 0, 0, 0, 0, 0], [0, 0, 0, 0, 0, 2, 0, 0], [0, 0, 0, 1, 0, 0, 0, 0]]",2.994
2333,0.01,4,"[[5.11, 2.17, 0.1, 9.47, 2.73, 6.4, 3.36], [4.31, 7.26, 6.36, 8.48, 2.98, 4.68, 5.77], [8.38, 2.0, 6.14, 7.53, 4.7, 1.99, 1.53], [7.09, 5.94, 3.03, 5.37, 2.51, 3.9, 2.79]]",5.0,8.48,117,"[0.31, 0.35, 0.15, 0.19]","[[0, 0, 0, 0, 2, 0, 0, 0], [0, 1, 0, 0, 0, 0, 0, 0], [0, 0, 0, 0, 0, 0, 0, 0], [0, 0, 0, 0, 0, 0, 0, 0]]",2.994
2334,0.01,2,"[[0.72, 5.25, 9.97, 4.85, 8.58, 2.57, 9.15], [5.48, 9.36, 2.36, 9.25, 3.72, 4.76, 6.74], [7.14, 7.36, 2.91, 4.13, 7.03, 8.48, 0.38], [5.84, 6.37, 7.56, 3.71, 4.02, 2.93, 0.09]]",5.0,9.36,117,"[0.03, 0.85, 0.06, 0.06]","[[0, 0, 0, 0, 0, 0, 0, 0], [0, 0, 1, 0, 0, 0, 0, 0], [0, 0, 0, 0, 0, 0, 0, 0], [0, 0, 0, 0, 0, 0, 2, 0]]",2.994
2335,0.01,2,"[[1.92, 6.77, 0.18, 0.58, 7.09, 4.34, 4.61], [2.63, 2.6, 4.89, 2.52, 8.42, 2.23, 4.37], [6.54, 7.27, 4.71, 3.86, 8.83, 4.81, 5.31], [5.47, 8.91, 3.37, 8.65, 6.85, 1.47, 5.12]]",5.0,8.91,117,"[0.31, 0.2, 0.17, 0.32]","[[0, 0, 0, 0, 0, 0, 0, 0], [0, 0, 0, 0, 0, 0, 2, 0], [0, 0, 0, 0, 0, 0, 0, 0], [0, 0, 1, 0, 0, 0, 0, 0]]",2.994
2336,0.01,4,"[[0.95, 2.78, 3.25, 5.38, 7.09, 3.77, 4.83], [7.13, 8.96, 5.39, 2.27, 8.34, 7.96, 4.55], [9.77, 5.61, 8.97, 8.09, 6.52, 2.37, 9.08], [8.52, 1.84, 1.06, 3.62, 0.7, 3.27, 0.14]]",5.0,5.38,117,"[0.85, 0.07, 0.07, 0.01]","[[0, 0, 0, 0, 1, 0, 0, 0], [0, 0, 0, 0, 0, 0, 0, 0], [0, 0, 0, 0, 0, 2, 0, 0], [0, 0, 0, 0, 0, 0, 0, 0]]",2.994
2337,0.01,4,"[[9.88, 3.37, 6.84, 6.02, 5.72, 2.47, 6.83], [4.66, 3.57, 1.89, 8.02, 4.52, 4.58, 0.56], [5.57, 8.71, 8.98, 7.3, 1.41, 5.09, 6.3], [2.79, 3.58, 9.87, 3.61, 3.51, 7.13, 2.78]]",5.0,3.61,117,"[0.02, 0.05, 0.05, 0.88]","[[0, 0, 0, 0, 0, 0, 0, 0], [0, 0, 0, 0, 0, 0, 0, 0], [0, 0, 0, 0, 0, 0, 0, 0], [0, 0, 0, 0, 1, 0, 0, 0]]",2.994
2338,0.01,6,"[[2.09, 7.52, 9.74, 6.72, 2.88, 5.9, 5.87], [6.25, 4.49, 6.66, 2.68, 2.62, 7.58, 4.86], [0.33, 4.49, 3.44, 6.0, 4.73, 0.87, 2.63], [7.63, 1.46, 3.24, 5.72, 7.53, 7.25, 3.01]]",5.0,5.9,117,"[0.34, 0.23, 0.2, 0.23]","[[0, 1, 0, 0, 0, 0, 0, 0], [0, 0, 0, 0, 0, 0, 0, 0], [0, 0, 0, 0, 0, 0, 0, 0], [0, 0, 0, 0, 0, 0, 2, 0]]",2.994
2339,0.01,5,"[[6.19, 1.85, 1.16, 4.28, 2.66, 3.25, 7.93], [4.16, 3.03, 5.34, 3.93, 5.82, 4.05, 2.14], [6.53, 8.89, 6.73, 7.28, 2.75, 0.6, 4.09], [4.95, 6.55, 6.81, 6.9, 1.07, 2.2, 5.26]]",5.0,2.66,117,"[0.03, 0.86, 0.04, 0.07]","[[0, 0, 0, 0, 0, 0, 0, 0], [0, 0, 0, 0, 0, 1, 0, 0], [0, 0, 0, 0, 0, 0, 0, 0], [0, 0, 0, 0, 2, 0, 0, 0]]",2.994
2340,0.0,5,"[[0.07, 0.16, 0.11, 0.2, 0.2, 0.19, 0.16], [0.15, 0.22, 0.24, 0.17, 0.18, 0.12, 0.12], [0.11, 0.16, 0.11, 0.12, 0.21, 0.06, 0.16], [0.17, 0.22, 0.15, 0.11, 0.24, 0.11, 0.17]]",0.13,0.24,118,"[0.09, 0.03, 0.01, 0.87]","[[0, 1, 7, 16, 15, 22, 25, 28], [0, 2, 6, 13, 14, 21, 24, 26], [0, 3, 8, 12, 11, 20, 23, 27], [0, 4, 5, 9, 10, 17, 19, 18]]",0.072
2341,0.0,7,"[[0.1, 0.1, 0.17, 0.08, 0.04, 0.09, 0.12], [0.18, 0.07, 0.12, 0.15, 0.14, 0.22, 0.18], [0.17, 0.02, 0.06, 0.16, 0.1, 0.2, 0.19], [0.23, 0.18, 0.17, 0.22, 0.21, 0.09, 0.19]]",0.13,0.19,118,"[0.21, 0.32, 0.34, 0.13]","[[0, 2, 8, 16, 12, 28, 24, 25], [0, 1, 6, 14, 11, 18, 20, 23], [0, 3, 7, 13, 10, 17, 19, 21], [0, 4, 5, 15, 9, 27, 22, 26]]",0.072
2342,0.0,6,"[[0.06, 0.11, 0.17, 0.23, 0.15, 0.14, 0.21], [0.16, 0.17, 0.08, 0.04, 0.07, 0.21, 0.12], [0.2, 0.19, 0.13, 0.12, 0.17, 0.2, 0.16], [0.1, 0.1, 0.12, 0.16, 0.01, 0.17, 0.09]]",0.13,0.2,118,"[0.23, 0.25, 0.3, 0.22]","[[0, 1, 7, 20, 21, 24, 25, 28], [0, 2, 8, 9, 22, 23, 26, 27], [0, 3, 6, 10, 11, 12, 13, 14], [0, 4, 5, 19, 18, 17, 16, 15]]",0.072
2343,0.0,3,"[[0.06, 0.1, 0.22, 0.17, 0.09, 0.03, 0.08], [0.24, 0.07, 0.1, 0.11, 0.11, 0.15, 0.16], [0.04, 0.05, 0.2, 0.13, 0.03, 0.1, 0.19], [0.2, 0.09, 0.17, 0.15, 0.2, 0.1, 0.15]]",0.13,0.1,118,"[0.01, 0.1, 0.04, 0.85]","[[0, 16, 19, 21, 25, 26, 11, 13], [0, 15, 18, 20, 24, 27, 10, 12], [0, 14, 17, 22, 23, 28, 9, 8], [0, 1, 2, 3, 4, 5, 6, 7]]",0.072
2344,0.0,1,"[[0.15, 0.06, 0.09, 0.11, 0.16, 0.04, 0.14], [0.13, 0.19, 0.06, 0.21, 0.14, 0.09, 0.14], [0.16, 0.13, 0.11, 0.14, 0.1, 0.12, 0.12], [0.2, 0.09, 0.2, 0.06, 0.12, 0.09, 0.16]]",0.13,0.16,118,"[0.08, 0.04, 0.87, 0.01]","[[0, 16, 23, 18, 24, 20, 27, 22], [0, 15, 17, 25, 19, 26, 21, 28], [0, 1, 2, 3, 4, 5, 6, 7], [0, 14, 13, 12, 11, 10, 9, 8]]",0.072
2345,0.0,5,"[[0.05, 0.17, 0.08, 0.07, 0.16, 0.13, 0.05], [0.1, 0.16, 0.24, 0.2, 0.19, 0.19, 0.23], [0.18, 0.13, 0.06, 0.19, 0.17, 0.21, 0.13], [0.16, 0.18, 0.2, 0.12, 0.19, 0.08, 0.19]]",0.13,0.16,118,"[0.85, 0.1, 0.02, 0.03]","[[0, 1, 2, 3, 4, 5, 6, 7], [0, 15, 9, 19, 20, 8, 25, 26], [0, 14, 10, 18, 21, 11, 24, 28], [0, 16, 13, 17, 22, 12, 23, 27]]",0.072
2346,0.0,3,"[[0.09, 0.06, 0.16, 0.11, 0.12, 0.22, 0.04], [0.11, 0.19, 0.13, 0.18, 0.2, 0.12, 0.12], [0.11, 0.08, 0.15, 0.06, 0.15, 0.13, 0.16], [0.08, 0.15, 0.2, 0.17, 0.24, 0.04, 0.12]]",0.13,0.2,118,"[0.15, 0.32, 0.21, 0.32]","[[0, 22, 18, 19, 23, 15, 26, 27], [0, 2, 3, 6, 8, 9, 10, 11], [0, 21, 17, 20, 24, 16, 25, 28], [0, 1, 4, 5, 7, 12, 13, 14]]",0.072
2347,0.0,2,"[[0.08, 0.23, 0.16, 0.14, 0.22, 0.12, 0.2], [0.17, 0.2, 0.03, 0.17, 0.21, 0.17, 0.07], [0.08, 0.2, 0.14, 0.22, 0.1, 0.13, 0.17], [0.07, 0.12, 0.01, 0.11, 0.05, 0.12, 0.17]]",0.13,0.23,118,"[0.86, 0.03, 0.04, 0.07]","[[0, 2, 1, 3, 4, 5, 6, 7], [0, 22, 16, 23, 28, 8, 17, 13], [0, 21, 15, 27, 24, 9, 18, 12], [0, 20, 14, 26, 25, 10, 19, 11]]",0.072
2348,0.0,7,"[[0.11, 0.06, 0.11, 0.08, 0.17, 0.11, 0.11], [0.14, 0.12, 0.06, 0.14, 0.09, 0.14, 0.12], [0.04, 0.15, 0.09, 0.13, 0.15, 0.18, 0.21], [0.1, 0.08, 0.17, 0.08, 0.19, 0.13, 0.19]]",0.13,0.19,118,"[0.26, 0.2, 0.27, 0.27]","[[0, 4, 5, 6, 7, 8, 9, 10], [0, 3, 28, 25, 22, 11, 16, 18], [0, 2, 27, 24, 21, 12, 15, 19], [0, 1, 26, 23, 20, 13, 14, 17]]",0.072
2349,0.0,1,"[[0.14, 0.07, 0.05, 0.18, 0.03, 0.01, 0.18], [0.19, 0.23, 0.07, 0.1, 0.08, 0.19, 0.2], [0.17, 0.24, 0.03, 0.21, 0.19, 0.07, 0.21], [0.14, 0.09, 0.21, 0.08, 0.19, 0.05, 0.09]]",0.13,0.14,118,"[0.15, 0.26, 0.26, 0.33]","[[0, 21, 23, 26, 28, 14, 16, 20], [0, 22, 24, 25, 27, 13, 15, 17], [0, 2, 4, 6, 8, 10, 12, 18], [0, 1, 3, 5, 7, 9, 11, 19]]",0.072
2350,0.0,1,"[[7.78, 7.83, 6.34, 3.49, 9.25, 4.1, 8.16], [4.02, 5.78, 4.37, 3.5, 3.65, 5.34, 1.1], [4.29, 1.52, 3.77, 7.63, 3.05, 0.82, 4.95], [8.46, 6.15, 6.73, 3.18, 8.15, 6.29, 5.32]]",5.0,4.29,118,"[0.2, 0.29, 0.22, 0.29]","[[0, 1, 7, 8, 20, 16, 28, 27], [0, 2, 12, 9, 15, 17, 25, 26], [0, 3, 6, 11, 14, 18, 24, 23], [0, 4, 5, 10, 13, 19, 21, 22]]",2.994
2351,0.0,4,"[[6.2, 4.19, 3.44, 8.27, 6.51, 4.65, 4.01], [2.89, 4.13, 4.82, 8.89, 9.25, 0.96, 6.04], [8.8, 2.84, 4.5, 4.81, 3.19, 0.46, 7.31], [5.12, 1.87, 1.91, 7.0, 2.08, 5.06, 2.86]]",5.0,8.27,118,"[0.15, 0.21, 0.3, 0.34]","[[0, 13, 14, 19, 10, 20, 25, 26], [0, 12, 15, 18, 9, 21, 24, 27], [0, 11, 16, 17, 8, 22, 23, 28], [0, 1, 2, 3, 4, 5, 6, 7]]",2.994
2352,0.0,3,"[[9.88, 3.37, 6.84, 6.02, 5.72, 2.47, 6.83], [4.66, 3.57, 1.89, 8.02, 4.52, 4.58, 0.56], [5.57, 8.71, 8.98, 7.3, 1.41, 5.09, 6.3], [2.79, 3.58, 9.87, 3.61, 3.51, 7.13, 2.78]]",5.0,9.87,118,"[0.02, 0.05, 0.05, 0.88]","[[0, 1, 0, 13, 22, 21, 19, 16], [0, 4, 0, 12, 24, 25, 18, 15], [0, 3, 0, 11, 23, 20, 17, 14], [0, 2, 5, 6, 7, 8, 10, 9]]",2.994
2353,0.0,6,"[[3.4, 2.14, 9.33, 2.59, 4.55, 1.09, 2.85], [2.69, 7.17, 4.91, 8.03, 6.07, 6.49, 2.28], [2.24, 5.15, 4.83, 2.39, 2.78, 7.43, 5.61], [3.01, 5.69, 6.66, 3.22, 3.6, 8.48, 3.28]]",5.0,7.43,118,"[0.07, 0.01, 0.9, 0.02]","[[0, 1, 0, 23, 20, 16, 11, 12], [0, 0, 0, 22, 19, 17, 9, 13], [0, 2, 3, 5, 4, 8, 6, 7], [0, 0, 0, 21, 18, 15, 10, 14]]",2.994
2354,0.0,4,"[[6.26, 0.19, 5.42, 8.23, 3.15, 1.79, 3.82], [4.19, 3.39, 2.75, 9.2, 5.7, 3.44, 3.56], [5.45, 5.72, 8.61, 4.63, 8.16, 8.36, 7.19], [3.14, 2.27, 7.83, 9.11, 0.69, 3.38, 9.35]]",5.0,9.11,118,"[0.1, 0.01, 0.01, 0.88]","[[0, 28, 25, 20, 13, 15, 16, 12], [0, 27, 24, 21, 10, 18, 19, 11], [0, 26, 23, 22, 9, 14, 17, 8], [0, 1, 2, 3, 4, 5, 6, 7]]",2.994
2355,0.0,5,"[[5.92, 9.68, 5.15, 2.59, 5.89, 7.38, 2.85], [1.22, 5.64, 6.3, 3.82, 9.13, 6.51, 3.36], [6.72, 1.0, 8.86, 8.25, 8.82, 6.13, 4.12], [7.5, 7.75, 5.39, 3.9, 7.48, 3.23, 1.98]]",5.0,7.48,118,"[0.3, 0.17, 0.24, 0.29]","[[0, 4, 28, 24, 20, 11, 12, 13], [0, 3, 27, 23, 19, 9, 8, 14], [0, 2, 26, 22, 18, 6, 7, 15], [0, 1, 25, 21, 17, 10, 5, 16]]",2.994
2356,0.0,1,"[[4.36, 8.7, 5.94, 4.41, 8.37, 5.83, 0.58], [9.58, 2.24, 8.49, 4.24, 4.63, 4.53, 5.29], [6.08, 4.31, 5.59, 3.3, 3.91, 4.21, 4.74], [9.25, 5.33, 1.67, 7.75, 5.64, 2.81, 3.02]]",5.0,9.25,118,"[0.31, 0.27, 0.14, 0.28]","[[0, 2, 5, 22, 21, 24, 25, 28], [0, 7, 6, 19, 20, 23, 26, 27], [0, 8, 4, 18, 17, 12, 14, 15], [0, 1, 3, 9, 10, 11, 13, 16]]",2.994
2357,0.0,5,"[[0.95, 2.78, 3.25, 5.38, 7.09, 3.77, 4.83], [7.13, 8.96, 5.39, 2.27, 8.34, 7.96, 4.55], [9.77, 5.61, 8.97, 8.09, 6.52, 2.37, 9.08], [8.52, 1.84, 1.06, 3.62, 0.7, 3.27, 0.14]]",5.0,7.09,118,"[0.85, 0.07, 0.07, 0.01]","[[0, 1, 2, 3, 4, 5, 6, 7], [0, 22, 17, 16, 13, 8, 27, 28], [0, 21, 18, 15, 12, 9, 26, 25], [0, 20, 19, 14, 11, 10, 23, 24]]",2.994
2358,0.0,2,"[[7.11, 5.78, 4.85, 4.33, 7.33, 7.89, 5.26], [5.95, 7.87, 3.44, 7.0, 6.97, 5.22, 6.26], [3.72, 9.35, 7.04, 6.38, 7.42, 6.47, 5.89], [5.94, 4.84, 1.39, 4.52, 3.41, 2.82, 3.73]]",5.0,5.78,118,"[0.33, 0.2, 0.24, 0.23]","[[0, 2, 10, 11, 16, 18, 24, 25], [0, 4, 8, 7, 15, 17, 23, 26], [0, 3, 9, 6, 14, 19, 22, 27], [0, 1, 5, 12, 13, 20, 21, 28]]",2.994
2359,0.0,1,"[[7.32, 4.38, 4.99, 7.76, 5.0, 5.94, 2.36], [8.4, 3.61, 8.45, 4.23, 7.02, 4.36, 9.23], [1.69, 3.23, 3.54, 3.86, 3.72, 2.06, 0.61], [7.94, 7.02, 6.73, 4.28, 8.5, 0.13, 2.63]]",5.0,7.32,118,"[0.85, 0.03, 0.11, 0.01]","[[0, 1, 2, 3, 4, 5, 6, 7], [0, 11, 16, 17, 8, 22, 23, 28], [0, 13, 15, 18, 9, 21, 24, 27], [0, 12, 14, 19, 10, 20, 25, 26]]",2.994
2360,0.0,3,"[[0.12, 0.04, 0.15, 0.03, 0.12, 0.21, 0.16], [0.15, 0.15, 0.1, 0.11, 0.22, 0.11, 0.06], [0.06, 0.07, 0.19, 0.11, 0.05, 0.07, 0.16], [0.05, 0.12, 0.14, 0.09, 0.12, 0.13, 0.02]]",0.13,0.19,119,"[0.04, 0.05, 0.89, 0.02]","[[0, 1, 2, 13, 0, 0, 0, 0], [0, 0, 0, 10, 11, 12, 0, 0], [0, 3, 4, 5, 6, 7, 8, 9], [0, 0, 0, 14, 0, 0, 0, 0]]",0.072
2361,0.0,5,"[[0.07, 0.07, 0.17, 0.05, 0.08, 0.18, 0.15], [0.19, 0.17, 0.06, 0.13, 0.2, 0.13, 0.2], [0.08, 0.18, 0.04, 0.21, 0.15, 0.15, 0.18], [0.06, 0.08, 0.09, 0.02, 0.12, 0.19, 0.09]]",0.13,0.12,119,"[0.31, 0.27, 0.19, 0.23]","[[0, 1, 2, 3, 4, 5, 6, 7], [0, 8, 9, 10, 11, 12, 13, 14], [0, 0, 0, 0, 17, 15, 20, 21], [0, 0, 0, 0, 18, 16, 19, 22]]",0.072
2362,0.0,7,"[[0.1, 0.1, 0.17, 0.08, 0.04, 0.09, 0.12], [0.18, 0.07, 0.12, 0.15, 0.14, 0.22, 0.18], [0.17, 0.02, 0.06, 0.16, 0.1, 0.2, 0.19], [0.23, 0.18, 0.17, 0.22, 0.21, 0.09, 0.19]]",0.13,0.18,119,"[0.21, 0.32, 0.34, 0.13]","[[0, 1, 0, 0, 0, 0, 0, 16], [0, 15, 14, 13, 12, 11, 10, 9], [0, 2, 3, 4, 5, 6, 7, 8], [0, 0, 0, 0, 0, 0, 0, 17]]",0.072
2363,0.0,4,"[[0.19, 0.11, 0.24, 0.23, 0.21, 0.14, 0.16], [0.12, 0.1, 0.02, 0.19, 0.1, 0.08, 0.14], [0.05, 0.21, 0.07, 0.2, 0.09, 0.02, 0.23], [0.09, 0.04, 0.09, 0.14, 0.18, 0.2, 0.23]]",0.13,0.2,119,"[0.03, 0.01, 0.92, 0.04]","[[0, 0, 13, 0, 16, 0, 0, 9], [0, 0, 12, 0, 15, 0, 0, 8], [0, 1, 2, 3, 4, 5, 6, 7], [0, 0, 11, 0, 14, 0, 0, 10]]",0.072
2364,0.0,3,"[[0.14, 0.12, 0.08, 0.02, 0.14, 0.19, 0.09], [0.2, 0.01, 0.13, 0.03, 0.11, 0.06, 0.23], [0.19, 0.12, 0.16, 0.15, 0.16, 0.07, 0.21], [0.09, 0.14, 0.24, 0.12, 0.1, 0.2, 0.16]]",0.13,0.13,119,"[0.36, 0.17, 0.12, 0.35]","[[0, 1, 2, 3, 4, 5, 6, 7], [0, 0, 0, 18, 0, 0, 16, 0], [0, 0, 0, 17, 0, 0, 15, 0], [0, 8, 9, 10, 11, 12, 13, 14]]",0.072
2365,0.0,7,"[[0.16, 0.21, 0.19, 0.12, 0.21, 0.05, 0.2], [0.14, 0.1, 0.04, 0.07, 0.08, 0.16, 0.22], [0.03, 0.17, 0.22, 0.13, 0.04, 0.22, 0.12], [0.16, 0.14, 0.16, 0.16, 0.18, 0.13, 0.14]]",0.13,0.22,119,"[0.06, 0.89, 0.04, 0.01]","[[0, 8, 9, 10, 11, 12, 13, 14], [0, 1, 2, 3, 4, 5, 6, 7], [0, 27, 26, 23, 22, 19, 17, 15], [0, 28, 25, 24, 21, 20, 18, 16]]",0.072
2366,0.0,5,"[[0.05, 0.08, 0.17, 0.15, 0.22, 0.07, 0.07], [0.06, 0.1, 0.12, 0.11, 0.19, 0.16, 0.05], [0.19, 0.16, 0.13, 0.06, 0.18, 0.04, 0.24], [0.15, 0.24, 0.11, 0.13, 0.14, 0.03, 0.01]]",0.13,0.22,119,"[0.86, 0.01, 0.05, 0.08]","[[0, 1, 2, 3, 4, 5, 6, 7], [0, 0, 0, 11, 14, 8, 0, 0], [0, 0, 0, 12, 15, 9, 0, 0], [0, 0, 0, 13, 16, 10, 0, 0]]",0.072
2367,0.0,2,"[[0.08, 0.23, 0.16, 0.14, 0.22, 0.12, 0.2], [0.17, 0.2, 0.03, 0.17, 0.21, 0.17, 0.07], [0.08, 0.2, 0.14, 0.22, 0.1, 0.13, 0.17], [0.07, 0.12, 0.01, 0.11, 0.05, 0.12, 0.17]]",0.13,0.2,119,"[0.86, 0.03, 0.04, 0.07]","[[0, 1, 2, 3, 4, 5, 6, 7], [0, 0, 19, 0, 0, 15, 0, 17], [0, 0, 20, 0, 0, 16, 0, 18], [0, 8, 9, 10, 11, 12, 13, 14]]",0.072
2368,0.0,7,"[[0.11, 0.13, 0.2, 0.15, 0.12, 0.07, 0.12], [0.17, 0.14, 0.08, 0.03, 0.14, 0.12, 0.21], [0.15, 0.05, 0.06, 0.08, 0.07, 0.16, 0.13], [0.11, 0.11, 0.13, 0.18, 0.08, 0.12, 0.15]]",0.13,0.21,119,"[0.11, 0.38, 0.34, 0.17]","[[0, 17, 0, 0, 0, 0, 0, 15], [0, 1, 2, 3, 4, 5, 6, 7], [0, 8, 9, 10, 11, 12, 13, 14], [0, 18, 0, 0, 0, 0, 0, 16]]",0.072
2369,0.0,5,"[[0.01, 0.19, 0.1, 0.03, 0.13, 0.15, 0.13], [0.17, 0.18, 0.07, 0.17, 0.17, 0.12, 0.12], [0.11, 0.17, 0.18, 0.22, 0.08, 0.06, 0.07], [0.12, 0.02, 0.07, 0.16, 0.17, 0.14, 0.04]]",0.13,0.08,119,"[0.3, 0.29, 0.13, 0.28]","[[0, 1, 2, 3, 4, 5, 6, 7], [0, 8, 9, 10, 11, 12, 13, 14], [0, 0, 22, 0, 0, 23, 0, 0], [0, 15, 16, 17, 18, 19, 20, 21]]",0.072
2370,0.0,5,"[[7.04, 7.27, 1.99, 4.87, 6.53, 6.34, 1.47], [5.29, 2.16, 9.06, 4.67, 7.92, 5.41, 7.56], [6.95, 5.35, 1.7, 4.81, 6.84, 1.21, 8.92], [6.63, 5.53, 4.35, 1.42, 5.69, 5.92, 4.12]]",5.0,7.92,119,"[0.07, 0.87, 0.03, 0.03]","[[0, 0, 0, 8, 0, 12, 0, 11], [0, 1, 2, 3, 4, 5, 6, 7], [0, 0, 0, 9, 0, 13, 0, 16], [0, 0, 0, 10, 0, 14, 0, 15]]",2.994
2371,0.0,5,"[[7.11, 5.78, 4.85, 4.33, 7.33, 7.89, 5.26], [5.95, 7.87, 3.44, 7.0, 6.97, 5.22, 6.26], [3.72, 9.35, 7.04, 6.38, 7.42, 6.47, 5.89], [5.94, 4.84, 1.39, 4.52, 3.41, 2.82, 3.73]]",5.0,7.33,119,"[0.33, 0.2, 0.24, 0.23]","[[0, 1, 2, 3, 4, 5, 6, 7], [0, 19, 0, 0, 0, 17, 15, 0], [0, 8, 9, 10, 11, 12, 13, 14], [0, 20, 0, 0, 0, 18, 16, 0]]",2.994
2372,0.0,2,"[[2.54, 7.44, 2.24, 4.32, 2.76, 9.01, 8.48], [1.82, 8.34, 6.23, 3.89, 6.94, 3.11, 6.18], [7.6, 3.71, 5.31, 9.83, 1.09, 3.87, 7.81], [7.76, 7.0, 2.77, 7.48, 3.83, 0.31, 3.13]]",5.0,7.0,119,"[0.04, 0.07, 0.03, 0.86]","[[0, 14, 10, 0, 13, 0, 0, 0], [0, 15, 9, 0, 12, 0, 0, 0], [0, 16, 8, 0, 11, 0, 0, 0], [0, 1, 2, 3, 4, 5, 6, 7]]",2.994
2373,0.0,3,"[[5.28, 9.9, 6.81, 1.61, 2.79, 8.92, 6.09], [3.46, 6.68, 6.44, 3.71, 3.55, 0.25, 8.07], [6.52, 2.17, 8.0, 8.5, 5.35, 1.81, 3.32], [5.89, 1.86, 6.44, 5.29, 3.29, 8.96, 7.12]]",5.0,8.0,119,"[0.23, 0.3, 0.24, 0.23]","[[0, 0, 11, 14, 0, 0, 0, 8], [0, 1, 2, 3, 4, 5, 6, 7], [0, 0, 12, 15, 0, 0, 0, 9], [0, 0, 13, 16, 0, 0, 0, 10]]",2.994
2374,0.0,7,"[[5.16, 3.84, 2.97, 6.89, 7.92, 3.02, 6.81], [6.93, 3.64, 5.33, 8.47, 3.82, 8.88, 7.83], [4.51, 5.38, 9.21, 3.79, 4.77, 9.29, 4.59], [3.55, 8.48, 4.66, 2.28, 3.95, 2.95, 5.67]]",5.0,6.81,119,"[0.86, 0.08, 0.05, 0.01]","[[0, 1, 2, 3, 4, 5, 6, 7], [0, 17, 0, 0, 14, 11, 0, 8], [0, 18, 0, 0, 15, 12, 0, 9], [0, 19, 0, 0, 16, 13, 0, 10]]",2.994
2375,0.0,2,"[[1.63, 4.7, 3.32, 2.64, 8.47, 3.24, 4.54], [8.67, 5.47, 1.74, 1.77, 1.06, 7.43, 3.25], [4.05, 4.33, 1.96, 6.68, 6.28, 9.52, 7.64], [3.95, 5.24, 1.85, 2.91, 0.64, 2.21, 1.85]]",5.0,5.47,119,"[0.05, 0.89, 0.05, 0.01]","[[0, 8, 11, 20, 21, 22, 14, 17], [0, 1, 2, 3, 4, 5, 6, 7], [0, 9, 12, 27, 25, 23, 15, 18], [0, 10, 13, 28, 26, 24, 16, 19]]",2.994
2376,0.0,6,"[[1.89, 1.68, 4.82, 0.64, 6.72, 5.82, 3.47], [2.81, 5.64, 4.93, 5.88, 1.19, 6.58, 2.91], [6.88, 4.96, 4.06, 5.77, 1.03, 4.24, 5.62], [0.22, 1.89, 4.63, 5.2, 4.1, 3.36, 6.44]]",5.0,4.24,119,"[0.25, 0.26, 0.31, 0.18]","[[0, 23, 17, 20, 15, 28, 9, 8], [0, 1, 2, 3, 4, 5, 6, 7], [0, 24, 18, 21, 14, 27, 10, 13], [0, 25, 19, 22, 16, 26, 11, 12]]",2.994
2377,0.0,1,"[[4.36, 8.7, 5.94, 4.41, 8.37, 5.83, 0.58], [9.58, 2.24, 8.49, 4.24, 4.63, 4.53, 5.29], [6.08, 4.31, 5.59, 3.3, 3.91, 4.21, 4.74], [9.25, 5.33, 1.67, 7.75, 5.64, 2.81, 3.02]]",5.0,9.25,119,"[0.31, 0.27, 0.14, 0.28]","[[0, 1, 2, 3, 4, 5, 6, 7], [0, 26, 11, 14, 23, 8, 17, 20], [0, 27, 12, 15, 24, 9, 18, 21], [0, 28, 13, 16, 25, 10, 19, 22]]",2.994
2378,0.0,5,"[[1.92, 6.77, 0.18, 0.58, 7.09, 4.34, 4.61], [2.63, 2.6, 4.89, 2.52, 8.42, 2.23, 4.37], [6.54, 7.27, 4.71, 3.86, 8.83, 4.81, 5.31], [5.47, 8.91, 3.37, 8.65, 6.85, 1.47, 5.12]]",5.0,7.09,119,"[0.31, 0.2, 0.17, 0.32]","[[0, 1, 2, 3, 4, 5, 6, 7], [0, 0, 15, 0, 18, 19, 0, 21], [0, 0, 16, 0, 17, 20, 0, 22], [0, 14, 13, 12, 11, 10, 9, 8]]",2.994
2379,0.0,2,"[[2.44, 7.36, 6.46, 5.15, 7.43, 1.32, 0.71], [3.96, 8.36, 4.6, 6.91, 2.69, 5.0, 1.64], [8.24, 5.23, 2.67, 1.92, 6.03, 2.88, 7.54], [1.43, 5.93, 6.77, 1.1, 3.47, 5.78, 6.1]]",5.0,5.93,119,"[0.02, 0.06, 0.89, 0.03]","[[0, 9, 19, 20, 25, 15, 26, 13], [0, 8, 18, 21, 24, 14, 27, 12], [0, 1, 2, 3, 4, 5, 6, 7], [0, 10, 17, 22, 23, 16, 28, 11]]",2.994
2380,0.01,3,"[[2.67, 1.86, 1.79, 5.75, 3.59, 3.3, 1.49], [1.18, 8.77, 6.89, 4.16, 3.25, 3.0, 9.34], [1.75, 2.03, 4.01, 8.67, 5.48, 1.04, 6.3], [4.37, 0.5, 5.19, 4.46, 0.43, 0.13, 6.06]]",5.0,5.19,120,"[0.24, 0.23, 0.24, 0.29]","[[0, 1, 0, 2, 0, 0, 0, 0], [0, 10, 3, 9, 4, 0, 5, 11], [0, 0, 0, 0, 0, 12, 0, 0], [0, 7, 13, 0, 6, 0, 8, 0]]",2.994
2381,0.01,6,"[[5.93, 4.61, 6.44, 6.58, 0.77, 6.66, 0.58], [1.24, 4.91, 5.63, 0.45, 3.38, 4.94, 3.12], [7.83, 1.4, 2.04, 7.87, 6.09, 6.31, 5.4], [6.34, 6.33, 4.75, 6.81, 8.3, 6.3, 9.27]]",5.0,6.31,120,"[0.01, 0.1, 0.87, 0.02]","[[0, 0, 1, 0, 0, 0, 8, 0], [0, 0, 0, 3, 5, 6, 0, 9], [0, 0, 2, 0, 0, 0, 0, 0], [0, 0, 0, 4, 0, 0, 7, 10]]",2.994
2382,0.01,2,"[[7.78, 7.83, 6.34, 3.49, 9.25, 4.1, 8.16], [4.02, 5.78, 4.37, 3.5, 3.65, 5.34, 1.1], [4.29, 1.52, 3.77, 7.63, 3.05, 0.82, 4.95], [8.46, 6.15, 6.73, 3.18, 8.15, 6.29, 5.32]]",5.0,6.15,120,"[0.2, 0.29, 0.22, 0.29]","[[0, 0, 0, 0, 0, 0, 0, 0], [0, 0, 1, 0, 0, 0, 0, 0], [0, 0, 0, 0, 0, 0, 0, 0], [0, 0, 2, 0, 0, 0, 0, 0]]",2.994
2383,0.01,4,"[[6.26, 0.19, 5.42, 8.23, 3.15, 1.79, 3.82], [4.19, 3.39, 2.75, 9.2, 5.7, 3.44, 3.56], [5.45, 5.72, 8.61, 4.63, 8.16, 8.36, 7.19], [3.14, 2.27, 7.83, 9.11, 0.69, 3.38, 9.35]]",5.0,9.11,120,"[0.1, 0.01, 0.01, 0.88]","[[0, 0, 0, 2, 0, 0, 0, 0], [0, 1, 0, 0, 4, 0, 0, 0], [0, 0, 0, 0, 0, 0, 0, 0], [0, 0, 0, 3, 5, 0, 0, 0]]",2.994
2384,0.01,7,"[[5.97, 8.23, 1.24, 7.62, 4.62, 4.29, 5.98], [8.29, 4.65, 5.55, 1.01, 2.98, 8.74, 8.92], [1.93, 2.81, 4.79, 6.01, 7.29, 6.55, 4.48], [9.09, 1.98, 6.38, 4.5, 3.08, 5.26, 4.47]]",5.0,5.98,120,"[0.86, 0.01, 0.12, 0.01]","[[0, 0, 0, 0, 0, 3, 7, 5], [0, 0, 1, 0, 0, 0, 0, 0], [0, 6, 0, 2, 0, 0, 4, 0], [0, 0, 0, 0, 0, 0, 0, 0]]",2.994
2385,0.01,2,"[[0.72, 5.25, 9.97, 4.85, 8.58, 2.57, 9.15], [5.48, 9.36, 2.36, 9.25, 3.72, 4.76, 6.74], [7.14, 7.36, 2.91, 4.13, 7.03, 8.48, 0.38], [5.84, 6.37, 7.56, 3.71, 4.02, 2.93, 0.09]]",5.0,9.36,120,"[0.03, 0.85, 0.06, 0.06]","[[0, 0, 8, 0, 0, 0, 0, 0], [0, 1, 0, 2, 0, 3, 0, 4], [0, 0, 7, 0, 9, 0, 0, 0], [0, 6, 0, 0, 0, 0, 0, 5]]",2.994
2386,0.01,5,"[[8.51, 2.86, 5.22, 3.29, 7.8, 7.12, 2.91], [7.85, 5.63, 4.76, 5.73, 4.36, 4.99, 0.21], [1.1, 2.64, 4.86, 7.57, 7.15, 0.31, 2.34], [6.38, 5.91, 3.08, 6.0, 7.58, 3.85, 6.26]]",5.0,7.58,120,"[0.19, 0.32, 0.23, 0.26]","[[0, 0, 0, 0, 0, 6, 0, 0], [0, 0, 2, 0, 4, 0, 7, 0], [0, 1, 0, 0, 0, 0, 0, 8], [0, 0, 0, 3, 0, 5, 0, 0]]",2.994
2387,0.01,1,"[[6.19, 1.85, 1.16, 4.28, 2.66, 3.25, 7.93], [4.16, 3.03, 5.34, 3.93, 5.82, 4.05, 2.14], [6.53, 8.89, 6.73, 7.28, 2.75, 0.6, 4.09], [4.95, 6.55, 6.81, 6.9, 1.07, 2.2, 5.26]]",5.0,4.16,120,"[0.03, 0.86, 0.04, 0.07]","[[0, 1, 0, 9, 5, 0, 0, 0], [0, 0, 3, 0, 0, 0, 7, 0], [0, 0, 0, 4, 0, 6, 0, 8], [0, 2, 0, 0, 0, 0, 0, 0]]",2.994
2388,0.01,4,"[[5.63, 2.91, 6.84, 6.5, 2.65, 5.91, 4.09], [5.16, 0.83, 2.41, 5.99, 6.15, 3.67, 6.12], [5.67, 9.08, 3.93, 7.57, 5.62, 2.51, 2.61], [4.59, 1.2, 4.42, 1.16, 8.17, 8.27, 1.11]]",5.0,7.57,120,"[0.14, 0.34, 0.35, 0.17]","[[0, 0, 3, 0, 6, 8, 0, 0], [0, 1, 0, 4, 0, 0, 9, 0], [0, 0, 2, 0, 5, 0, 0, 0], [0, 0, 0, 0, 0, 7, 0, 10]]",2.994
2389,0.01,4,"[[6.2, 4.19, 3.44, 8.27, 6.51, 4.65, 4.01], [2.89, 4.13, 4.82, 8.89, 9.25, 0.96, 6.04], [8.8, 2.84, 4.5, 4.81, 3.19, 0.46, 7.31], [5.12, 1.87, 1.91, 7.0, 2.08, 5.06, 2.86]]",5.0,4.81,120,"[0.15, 0.21, 0.3, 0.34]","[[0, 1, 0, 0, 0, 0, 0, 0], [0, 0, 3, 0, 5, 0, 8, 9], [0, 0, 0, 4, 0, 7, 0, 0], [0, 2, 0, 0, 6, 0, 0, 0]]",2.994
2390,0.01,2,"[[0.11, 0.18, 0.17, 0.05, 0.02, 0.11, 0.14], [0.16, 0.12, 0.11, 0.08, 0.11, 0.16, 0.08], [0.12, 0.16, 0.05, 0.23, 0.13, 0.08, 0.03], [0.17, 0.24, 0.1, 0.22, 0.06, 0.14, 0.05]]",0.13,0.16,120,"[0.01, 0.08, 0.86, 0.05]","[[0, 0, 0, 0, 4, 0, 0, 0], [0, 1, 0, 0, 0, 5, 0, 7], [0, 0, 2, 0, 0, 0, 6, 0], [0, 0, 0, 3, 0, 8, 0, 0]]",0.072
2391,0.01,5,"[[0.01, 0.19, 0.1, 0.03, 0.13, 0.15, 0.13], [0.17, 0.18, 0.07, 0.17, 0.17, 0.12, 0.12], [0.11, 0.17, 0.18, 0.22, 0.08, 0.06, 0.07], [0.12, 0.02, 0.07, 0.16, 0.17, 0.14, 0.04]]",0.13,0.13,120,"[0.3, 0.29, 0.13, 0.28]","[[0, 0, 0, 0, 0, 0, 0, 0], [0, 0, 0, 0, 0, 0, 0, 0], [0, 0, 0, 0, 0, 0, 0, 0], [0, 0, 0, 0, 0, 0, 0, 0]]",0.072
2392,0.01,1,"[[0.11, 0.06, 0.11, 0.08, 0.17, 0.11, 0.11], [0.14, 0.12, 0.06, 0.14, 0.09, 0.14, 0.12], [0.04, 0.15, 0.09, 0.13, 0.15, 0.18, 0.21], [0.1, 0.08, 0.17, 0.08, 0.19, 0.13, 0.19]]",0.13,0.1,120,"[0.26, 0.2, 0.27, 0.27]","[[0, 0, 0, 0, 0, 0, 0, 0], [0, 0, 0, 0, 0, 0, 0, 0], [0, 0, 0, 0, 0, 0, 0, 0], [0, 0, 0, 0, 0, 0, 0, 0]]",0.072
2393,0.01,5,"[[0.08, 0.23, 0.11, 0.15, 0.14, 0.16, 0.07], [0.19, 0.17, 0.09, 0.16, 0.14, 0.09, 0.03], [0.13, 0.11, 0.24, 0.17, 0.14, 0.06, 0.15], [0.09, 0.17, 0.09, 0.17, 0.19, 0.1, 0.17]]",0.13,0.19,120,"[0.01, 0.02, 0.11, 0.86]","[[0, 0, 0, 0, 0, 2, 0, 0], [0, 0, 0, 1, 0, 0, 0, 0], [0, 0, 0, 0, 0, 0, 0, 0], [0, 0, 0, 0, 0, 0, 0, 0]]",0.072
2394,0.01,1,"[[0.2, 0.21, 0.23, 0.23, 0.18, 0.14, 0.22], [0.2, 0.22, 0.22, 0.25, 0.05, 0.12, 0.09], [0.02, 0.05, 0.07, 0.23, 0.14, 0.19, 0.02], [0.12, 0.1, 0.13, 0.23, 0.18, 0.06, 0.24]]",0.13,0.02,120,"[0.08, 0.03, 0.87, 0.02]","[[0, 0, 0, 0, 0, 0, 0, 0], [0, 1, 0, 0, 0, 0, 0, 0], [0, 0, 0, 0, 0, 0, 0, 0], [0, 0, 0, 0, 0, 0, 0, 0]]",0.072
2395,0.01,1,"[[0.14, 0.07, 0.05, 0.18, 0.03, 0.01, 0.18], [0.19, 0.23, 0.07, 0.1, 0.08, 0.19, 0.2], [0.17, 0.24, 0.03, 0.21, 0.19, 0.07, 0.21], [0.14, 0.09, 0.21, 0.08, 0.19, 0.05, 0.09]]",0.13,0.14,120,"[0.15, 0.26, 0.26, 0.33]","[[0, 0, 0, 0, 0, 0, 0, 0], [0, 0, 0, 0, 0, 0, 0, 0], [0, 1, 0, 0, 0, 0, 0, 0], [0, 0, 0, 0, 0, 0, 0, 0]]",0.072
2396,0.01,6,"[[0.12, 0.13, 0.12, 0.14, 0.05, 0.1, 0.25], [0.16, 0.2, 0.2, 0.14, 0.09, 0.17, 0.09], [0.11, 0.12, 0.11, 0.11, 0.08, 0.05, 0.17], [0.19, 0.2, 0.07, 0.21, 0.07, 0.13, 0.2]]",0.13,0.1,120,"[0.17, 0.35, 0.31, 0.17]","[[0, 0, 0, 0, 0, 0, 0, 0], [0, 0, 0, 0, 0, 0, 1, 0], [0, 0, 0, 0, 0, 0, 0, 0], [0, 0, 0, 0, 0, 0, 2, 0]]",0.072
2397,0.01,3,"[[0.15, 0.06, 0.09, 0.11, 0.16, 0.04, 0.14], [0.13, 0.19, 0.06, 0.21, 0.14, 0.09, 0.14], [0.16, 0.13, 0.11, 0.14, 0.1, 0.12, 0.12], [0.2, 0.09, 0.2, 0.06, 0.12, 0.09, 0.16]]",0.13,0.11,120,"[0.08, 0.04, 0.87, 0.01]","[[0, 0, 0, 0, 0, 0, 0, 0], [0, 0, 0, 0, 0, 0, 0, 1], [0, 0, 0, 0, 0, 0, 0, 0], [0, 0, 0, 0, 0, 0, 0, 0]]",0.072
2398,0.01,5,"[[0.05, 0.17, 0.08, 0.07, 0.16, 0.13, 0.05], [0.1, 0.16, 0.24, 0.2, 0.19, 0.19, 0.23], [0.18, 0.13, 0.06, 0.19, 0.17, 0.21, 0.13], [0.16, 0.18, 0.2, 0.12, 0.19, 0.08, 0.19]]",0.13,0.16,120,"[0.85, 0.1, 0.02, 0.03]","[[0, 0, 0, 0, 0, 0, 0, 0], [0, 0, 0, 0, 0, 1, 0, 0], [0, 0, 0, 0, 0, 0, 0, 0], [0, 0, 0, 0, 0, 0, 0, 0]]",0.072
2399,0.01,4,"[[0.19, 0.12, 0.08, 0.18, 0.08, 0.2, 0.22], [0.05, 0.04, 0.19, 0.18, 0.18, 0.05, 0.1], [0.21, 0.13, 0.15, 0.13, 0.16, 0.15, 0.08], [0.19, 0.06, 0.09, 0.07, 0.04, 0.2, 0.08]]",0.13,0.13,120,"[0.16, 0.28, 0.23, 0.33]","[[0, 0, 0, 0, 0, 0, 0, 0], [0, 0, 0, 0, 1, 0, 0, 0], [0, 0, 0, 0, 0, 0, 0, 0], [0, 0, 0, 0, 0, 0, 0, 0]]",0.072
2400,0.01,7,"[[6.18, 4.93, 6.72, 3.3, 6.34, 6.06, 5.41], [7.2, 2.38, 3.93, 9.67, 4.79, 7.96, 3.99], [0.82, 2.25, 1.43, 2.43, 5.42, 7.07, 9.93], [9.97, 3.97, 5.79, 8.9, 4.27, 7.39, 5.81]]",5.0,9.93,121,"[0.28, 0.28, 0.19, 0.25]","[[0, 1, 2, 3, 4, 5, 6, 7], [0, 8, 12, 15, 25, 26, 27, 28], [0, 9, 11, 14, 24, 23, 22, 21], [0, 10, 13, 16, 17, 18, 19, 20]]",2.994
2401,0.01,5,"[[2.88, 2.6, 7.89, 4.77, 7.12, 4.23, 2.87], [3.29, 2.97, 3.82, 9.51, 9.45, 8.27, 5.42], [3.22, 3.81, 4.18, 2.52, 3.48, 3.16, 9.41], [1.89, 5.73, 6.1, 1.69, 4.58, 1.23, 3.5]]",5.0,4.58,121,"[0.2, 0.16, 0.26, 0.38]","[[0, 1, 2, 7, 8, 15, 16, 23], [0, 26, 3, 6, 9, 14, 17, 22], [0, 25, 4, 5, 10, 13, 18, 21], [0, 24, 27, 28, 11, 12, 19, 20]]",2.994
2402,0.01,3,"[[3.4, 2.14, 9.33, 2.59, 4.55, 1.09, 2.85], [2.69, 7.17, 4.91, 8.03, 6.07, 6.49, 2.28], [2.24, 5.15, 4.83, 2.39, 2.78, 7.43, 5.61], [3.01, 5.69, 6.66, 3.22, 3.6, 8.48, 3.28]]",5.0,6.66,121,"[0.07, 0.01, 0.9, 0.02]","[[0, 1, 2, 3, 4, 5, 6, 7], [0, 14, 13, 12, 11, 10, 9, 8], [0, 15, 16, 17, 18, 19, 21, 20], [0, 28, 27, 26, 25, 24, 23, 22]]",2.994
2403,0.01,4,"[[6.19, 1.85, 1.16, 4.28, 2.66, 3.25, 7.93], [4.16, 3.03, 5.34, 3.93, 5.82, 4.05, 2.14], [6.53, 8.89, 6.73, 7.28, 2.75, 0.6, 4.09], [4.95, 6.55, 6.81, 6.9, 1.07, 2.2, 5.26]]",5.0,3.93,121,"[0.03, 0.86, 0.04, 0.07]","[[0, 2, 3, 6, 7, 11, 10, 13], [0, 1, 4, 5, 8, 9, 12, 14], [0, 23, 24, 25, 26, 27, 28, 15], [0, 22, 21, 20, 19, 18, 17, 16]]",2.994
2404,0.01,5,"[[3.95, 8.96, 8.28, 6.18, 7.02, 4.65, 4.21], [7.39, 4.82, 4.44, 1.73, 7.35, 9.66, 2.04], [6.67, 2.62, 2.43, 7.24, 6.32, 7.33, 5.82], [4.75, 4.96, 2.68, 1.71, 6.22, 1.58, 9.11]]",5.0,7.35,121,"[0.25, 0.24, 0.28, 0.23]","[[0, 1, 18, 28, 27, 26, 25, 24], [0, 2, 16, 19, 20, 21, 22, 23], [0, 3, 17, 15, 14, 13, 12, 11], [0, 4, 5, 7, 6, 8, 9, 10]]",2.994
2405,0.01,4,"[[5.11, 2.17, 0.1, 9.47, 2.73, 6.4, 3.36], [4.31, 7.26, 6.36, 8.48, 2.98, 4.68, 5.77], [8.38, 2.0, 6.14, 7.53, 4.7, 1.99, 1.53], [7.09, 5.94, 3.03, 5.37, 2.51, 3.9, 2.79]]",5.0,5.37,121,"[0.31, 0.35, 0.15, 0.19]","[[0, 1, 4, 2, 3, 20, 21, 28], [0, 6, 5, 13, 14, 19, 22, 27], [0, 7, 9, 12, 15, 18, 23, 26], [0, 8, 10, 11, 16, 17, 24, 25]]",2.994
2406,0.01,3,"[[5.28, 9.9, 6.81, 1.61, 2.79, 8.92, 6.09], [3.46, 6.68, 6.44, 3.71, 3.55, 0.25, 8.07], [6.52, 2.17, 8.0, 8.5, 5.35, 1.81, 3.32], [5.89, 1.86, 6.44, 5.29, 3.29, 8.96, 7.12]]",5.0,8.0,121,"[0.23, 0.3, 0.24, 0.23]","[[0, 1, 2, 3, 4, 5, 6, 7], [0, 13, 8, 14, 19, 20, 25, 26], [0, 12, 9, 15, 18, 21, 24, 27], [0, 11, 10, 16, 17, 22, 23, 28]]",2.994
2407,0.01,2,"[[0.72, 5.25, 9.97, 4.85, 8.58, 2.57, 9.15], [5.48, 9.36, 2.36, 9.25, 3.72, 4.76, 6.74], [7.14, 7.36, 2.91, 4.13, 7.03, 8.48, 0.38], [5.84, 6.37, 7.56, 3.71, 4.02, 2.93, 0.09]]",5.0,9.36,121,"[0.03, 0.85, 0.06, 0.06]","[[0, 1, 8, 9, 10, 11, 12, 13], [0, 2, 7, 18, 17, 16, 15, 14], [0, 3, 6, 19, 22, 23, 26, 27], [0, 4, 5, 20, 21, 24, 25, 28]]",2.994
2408,0.01,7,"[[0.94, 9.58, 9.58, 1.68, 3.99, 3.26, 9.98], [7.2, 6.69, 3.6, 6.35, 1.28, 0.52, 9.84], [4.59, 4.33, 3.41, 2.69, 0.89, 3.28, 2.91], [7.61, 5.48, 8.81, 6.78, 0.6, 7.91, 3.87]]",5.0,9.84,121,"[0.01, 0.89, 0.08, 0.02]","[[0, 1, 18, 19, 22, 23, 26, 27], [0, 2, 17, 20, 21, 24, 25, 28], [0, 3, 16, 15, 14, 13, 12, 11], [0, 4, 5, 6, 7, 8, 10, 9]]",2.994
2409,0.01,2,"[[2.44, 7.36, 6.46, 5.15, 7.43, 1.32, 0.71], [3.96, 8.36, 4.6, 6.91, 2.69, 5.0, 1.64], [8.24, 5.23, 2.67, 1.92, 6.03, 2.88, 7.54], [1.43, 5.93, 6.77, 1.1, 3.47, 5.78, 6.1]]",5.0,5.23,121,"[0.02, 0.06, 0.89, 0.03]","[[0, 1, 11, 12, 13, 14, 15, 16], [0, 2, 10, 9, 19, 18, 17, 28], [0, 3, 5, 8, 22, 24, 23, 25], [0, 4, 7, 6, 20, 21, 27, 26]]",2.994
2410,0.01,1,"[[0.06, 0.22, 0.11, 0.12, 0.13, 0.09, 0.18], [0.2, 0.17, 0.05, 0.09, 0.17, 0.16, 0.24], [0.14, 0.03, 0.23, 0.14, 0.04, 0.13, 0.18], [0.16, 0.1, 0.17, 0.16, 0.14, 0.04, 0.05]]",0.13,0.06,121,"[0.87, 0.02, 0.1, 0.01]","[[0, 0, 0, 0, 0, 0, 0, 0], [0, 0, 0, 0, 0, 0, 0, 0], [0, 0, 0, 0, 0, 0, 0, 0], [0, 0, 0, 0, 0, 0, 0, 0]]",0.072
2411,0.01,7,"[[0.14, 0.07, 0.05, 0.18, 0.03, 0.01, 0.18], [0.19, 0.23, 0.07, 0.1, 0.08, 0.19, 0.2], [0.17, 0.24, 0.03, 0.21, 0.19, 0.07, 0.21], [0.14, 0.09, 0.21, 0.08, 0.19, 0.05, 0.09]]",0.13,0.21,121,"[0.15, 0.26, 0.26, 0.33]","[[0, 0, 0, 0, 0, 0, 0, 0], [0, 0, 0, 0, 0, 0, 0, 0], [0, 0, 0, 0, 0, 0, 0, 0], [0, 0, 0, 0, 0, 0, 0, 0]]",0.072
2412,0.01,7,"[[0.05, 0.08, 0.17, 0.15, 0.22, 0.07, 0.07], [0.06, 0.1, 0.12, 0.11, 0.19, 0.16, 0.05], [0.19, 0.16, 0.13, 0.06, 0.18, 0.04, 0.24], [0.15, 0.24, 0.11, 0.13, 0.14, 0.03, 0.01]]",0.13,0.07,121,"[0.86, 0.01, 0.05, 0.08]","[[0, 0, 0, 0, 0, 0, 0, 0], [0, 0, 0, 0, 0, 0, 0, 0], [0, 0, 0, 0, 0, 0, 0, 0], [0, 0, 0, 0, 0, 0, 0, 0]]",0.072
2413,0.01,7,"[[0.14, 0.16, 0.16, 0.21, 0.14, 0.04, 0.08], [0.06, 0.2, 0.17, 0.04, 0.15, 0.07, 0.15], [0.13, 0.19, 0.14, 0.02, 0.08, 0.23, 0.1], [0.15, 0.03, 0.13, 0.07, 0.13, 0.07, 0.19]]",0.13,0.1,121,"[0.26, 0.28, 0.24, 0.22]","[[0, 0, 0, 0, 0, 0, 0, 0], [0, 0, 0, 0, 0, 0, 0, 0], [0, 0, 0, 0, 0, 0, 0, 0], [0, 0, 0, 0, 0, 0, 0, 0]]",0.072
2414,0.01,4,"[[0.19, 0.11, 0.24, 0.23, 0.21, 0.14, 0.16], [0.12, 0.1, 0.02, 0.19, 0.1, 0.08, 0.14], [0.05, 0.21, 0.07, 0.2, 0.09, 0.02, 0.23], [0.09, 0.04, 0.09, 0.14, 0.18, 0.2, 0.23]]",0.13,0.2,121,"[0.03, 0.01, 0.92, 0.04]","[[0, 0, 0, 0, 0, 0, 0, 0], [0, 0, 0, 0, 0, 0, 0, 0], [0, 0, 0, 0, 0, 0, 0, 0], [0, 0, 0, 0, 0, 0, 0, 0]]",0.072
2415,0.01,5,"[[0.15, 0.08, 0.16, 0.16, 0.12, 0.04, 0.13], [0.17, 0.17, 0.2, 0.1, 0.06, 0.16, 0.12], [0.04, 0.25, 0.2, 0.11, 0.04, 0.11, 0.24], [0.15, 0.14, 0.05, 0.11, 0.22, 0.22, 0.2]]",0.13,0.06,121,"[0.01, 0.89, 0.09, 0.01]","[[0, 0, 0, 0, 0, 0, 0, 0], [0, 0, 0, 0, 0, 0, 0, 0], [0, 0, 0, 0, 0, 0, 0, 0], [0, 0, 0, 0, 0, 0, 0, 0]]",0.072
2416,0.01,3,"[[0.18, 0.08, 0.04, 0.19, 0.05, 0.05, 0.16], [0.09, 0.22, 0.23, 0.17, 0.13, 0.24, 0.18], [0.21, 0.2, 0.1, 0.14, 0.11, 0.11, 0.19], [0.23, 0.14, 0.16, 0.18, 0.12, 0.18, 0.03]]",0.13,0.23,121,"[0.02, 0.92, 0.02, 0.04]","[[0, 0, 0, 0, 0, 0, 1, 0], [0, 0, 0, 0, 0, 0, 0, 0], [0, 0, 0, 0, 0, 0, 0, 0], [0, 0, 0, 0, 0, 0, 0, 0]]",0.072
2417,0.01,7,"[[0.14, 0.12, 0.08, 0.02, 0.14, 0.19, 0.09], [0.2, 0.01, 0.13, 0.03, 0.11, 0.06, 0.23], [0.19, 0.12, 0.16, 0.15, 0.16, 0.07, 0.21], [0.09, 0.14, 0.24, 0.12, 0.1, 0.2, 0.16]]",0.13,0.23,121,"[0.36, 0.17, 0.12, 0.35]","[[0, 0, 0, 0, 0, 0, 0, 0], [0, 0, 0, 0, 0, 0, 0, 0], [0, 0, 0, 0, 0, 0, 0, 0], [0, 0, 0, 0, 0, 0, 0, 0]]",0.072
2418,0.01,7,"[[0.2, 0.14, 0.16, 0.12, 0.21, 0.18, 0.23], [0.06, 0.09, 0.16, 0.16, 0.14, 0.12, 0.15], [0.23, 0.08, 0.17, 0.11, 0.04, 0.14, 0.15], [0.06, 0.12, 0.16, 0.23, 0.08, 0.11, 0.15]]",0.13,0.23,121,"[0.33, 0.18, 0.11, 0.38]","[[0, 0, 0, 0, 0, 0, 0, 0], [0, 0, 0, 0, 0, 0, 0, 0], [0, 0, 0, 0, 0, 0, 0, 0], [0, 0, 0, 0, 0, 0, 0, 0]]",0.072
2419,0.01,7,"[[0.18, 0.08, 0.14, 0.2, 0.12, 0.1, 0.1], [0.1, 0.05, 0.2, 0.13, 0.11, 0.09, 0.04], [0.15, 0.11, 0.22, 0.09, 0.14, 0.12, 0.12], [0.17, 0.01, 0.14, 0.05, 0.14, 0.07, 0.08]]",0.13,0.1,121,"[0.3, 0.22, 0.27, 0.21]","[[0, 0, 0, 0, 0, 0, 0, 0], [0, 0, 0, 0, 0, 0, 0, 0], [0, 0, 0, 0, 0, 0, 0, 0], [0, 0, 0, 0, 0, 0, 0, 0]]",0.072
2420,0.0,5,"[[0.09, 0.06, 0.16, 0.11, 0.12, 0.22, 0.04], [0.11, 0.19, 0.13, 0.18, 0.2, 0.12, 0.12], [0.11, 0.08, 0.15, 0.06, 0.15, 0.13, 0.16], [0.08, 0.15, 0.2, 0.17, 0.24, 0.04, 0.12]]",0.13,0.12,122,"[0.15, 0.32, 0.21, 0.32]","[[0, 0, 0, 0, 15, 17, 0, 0], [0, 1, 2, 3, 4, 5, 6, 7], [0, 0, 0, 0, 16, 18, 0, 0], [0, 8, 9, 10, 11, 12, 13, 14]]",0.072
2421,0.0,6,"[[0.07, 0.07, 0.17, 0.05, 0.08, 0.18, 0.15], [0.19, 0.17, 0.06, 0.13, 0.2, 0.13, 0.2], [0.08, 0.18, 0.04, 0.21, 0.15, 0.15, 0.18], [0.06, 0.08, 0.09, 0.02, 0.12, 0.19, 0.09]]",0.13,0.13,122,"[0.31, 0.27, 0.19, 0.23]","[[0, 1, 2, 3, 4, 5, 6, 7], [0, 0, 0, 11, 0, 0, 8, 14], [0, 0, 0, 12, 0, 0, 9, 15], [0, 0, 0, 13, 0, 0, 10, 16]]",0.072
2422,0.0,1,"[[0.15, 0.06, 0.09, 0.11, 0.16, 0.04, 0.14], [0.13, 0.19, 0.06, 0.21, 0.14, 0.09, 0.14], [0.16, 0.13, 0.11, 0.14, 0.1, 0.12, 0.12], [0.2, 0.09, 0.2, 0.06, 0.12, 0.09, 0.16]]",0.13,0.16,122,"[0.08, 0.04, 0.87, 0.01]","[[0, 10, 0, 0, 15, 0, 0, 0], [0, 9, 12, 0, 14, 0, 0, 0], [0, 1, 2, 3, 4, 5, 6, 7], [0, 8, 11, 0, 13, 0, 0, 0]]",0.072
2423,0.0,4,"[[0.16, 0.11, 0.08, 0.09, 0.11, 0.11, 0.06], [0.14, 0.14, 0.15, 0.18, 0.2, 0.23, 0.09], [0.09, 0.18, 0.2, 0.13, 0.05, 0.16, 0.07], [0.08, 0.02, 0.16, 0.15, 0.1, 0.09, 0.12]]",0.13,0.13,122,"[0.08, 0.02, 0.89, 0.01]","[[0, 0, 0, 10, 14, 0, 0, 0], [0, 0, 0, 9, 13, 0, 0, 0], [0, 1, 2, 3, 4, 5, 6, 7], [0, 0, 11, 8, 12, 0, 0, 0]]",0.072
2424,0.0,3,"[[0.14, 0.16, 0.16, 0.21, 0.14, 0.04, 0.08], [0.06, 0.2, 0.17, 0.04, 0.15, 0.07, 0.15], [0.13, 0.19, 0.14, 0.02, 0.08, 0.23, 0.1], [0.15, 0.03, 0.13, 0.07, 0.13, 0.07, 0.19]]",0.13,0.17,122,"[0.26, 0.28, 0.24, 0.22]","[[0, 0, 10, 11, 0, 14, 0, 17], [0, 1, 2, 3, 4, 5, 6, 7], [0, 0, 8, 12, 0, 15, 0, 18], [0, 0, 9, 13, 0, 16, 0, 0]]",0.072
2425,0.0,7,"[[0.1, 0.1, 0.03, 0.13, 0.2, 0.08, 0.11], [0.08, 0.05, 0.11, 0.15, 0.22, 0.2, 0.17], [0.16, 0.24, 0.08, 0.04, 0.05, 0.19, 0.14], [0.1, 0.18, 0.15, 0.14, 0.18, 0.07, 0.19]]",0.13,0.17,122,"[0.36, 0.26, 0.19, 0.19]","[[0, 1, 2, 3, 4, 5, 6, 7], [0, 0, 17, 0, 11, 8, 0, 14], [0, 0, 18, 0, 12, 9, 0, 15], [0, 0, 0, 0, 13, 10, 0, 16]]",0.072
2426,0.0,4,"[[0.06, 0.1, 0.22, 0.17, 0.09, 0.03, 0.08], [0.24, 0.07, 0.1, 0.11, 0.11, 0.15, 0.16], [0.04, 0.05, 0.2, 0.13, 0.03, 0.1, 0.19], [0.2, 0.09, 0.17, 0.15, 0.2, 0.1, 0.15]]",0.13,0.15,122,"[0.01, 0.1, 0.04, 0.85]","[[0, 0, 0, 13, 17, 0, 0, 10], [0, 0, 0, 12, 16, 0, 0, 9], [0, 14, 0, 11, 15, 0, 0, 8], [0, 1, 2, 3, 4, 5, 6, 7]]",0.072
2427,0.0,2,"[[0.02, 0.1, 0.05, 0.19, 0.09, 0.05, 0.06], [0.03, 0.12, 0.22, 0.08, 0.02, 0.07, 0.12], [0.18, 0.19, 0.1, 0.18, 0.18, 0.13, 0.15], [0.08, 0.17, 0.23, 0.11, 0.13, 0.16, 0.07]]",0.13,0.17,122,"[0.06, 0.06, 0.03, 0.85]","[[0, 0, 13, 16, 22, 19, 10, 0], [0, 0, 12, 15, 21, 18, 9, 0], [0, 0, 11, 14, 20, 17, 8, 0], [0, 1, 2, 3, 4, 5, 6, 7]]",0.072
2428,0.0,3,"[[0.15, 0.08, 0.16, 0.16, 0.12, 0.04, 0.13], [0.17, 0.17, 0.2, 0.1, 0.06, 0.16, 0.12], [0.04, 0.25, 0.2, 0.11, 0.04, 0.11, 0.24], [0.15, 0.14, 0.05, 0.11, 0.22, 0.22, 0.2]]",0.13,0.2,122,"[0.01, 0.89, 0.09, 0.01]","[[0, 0, 15, 12, 0, 0, 8, 9], [0, 1, 2, 3, 4, 5, 6, 7], [0, 0, 16, 13, 0, 0, 0, 10], [0, 0, 17, 14, 0, 0, 0, 11]]",0.072
2429,0.0,7,"[[0.15, 0.2, 0.21, 0.14, 0.15, 0.21, 0.2], [0.1, 0.12, 0.15, 0.05, 0.19, 0.19, 0.19], [0.2, 0.18, 0.22, 0.07, 0.23, 0.17, 0.15], [0.25, 0.17, 0.14, 0.07, 0.06, 0.14, 0.21]]",0.13,0.2,122,"[0.33, 0.32, 0.13, 0.22]","[[0, 0, 0, 18, 0, 0, 10, 11], [0, 1, 2, 3, 4, 5, 6, 7], [0, 0, 0, 16, 0, 14, 8, 12], [0, 0, 0, 17, 0, 15, 9, 13]]",0.072
2430,0.0,3,"[[6.38, 4.4, 2.78, 4.02, 3.28, 4.56, 6.79], [6.89, 5.4, 5.87, 9.63, 0.42, 4.93, 4.29], [2.96, 2.23, 8.29, 4.74, 3.72, 2.39, 0.86], [5.36, 5.18, 6.28, 1.08, 2.81, 5.95, 9.65]]",5.0,8.29,122,"[0.2, 0.38, 0.3, 0.12]","[[0, 20, 23, 19, 16, 0, 10, 11], [0, 1, 2, 3, 4, 5, 6, 7], [0, 21, 24, 17, 14, 0, 8, 12], [0, 22, 25, 18, 15, 0, 9, 13]]",2.994
2431,0.0,3,"[[1.89, 1.68, 4.82, 0.64, 6.72, 5.82, 3.47], [2.81, 5.64, 4.93, 5.88, 1.19, 6.58, 2.91], [6.88, 4.96, 4.06, 5.77, 1.03, 4.24, 5.62], [0.22, 1.89, 4.63, 5.2, 4.1, 3.36, 6.44]]",5.0,4.06,122,"[0.25, 0.26, 0.31, 0.18]","[[0, 0, 0, 17, 18, 0, 8, 0], [0, 1, 2, 3, 4, 5, 6, 7], [0, 11, 13, 15, 19, 0, 9, 0], [0, 12, 14, 16, 0, 0, 10, 0]]",2.994
2432,0.0,4,"[[5.97, 8.23, 1.24, 7.62, 4.62, 4.29, 5.98], [8.29, 4.65, 5.55, 1.01, 2.98, 8.74, 8.92], [1.93, 2.81, 4.79, 6.01, 7.29, 6.55, 4.48], [9.09, 1.98, 6.38, 4.5, 3.08, 5.26, 4.47]]",5.0,7.62,122,"[0.86, 0.01, 0.12, 0.01]","[[0, 1, 2, 3, 4, 5, 6, 7], [0, 8, 11, 14, 15, 18, 0, 0], [0, 9, 12, 0, 16, 19, 0, 0], [0, 10, 13, 0, 17, 0, 0, 0]]",2.994
2433,0.0,5,"[[5.77, 3.99, 6.61, 4.81, 8.16, 4.87, 2.84], [5.38, 5.12, 5.88, 4.67, 7.45, 7.64, 1.41], [2.86, 1.79, 4.9, 7.89, 6.3, 3.05, 5.2], [5.28, 6.58, 1.34, 2.2, 4.69, 6.92, 5.01]]",5.0,6.3,122,"[0.34, 0.23, 0.11, 0.32]","[[0, 1, 2, 3, 4, 5, 6, 7], [0, 11, 14, 17, 20, 25, 8, 0], [0, 12, 15, 18, 21, 24, 9, 0], [0, 13, 16, 19, 22, 23, 10, 0]]",2.994
2434,0.0,5,"[[1.92, 6.77, 0.18, 0.58, 7.09, 4.34, 4.61], [2.63, 2.6, 4.89, 2.52, 8.42, 2.23, 4.37], [6.54, 7.27, 4.71, 3.86, 8.83, 4.81, 5.31], [5.47, 8.91, 3.37, 8.65, 6.85, 1.47, 5.12]]",5.0,7.09,122,"[0.31, 0.2, 0.17, 0.32]","[[0, 0, 0, 0, 13, 14, 0, 10], [0, 0, 0, 0, 12, 15, 0, 9], [0, 17, 0, 0, 11, 16, 0, 8], [0, 1, 2, 3, 4, 5, 6, 7]]",2.994
2435,0.0,7,"[[8.39, 1.9, 3.96, 5.78, 2.24, 5.8, 4.1], [0.94, 5.02, 2.49, 5.54, 6.54, 4.33, 9.65], [7.94, 7.8, 4.1, 9.82, 1.59, 4.84, 8.58], [8.96, 7.49, 1.94, 3.92, 0.76, 2.82, 6.17]]",5.0,9.65,122,"[0.11, 0.85, 0.02, 0.02]","[[0, 0, 0, 0, 0, 16, 11, 10], [0, 1, 2, 3, 4, 5, 6, 7], [0, 0, 0, 0, 17, 15, 12, 8], [0, 0, 0, 0, 18, 14, 13, 9]]",2.994
2436,0.0,2,"[[0.72, 5.25, 9.97, 4.85, 8.58, 2.57, 9.15], [5.48, 9.36, 2.36, 9.25, 3.72, 4.76, 6.74], [7.14, 7.36, 2.91, 4.13, 7.03, 8.48, 0.38], [5.84, 6.37, 7.56, 3.71, 4.02, 2.93, 0.09]]",5.0,9.36,122,"[0.03, 0.85, 0.06, 0.06]","[[0, 14, 10, 0, 18, 0, 0, 11], [0, 1, 2, 3, 4, 5, 6, 7], [0, 15, 8, 0, 16, 0, 0, 12], [0, 0, 9, 0, 17, 0, 0, 13]]",2.994
2437,0.0,5,"[[7.04, 7.27, 1.99, 4.87, 6.53, 6.34, 1.47], [5.29, 2.16, 9.06, 4.67, 7.92, 5.41, 7.56], [6.95, 5.35, 1.7, 4.81, 6.84, 1.21, 8.92], [6.63, 5.53, 4.35, 1.42, 5.69, 5.92, 4.12]]",5.0,7.92,122,"[0.07, 0.87, 0.03, 0.03]","[[0, 15, 0, 13, 0, 10, 0, 11], [0, 1, 2, 3, 4, 5, 6, 7], [0, 16, 0, 14, 0, 8, 0, 12], [0, 17, 0, 0, 0, 9, 0, 0]]",2.994
2438,0.0,7,"[[7.29, 4.26, 4.93, 3.96, 3.34, 8.54, 6.49], [0.79, 3.44, 2.71, 8.71, 2.86, 7.09, 3.94], [9.61, 8.74, 7.3, 3.82, 1.83, 1.17, 5.37], [2.04, 1.98, 8.39, 1.63, 1.8, 1.97, 7.71]]",5.0,7.71,122,"[0.21, 0.28, 0.29, 0.22]","[[0, 0, 0, 0, 12, 0, 0, 11], [0, 1, 2, 3, 4, 5, 6, 7], [0, 0, 15, 0, 13, 0, 8, 9], [0, 0, 16, 0, 14, 0, 0, 10]]",2.994
2439,0.0,4,"[[6.26, 0.19, 5.42, 8.23, 3.15, 1.79, 3.82], [4.19, 3.39, 2.75, 9.2, 5.7, 3.44, 3.56], [5.45, 5.72, 8.61, 4.63, 8.16, 8.36, 7.19], [3.14, 2.27, 7.83, 9.11, 0.69, 3.38, 9.35]]",5.0,9.11,122,"[0.1, 0.01, 0.01, 0.88]","[[0, 0, 0, 10, 13, 0, 0, 16], [0, 0, 0, 9, 12, 0, 0, 15], [0, 0, 0, 8, 11, 0, 0, 14], [0, 1, 2, 3, 4, 5, 6, 7]]",2.994
2440,0.0,3,"[[5.12, 1.51, 5.2, 6.71, 2.69, 8.45, 7.56], [1.26, 6.81, 6.02, 6.85, 3.83, 2.04, 5.15], [0.77, 1.29, 6.67, 1.6, 1.63, 0.54, 0.89], [4.2, 5.58, 3.29, 3.97, 3.54, 6.37, 4.95]]",5.0,3.29,123,"[0.21, 0.27, 0.19, 0.33]","[[0, 1, 0, 0, 5, 0, 7, 10], [0, 0, 2, 14, 0, 6, 8, 0], [0, 0, 0, 3, 4, 13, 9, 0], [0, 12, 0, 0, 0, 0, 0, 11]]",2.994
2441,0.0,7,"[[3.95, 8.96, 8.28, 6.18, 7.02, 4.65, 4.21], [7.39, 4.82, 4.44, 1.73, 7.35, 9.66, 2.04], [6.67, 2.62, 2.43, 7.24, 6.32, 7.33, 5.82], [4.75, 4.96, 2.68, 1.71, 6.22, 1.58, 9.11]]",5.0,2.04,123,"[0.25, 0.24, 0.28, 0.23]","[[0, 1, 15, 0, 5, 0, 12, 0], [0, 0, 3, 0, 6, 8, 9, 10], [0, 0, 0, 4, 7, 0, 0, 0], [0, 2, 16, 13, 0, 17, 11, 14]]",2.994
2442,0.0,5,"[[6.19, 1.85, 1.16, 4.28, 2.66, 3.25, 7.93], [4.16, 3.03, 5.34, 3.93, 5.82, 4.05, 2.14], [6.53, 8.89, 6.73, 7.28, 2.75, 0.6, 4.09], [4.95, 6.55, 6.81, 6.9, 1.07, 2.2, 5.26]]",5.0,5.82,123,"[0.03, 0.86, 0.04, 0.07]","[[0, 0, 18, 0, 15, 16, 17, 0], [0, 1, 2, 3, 4, 5, 6, 7], [0, 8, 9, 10, 11, 12, 13, 14], [0, 0, 0, 0, 0, 0, 0, 0]]",2.994
2443,0.0,1,"[[3.25, 0.97, 8.64, 8.18, 2.13, 6.22, 0.77], [5.88, 7.57, 5.25, 3.43, 6.13, 3.52, 3.61], [5.54, 4.65, 8.68, 9.8, 7.31, 3.42, 4.37], [7.14, 2.83, 7.59, 3.91, 6.6, 1.41, 1.96]]",5.0,7.14,123,"[0.06, 0.03, 0.01, 0.9]","[[0, 15, 8, 9, 10, 11, 12, 13], [0, 14, 21, 0, 17, 0, 18, 0], [0, 20, 0, 16, 0, 0, 0, 19], [0, 1, 3, 2, 4, 5, 6, 7]]",2.994
2444,0.0,6,"[[1.89, 1.68, 4.82, 0.64, 6.72, 5.82, 3.47], [2.81, 5.64, 4.93, 5.88, 1.19, 6.58, 2.91], [6.88, 4.96, 4.06, 5.77, 1.03, 4.24, 5.62], [0.22, 1.89, 4.63, 5.2, 4.1, 3.36, 6.44]]",5.0,4.24,123,"[0.25, 0.26, 0.31, 0.18]","[[0, 8, 9, 10, 11, 12, 13, 14], [0, 0, 22, 0, 23, 0, 24, 0], [0, 1, 2, 3, 4, 5, 6, 7], [0, 15, 16, 17, 18, 19, 20, 21]]",2.994
2445,0.0,4,"[[9.88, 3.37, 6.84, 6.02, 5.72, 2.47, 6.83], [4.66, 3.57, 1.89, 8.02, 4.52, 4.58, 0.56], [5.57, 8.71, 8.98, 7.3, 1.41, 5.09, 6.3], [2.79, 3.58, 9.87, 3.61, 3.51, 7.13, 2.78]]",5.0,3.61,123,"[0.02, 0.05, 0.05, 0.88]","[[0, 8, 0, 10, 0, 12, 0, 14], [0, 0, 9, 15, 11, 0, 13, 0], [0, 16, 0, 17, 18, 19, 20, 21], [0, 1, 2, 3, 4, 5, 6, 7]]",2.994
2446,0.0,6,"[[2.09, 7.52, 9.74, 6.72, 2.88, 5.9, 5.87], [6.25, 4.49, 6.66, 2.68, 2.62, 7.58, 4.86], [0.33, 4.49, 3.44, 6.0, 4.73, 0.87, 2.63], [7.63, 1.46, 3.24, 5.72, 7.53, 7.25, 3.01]]",5.0,7.25,123,"[0.34, 0.23, 0.2, 0.23]","[[0, 1, 2, 3, 4, 5, 6, 7], [0, 22, 11, 0, 9, 0, 14, 0], [0, 21, 12, 17, 8, 23, 15, 18], [0, 20, 13, 0, 10, 0, 16, 19]]",2.994
2447,0.0,1,"[[7.29, 4.26, 4.93, 3.96, 3.34, 8.54, 6.49], [0.79, 3.44, 2.71, 8.71, 2.86, 7.09, 3.94], [9.61, 8.74, 7.3, 3.82, 1.83, 1.17, 5.37], [2.04, 1.98, 8.39, 1.63, 1.8, 1.97, 7.71]]",5.0,9.61,123,"[0.21, 0.28, 0.29, 0.22]","[[0, 14, 23, 10, 20, 11, 26, 17], [0, 15, 24, 9, 21, 12, 27, 18], [0, 16, 25, 8, 22, 13, 28, 19], [0, 1, 2, 3, 4, 5, 6, 7]]",2.994
2448,0.0,2,"[[0.72, 5.25, 9.97, 4.85, 8.58, 2.57, 9.15], [5.48, 9.36, 2.36, 9.25, 3.72, 4.76, 6.74], [7.14, 7.36, 2.91, 4.13, 7.03, 8.48, 0.38], [5.84, 6.37, 7.56, 3.71, 4.02, 2.93, 0.09]]",5.0,9.36,123,"[0.03, 0.85, 0.06, 0.06]","[[0, 0, 8, 20, 11, 0, 14, 17], [0, 1, 2, 3, 4, 5, 6, 7], [0, 0, 9, 21, 12, 0, 15, 18], [0, 0, 10, 22, 13, 0, 16, 19]]",2.994
2449,0.0,5,"[[4.41, 7.98, 5.03, 0.94, 6.07, 7.96, 3.08], [7.18, 6.38, 1.11, 4.77, 7.21, 4.82, 4.9], [5.63, 7.2, 7.79, 1.19, 2.56, 6.05, 3.13], [2.67, 2.05, 5.91, 4.15, 9.55, 4.46, 9.22]]",5.0,9.55,123,"[0.04, 0.02, 0.05, 0.89]","[[0, 17, 20, 13, 23, 10, 27, 14], [0, 18, 21, 12, 24, 9, 26, 15], [0, 19, 22, 11, 25, 8, 28, 16], [0, 1, 2, 3, 4, 5, 6, 7]]",2.994
2450,0.0,4,"[[0.08, 0.08, 0.03, 0.08, 0.06, 0.11, 0.11], [0.21, 0.12, 0.16, 0.16, 0.17, 0.12, 0.08], [0.24, 0.22, 0.1, 0.12, 0.06, 0.2, 0.05], [0.13, 0.19, 0.1, 0.18, 0.14, 0.09, 0.16]]",0.13,0.08,123,"[0.12, 0.34, 0.21, 0.33]","[[0, 0, 0, 0, 0, 0, 0, 0], [0, 8, 9, 10, 11, 12, 13, 14], [0, 0, 0, 0, 0, 0, 0, 0], [0, 1, 2, 3, 4, 5, 6, 7]]",0.072
2451,0.0,5,"[[0.1, 0.22, 0.11, 0.07, 0.15, 0.15, 0.08], [0.22, 0.14, 0.05, 0.13, 0.2, 0.14, 0.2], [0.02, 0.25, 0.2, 0.08, 0.15, 0.02, 0.07], [0.11, 0.1, 0.17, 0.14, 0.2, 0.08, 0.11]]",0.13,0.15,123,"[0.87, 0.08, 0.02, 0.03]","[[0, 1, 2, 3, 4, 5, 6, 7], [0, 10, 11, 14, 17, 20, 23, 26], [0, 9, 12, 15, 18, 21, 24, 27], [0, 8, 13, 16, 19, 22, 25, 28]]",0.072
2452,0.0,2,"[[0.05, 0.17, 0.08, 0.07, 0.16, 0.13, 0.05], [0.1, 0.16, 0.24, 0.2, 0.19, 0.19, 0.23], [0.18, 0.13, 0.06, 0.19, 0.17, 0.21, 0.13], [0.16, 0.18, 0.2, 0.12, 0.19, 0.08, 0.19]]",0.13,0.17,123,"[0.85, 0.1, 0.02, 0.03]","[[0, 1, 2, 3, 4, 5, 6, 7], [0, 26, 11, 14, 23, 8, 17, 20], [0, 27, 12, 15, 24, 9, 18, 21], [0, 28, 13, 16, 25, 10, 19, 22]]",0.072
2453,0.0,1,"[[0.16, 0.14, 0.08, 0.14, 0.11, 0.13, 0.09], [0.19, 0.11, 0.19, 0.08, 0.11, 0.19, 0.13], [0.21, 0.23, 0.11, 0.11, 0.1, 0.18, 0.03], [0.04, 0.14, 0.12, 0.13, 0.05, 0.04, 0.05]]",0.13,0.04,123,"[0.31, 0.22, 0.18, 0.29]","[[0, 1, 2, 3, 4, 5, 6, 7], [0, 8, 11, 14, 17, 20, 23, 26], [0, 9, 12, 15, 18, 21, 24, 27], [0, 10, 13, 16, 19, 22, 25, 28]]",0.072
2454,0.0,3,"[[0.21, 0.18, 0.18, 0.07, 0.17, 0.09, 0.08], [0.07, 0.09, 0.01, 0.16, 0.02, 0.06, 0.25], [0.21, 0.16, 0.24, 0.08, 0.24, 0.16, 0.09], [0.17, 0.08, 0.18, 0.24, 0.11, 0.09, 0.22]]",0.13,0.18,123,"[0.21, 0.27, 0.2, 0.32]","[[0, 17, 14, 13, 10, 20, 25, 0], [0, 18, 15, 12, 9, 21, 24, 0], [0, 19, 16, 11, 8, 22, 23, 0], [0, 1, 2, 3, 4, 5, 6, 7]]",0.072
2455,0.0,4,"[[0.21, 0.14, 0.05, 0.18, 0.12, 0.1, 0.15], [0.03, 0.07, 0.04, 0.14, 0.13, 0.15, 0.2], [0.05, 0.14, 0.08, 0.16, 0.04, 0.13, 0.08], [0.19, 0.12, 0.09, 0.06, 0.18, 0.05, 0.09]]",0.13,0.16,123,"[0.01, 0.02, 0.88, 0.09]","[[0, 17, 9, 23, 11, 20, 14, 0], [0, 18, 8, 25, 12, 21, 15, 0], [0, 1, 2, 3, 4, 5, 6, 7], [0, 19, 10, 24, 13, 22, 16, 0]]",0.072
2456,0.0,4,"[[0.11, 0.22, 0.08, 0.2, 0.14, 0.03, 0.13], [0.17, 0.02, 0.02, 0.09, 0.21, 0.16, 0.15], [0.09, 0.18, 0.16, 0.17, 0.05, 0.09, 0.1], [0.18, 0.05, 0.09, 0.19, 0.24, 0.18, 0.12]]",0.13,0.2,123,"[0.33, 0.18, 0.11, 0.38]","[[0, 10, 26, 23, 13, 19, 14, 20], [0, 9, 27, 24, 12, 18, 15, 21], [0, 8, 28, 25, 11, 17, 16, 22], [0, 1, 2, 4, 3, 5, 6, 7]]",0.072
2457,0.0,4,"[[0.18, 0.08, 0.04, 0.19, 0.05, 0.05, 0.16], [0.09, 0.22, 0.23, 0.17, 0.13, 0.24, 0.18], [0.21, 0.2, 0.1, 0.14, 0.11, 0.11, 0.19], [0.23, 0.14, 0.16, 0.18, 0.12, 0.18, 0.03]]",0.13,0.17,123,"[0.02, 0.92, 0.02, 0.04]","[[0, 10, 11, 14, 17, 20, 23, 26], [0, 1, 2, 3, 4, 5, 6, 7], [0, 9, 12, 15, 18, 21, 24, 27], [0, 8, 13, 16, 19, 22, 25, 28]]",0.072
2458,0.0,1,"[[0.11, 0.13, 0.2, 0.15, 0.12, 0.07, 0.12], [0.17, 0.14, 0.08, 0.03, 0.14, 0.12, 0.21], [0.15, 0.05, 0.06, 0.08, 0.07, 0.16, 0.13], [0.11, 0.11, 0.13, 0.18, 0.08, 0.12, 0.15]]",0.13,0.11,123,"[0.11, 0.38, 0.34, 0.17]","[[0, 8, 11, 14, 17, 20, 25, 26], [0, 1, 2, 3, 4, 5, 6, 7], [0, 9, 12, 15, 18, 21, 24, 27], [0, 10, 13, 16, 19, 22, 23, 28]]",0.072
2459,0.0,7,"[[0.06, 0.22, 0.11, 0.12, 0.13, 0.09, 0.18], [0.2, 0.17, 0.05, 0.09, 0.17, 0.16, 0.24], [0.14, 0.03, 0.23, 0.14, 0.04, 0.13, 0.18], [0.16, 0.1, 0.17, 0.16, 0.14, 0.04, 0.05]]",0.13,0.18,123,"[0.87, 0.02, 0.1, 0.01]","[[0, 1, 2, 3, 4, 5, 6, 7], [0, 26, 8, 11, 15, 17, 20, 23], [0, 27, 9, 12, 14, 18, 21, 24], [0, 28, 10, 13, 16, 19, 22, 25]]",0.072
2460,0.0,7,"[[5.71, 4.0, 7.87, 3.26, 8.95, 9.97, 6.35], [4.81, 5.73, 5.74, 5.66, 5.51, 4.81, 7.59], [6.14, 5.62, 3.6, 6.94, 3.42, 3.6, 6.26], [1.09, 4.7, 1.56, 4.05, 2.65, 4.29, 5.33]]",5.0,5.33,124,"[0.02, 0.08, 0.03, 0.87]","[[0, 1, 8, 9, 16, 17, 24, 25], [0, 2, 7, 10, 15, 18, 23, 26], [0, 3, 6, 11, 14, 19, 22, 27], [0, 4, 5, 12, 13, 20, 21, 28]]",2.994
2461,0.0,7,"[[5.16, 3.84, 2.97, 6.89, 7.92, 3.02, 6.81], [6.93, 3.64, 5.33, 8.47, 3.82, 8.88, 7.83], [4.51, 5.38, 9.21, 3.79, 4.77, 9.29, 4.59], [3.55, 8.48, 4.66, 2.28, 3.95, 2.95, 5.67]]",5.0,6.81,124,"[0.86, 0.08, 0.05, 0.01]","[[0, 1, 7, 12, 13, 20, 24, 28], [0, 2, 6, 11, 14, 19, 21, 25], [0, 3, 5, 10, 15, 18, 22, 26], [0, 4, 8, 9, 16, 17, 23, 27]]",2.994
2462,0.0,5,"[[8.47, 2.82, 7.33, 4.03, 7.07, 2.75, 1.54], [4.68, 3.16, 0.97, 1.44, 5.2, 6.65, 9.25], [8.41, 7.04, 1.31, 3.23, 7.09, 7.67, 1.55], [6.28, 2.99, 4.33, 1.28, 9.25, 6.99, 2.35]]",5.0,9.25,124,"[0.01, 0.01, 0.01, 0.97]","[[0, 1, 6, 12, 13, 19, 21, 28], [0, 2, 7, 11, 14, 20, 22, 27], [0, 3, 5, 10, 15, 18, 23, 26], [0, 4, 8, 9, 16, 17, 24, 25]]",2.994
2463,0.0,4,"[[1.32, 1.79, 4.74, 6.52, 9.55, 1.49, 3.36], [2.67, 2.3, 3.39, 7.85, 3.89, 7.4, 8.55], [4.18, 0.46, 4.32, 2.27, 3.18, 8.62, 2.94], [6.02, 2.09, 4.16, 3.95, 2.34, 3.36, 2.27]]",5.0,3.95,124,"[0.16, 0.11, 0.34, 0.39]","[[0, 1, 7, 12, 13, 20, 21, 27], [0, 2, 6, 11, 14, 19, 28, 26], [0, 3, 5, 10, 15, 18, 22, 25], [0, 4, 8, 9, 16, 17, 23, 24]]",2.994
2464,0.0,5,"[[5.92, 9.68, 5.15, 2.59, 5.89, 7.38, 2.85], [1.22, 5.64, 6.3, 3.82, 9.13, 6.51, 3.36], [6.72, 1.0, 8.86, 8.25, 8.82, 6.13, 4.12], [7.5, 7.75, 5.39, 3.9, 7.48, 3.23, 1.98]]",5.0,9.13,124,"[0.3, 0.17, 0.24, 0.29]","[[0, 4, 5, 12, 13, 19, 24, 25], [0, 1, 6, 11, 14, 18, 23, 26], [0, 2, 7, 10, 15, 17, 22, 27], [0, 3, 8, 9, 16, 20, 21, 28]]",2.994
2465,0.0,4,"[[2.67, 1.86, 1.79, 5.75, 3.59, 3.3, 1.49], [1.18, 8.77, 6.89, 4.16, 3.25, 3.0, 9.34], [1.75, 2.03, 4.01, 8.67, 5.48, 1.04, 6.3], [4.37, 0.5, 5.19, 4.46, 0.43, 0.13, 6.06]]",5.0,4.16,124,"[0.24, 0.23, 0.24, 0.29]","[[0, 1, 8, 9, 15, 19, 24, 25], [0, 2, 7, 10, 14, 18, 23, 26], [0, 3, 6, 11, 13, 20, 21, 27], [0, 4, 5, 12, 16, 17, 22, 28]]",2.994
2466,0.0,5,"[[3.95, 8.96, 8.28, 6.18, 7.02, 4.65, 4.21], [7.39, 4.82, 4.44, 1.73, 7.35, 9.66, 2.04], [6.67, 2.62, 2.43, 7.24, 6.32, 7.33, 5.82], [4.75, 4.96, 2.68, 1.71, 6.22, 1.58, 9.11]]",5.0,6.22,124,"[0.25, 0.24, 0.28, 0.23]","[[0, 1, 8, 12, 13, 20, 21, 27], [0, 3, 5, 9, 14, 19, 22, 26], [0, 2, 7, 10, 15, 18, 23, 25], [0, 4, 6, 11, 16, 17, 24, 28]]",2.994
2467,0.0,6,"[[2.65, 1.66, 4.12, 6.28, 3.9, 4.24, 8.17], [4.84, 2.23, 5.57, 7.45, 3.35, 5.55, 3.39], [6.15, 3.53, 5.47, 2.82, 6.99, 9.09, 0.79], [2.47, 2.31, 1.36, 3.11, 4.52, 5.21, 3.31]]",5.0,5.21,124,"[0.01, 0.06, 0.02, 0.91]","[[0, 1, 8, 9, 15, 19, 21, 28], [0, 2, 7, 10, 14, 20, 22, 27], [0, 3, 6, 11, 16, 17, 23, 26], [0, 4, 5, 12, 13, 18, 24, 25]]",2.994
2468,0.0,6,"[[6.18, 4.93, 6.72, 3.3, 6.34, 6.06, 5.41], [7.2, 2.38, 3.93, 9.67, 4.79, 7.96, 3.99], [0.82, 2.25, 1.43, 2.43, 5.42, 7.07, 9.93], [9.97, 3.97, 5.79, 8.9, 4.27, 7.39, 5.81]]",5.0,7.39,124,"[0.28, 0.28, 0.19, 0.25]","[[0, 1, 8, 9, 15, 20, 21, 28], [0, 2, 7, 10, 14, 19, 22, 26], [0, 3, 6, 11, 13, 18, 23, 25], [0, 4, 5, 12, 16, 17, 24, 27]]",2.994
2469,0.0,7,"[[0.94, 9.58, 9.58, 1.68, 3.99, 3.26, 9.98], [7.2, 6.69, 3.6, 6.35, 1.28, 0.52, 9.84], [4.59, 4.33, 3.41, 2.69, 0.89, 3.28, 2.91], [7.61, 5.48, 8.81, 6.78, 0.6, 7.91, 3.87]]",5.0,2.91,124,"[0.01, 0.89, 0.08, 0.02]","[[0, 1, 8, 9, 15, 17, 24, 25], [0, 2, 7, 10, 16, 18, 23, 26], [0, 3, 6, 11, 14, 19, 22, 27], [0, 4, 5, 12, 13, 20, 21, 28]]",2.994
2470,0.0,4,"[[0.01, 0.19, 0.1, 0.03, 0.13, 0.15, 0.13], [0.17, 0.18, 0.07, 0.17, 0.17, 0.12, 0.12], [0.11, 0.17, 0.18, 0.22, 0.08, 0.06, 0.07], [0.12, 0.02, 0.07, 0.16, 0.17, 0.14, 0.04]]",0.13,0.17,124,"[0.3, 0.29, 0.13, 0.28]","[[0, 1, 8, 9, 14, 18, 23, 28], [0, 2, 7, 10, 16, 17, 22, 27], [0, 4, 5, 11, 13, 19, 21, 26], [0, 3, 6, 12, 15, 20, 24, 25]]",0.072
2471,0.0,7,"[[0.02, 0.18, 0.09, 0.13, 0.07, 0.12, 0.08], [0.15, 0.12, 0.24, 0.14, 0.1, 0.01, 0.14], [0.2, 0.14, 0.24, 0.13, 0.22, 0.23, 0.18], [0.11, 0.21, 0.18, 0.07, 0.12, 0.14, 0.14]]",0.13,0.08,124,"[0.85, 0.02, 0.03, 0.1]","[[0, 1, 2, 3, 4, 5, 6, 7], [0, 8, 9, 14, 10, 11, 12, 13], [0, 22, 23, 24, 25, 26, 27, 28], [0, 15, 16, 18, 17, 19, 20, 21]]",0.072
2472,0.0,3,"[[0.19, 0.09, 0.13, 0.2, 0.03, 0.17, 0.2], [0.08, 0.14, 0.18, 0.15, 0.19, 0.11, 0.07], [0.15, 0.06, 0.07, 0.11, 0.19, 0.02, 0.14], [0.12, 0.04, 0.06, 0.04, 0.06, 0.19, 0.09]]",0.13,0.13,124,"[0.02, 0.85, 0.05, 0.08]","[[0, 0, 0, 0, 0, 0, 0, 0], [0, 1, 2, 3, 5, 4, 6, 7], [0, 0, 0, 0, 0, 0, 0, 0], [0, 8, 9, 10, 11, 12, 13, 14]]",0.072
2473,0.0,3,"[[0.22, 0.12, 0.18, 0.2, 0.04, 0.04, 0.16], [0.19, 0.18, 0.17, 0.17, 0.18, 0.2, 0.15], [0.03, 0.13, 0.18, 0.12, 0.17, 0.16, 0.08], [0.21, 0.09, 0.16, 0.11, 0.25, 0.1, 0.16]]",0.13,0.18,124,"[0.34, 0.12, 0.22, 0.32]","[[0, 1, 7, 12, 13, 20, 21, 26], [0, 2, 6, 11, 14, 19, 24, 25], [0, 3, 5, 10, 15, 18, 22, 28], [0, 4, 8, 9, 16, 17, 23, 27]]",0.072
2474,0.0,1,"[[0.11, 0.22, 0.08, 0.2, 0.14, 0.03, 0.13], [0.17, 0.02, 0.02, 0.09, 0.21, 0.16, 0.15], [0.09, 0.18, 0.16, 0.17, 0.05, 0.09, 0.1], [0.18, 0.05, 0.09, 0.19, 0.24, 0.18, 0.12]]",0.13,0.18,124,"[0.33, 0.18, 0.11, 0.38]","[[0, 1, 7, 9, 15, 20, 21, 27], [0, 2, 8, 10, 14, 19, 22, 26], [0, 3, 6, 11, 13, 18, 23, 28], [0, 4, 5, 12, 16, 17, 24, 25]]",0.072
2475,0.0,7,"[[0.1, 0.1, 0.03, 0.13, 0.2, 0.08, 0.11], [0.08, 0.05, 0.11, 0.15, 0.22, 0.2, 0.17], [0.16, 0.24, 0.08, 0.04, 0.05, 0.19, 0.14], [0.1, 0.18, 0.15, 0.14, 0.18, 0.07, 0.19]]",0.13,0.17,124,"[0.36, 0.26, 0.19, 0.19]","[[0, 1, 6, 12, 15, 19, 22, 28], [0, 2, 7, 9, 13, 18, 21, 27], [0, 3, 5, 11, 14, 17, 23, 26], [0, 4, 8, 10, 16, 20, 24, 25]]",0.072
2476,0.0,7,"[[0.16, 0.21, 0.19, 0.12, 0.21, 0.05, 0.2], [0.14, 0.1, 0.04, 0.07, 0.08, 0.16, 0.22], [0.03, 0.17, 0.22, 0.13, 0.04, 0.22, 0.12], [0.16, 0.14, 0.16, 0.16, 0.18, 0.13, 0.14]]",0.13,0.22,124,"[0.06, 0.89, 0.04, 0.01]","[[0, 0, 0, 0, 0, 10, 9, 8], [0, 1, 2, 3, 4, 5, 6, 7], [0, 0, 0, 0, 0, 0, 0, 0], [0, 0, 0, 0, 0, 0, 0, 0]]",0.072
2477,0.0,4,"[[0.2, 0.21, 0.23, 0.23, 0.18, 0.14, 0.22], [0.2, 0.22, 0.22, 0.25, 0.05, 0.12, 0.09], [0.02, 0.05, 0.07, 0.23, 0.14, 0.19, 0.02], [0.12, 0.1, 0.13, 0.23, 0.18, 0.06, 0.24]]",0.13,0.23,124,"[0.08, 0.03, 0.87, 0.02]","[[0, 0, 0, 0, 9, 0, 8, 0], [0, 0, 0, 0, 0, 0, 0, 0], [0, 1, 2, 3, 4, 5, 6, 7], [0, 0, 0, 0, 0, 0, 0, 0]]",0.072
2478,0.0,2,"[[0.16, 0.14, 0.08, 0.14, 0.11, 0.13, 0.09], [0.19, 0.11, 0.19, 0.08, 0.11, 0.19, 0.13], [0.21, 0.23, 0.11, 0.11, 0.1, 0.18, 0.03], [0.04, 0.14, 0.12, 0.13, 0.05, 0.04, 0.05]]",0.13,0.14,124,"[0.31, 0.22, 0.18, 0.29]","[[0, 1, 2, 3, 4, 6, 5, 7], [0, 22, 23, 24, 25, 26, 27, 28], [0, 15, 16, 19, 17, 18, 20, 21], [0, 8, 9, 10, 13, 11, 12, 14]]",0.072
2479,0.0,2,"[[0.11, 0.18, 0.17, 0.05, 0.02, 0.11, 0.14], [0.16, 0.12, 0.11, 0.08, 0.11, 0.16, 0.08], [0.12, 0.16, 0.05, 0.23, 0.13, 0.08, 0.03], [0.17, 0.24, 0.1, 0.22, 0.06, 0.14, 0.05]]",0.13,0.16,124,"[0.01, 0.08, 0.86, 0.05]","[[0, 1, 12, 10, 11, 13, 14, 15], [0, 22, 23, 0, 0, 0, 0, 0], [0, 3, 4, 5, 6, 7, 9, 8], [0, 2, 16, 17, 18, 19, 20, 21]]",0.072
2480,0.01,1,"[[0.72, 5.25, 9.97, 4.85, 8.58, 2.57, 9.15], [5.48, 9.36, 2.36, 9.25, 3.72, 4.76, 6.74], [7.14, 7.36, 2.91, 4.13, 7.03, 8.48, 0.38], [5.84, 6.37, 7.56, 3.71, 4.02, 2.93, 0.09]]",5.0,5.48,125,"[0.03, 0.85, 0.06, 0.06]","[[0, 0, 0, 0, 0, 0, 0, 0], [0, 0, 0, 0, 0, 0, 0, 0], [0, 0, 0, 0, 0, 0, 0, 0], [0, 0, 0, 0, 0, 0, 0, 0]]",2.994
2481,0.01,2,"[[2.65, 1.66, 4.12, 6.28, 3.9, 4.24, 8.17], [4.84, 2.23, 5.57, 7.45, 3.35, 5.55, 3.39], [6.15, 3.53, 5.47, 2.82, 6.99, 9.09, 0.79], [2.47, 2.31, 1.36, 3.11, 4.52, 5.21, 3.31]]",5.0,2.31,125,"[0.01, 0.06, 0.02, 0.91]","[[0, 0, 1, 0, 0, 0, 0, 0], [0, 0, 0, 0, 0, 0, 0, 0], [0, 0, 0, 0, 0, 0, 0, 0], [0, 0, 0, 0, 0, 0, 0, 0]]",2.994
2482,0.01,3,"[[6.38, 4.4, 2.78, 4.02, 3.28, 4.56, 6.79], [6.89, 5.4, 5.87, 9.63, 0.42, 4.93, 4.29], [2.96, 2.23, 8.29, 4.74, 3.72, 2.39, 0.86], [5.36, 5.18, 6.28, 1.08, 2.81, 5.95, 9.65]]",5.0,8.29,125,"[0.2, 0.38, 0.3, 0.12]","[[0, 0, 0, 0, 0, 0, 0, 0], [0, 0, 0, 1, 0, 0, 0, 0], [0, 0, 0, 0, 0, 0, 0, 0], [0, 0, 0, 0, 0, 0, 0, 0]]",2.994
2483,0.01,4,"[[5.93, 4.61, 6.44, 6.58, 0.77, 6.66, 0.58], [1.24, 4.91, 5.63, 0.45, 3.38, 4.94, 3.12], [7.83, 1.4, 2.04, 7.87, 6.09, 6.31, 5.4], [6.34, 6.33, 4.75, 6.81, 8.3, 6.3, 9.27]]",5.0,6.81,125,"[0.01, 0.1, 0.87, 0.02]","[[0, 0, 0, 0, 0, 0, 0, 0], [0, 0, 0, 0, 0, 0, 0, 0], [0, 0, 0, 0, 0, 0, 0, 0], [0, 0, 0, 0, 0, 0, 0, 0]]",2.994
2484,0.01,5,"[[5.63, 2.91, 6.84, 6.5, 2.65, 5.91, 4.09], [5.16, 0.83, 2.41, 5.99, 6.15, 3.67, 6.12], [5.67, 9.08, 3.93, 7.57, 5.62, 2.51, 2.61], [4.59, 1.2, 4.42, 1.16, 8.17, 8.27, 1.11]]",5.0,2.65,125,"[0.14, 0.34, 0.35, 0.17]","[[0, 0, 0, 0, 0, 0, 0, 0], [0, 0, 0, 0, 0, 0, 0, 0], [0, 0, 0, 0, 0, 1, 0, 0], [0, 0, 0, 0, 0, 0, 0, 0]]",2.994
2485,0.01,6,"[[4.36, 8.7, 5.94, 4.41, 8.37, 5.83, 0.58], [9.58, 2.24, 8.49, 4.24, 4.63, 4.53, 5.29], [6.08, 4.31, 5.59, 3.3, 3.91, 4.21, 4.74], [9.25, 5.33, 1.67, 7.75, 5.64, 2.81, 3.02]]",5.0,2.81,125,"[0.31, 0.27, 0.14, 0.28]","[[0, 0, 0, 0, 0, 0, 1, 0], [0, 0, 0, 0, 0, 0, 0, 0], [0, 0, 0, 0, 0, 0, 0, 0], [0, 0, 0, 0, 0, 0, 0, 0]]",2.994
2486,0.01,7,"[[3.4, 2.14, 9.33, 2.59, 4.55, 1.09, 2.85], [2.69, 7.17, 4.91, 8.03, 6.07, 6.49, 2.28], [2.24, 5.15, 4.83, 2.39, 2.78, 7.43, 5.61], [3.01, 5.69, 6.66, 3.22, 3.6, 8.48, 3.28]]",5.0,5.61,125,"[0.07, 0.01, 0.9, 0.02]","[[0, 0, 0, 0, 0, 0, 0, 0], [0, 0, 0, 0, 0, 0, 0, 0], [0, 0, 0, 0, 0, 0, 0, 1], [0, 0, 0, 0, 0, 0, 0, 0]]",2.994
2487,0.01,7,"[[8.02, 3.92, 3.11, 4.49, 4.13, 7.86, 3.71], [5.5, 3.12, 4.78, 4.63, 5.83, 9.55, 5.01], [6.87, 6.07, 1.32, 5.58, 8.22, 5.74, 5.54], [4.62, 3.36, 5.75, 5.59, 2.34, 1.7, 6.64]]",5.0,5.01,125,"[0.25, 0.27, 0.24, 0.24]","[[0, 0, 0, 0, 0, 0, 0, 0], [0, 0, 0, 0, 0, 0, 0, 0], [0, 0, 0, 0, 0, 0, 0, 0], [0, 0, 0, 0, 0, 0, 0, 0]]",2.994
2488,0.01,6,"[[3.74, 4.35, 1.03, 5.02, 2.48, 7.72, 3.91], [9.52, 3.82, 4.46, 2.55, 5.65, 6.25, 0.76], [2.96, 5.49, 2.32, 7.63, 0.35, 8.21, 6.51], [4.09, 2.1, 9.56, 8.08, 0.89, 1.16, 4.1]]",5.0,1.16,125,"[0.04, 0.08, 0.02, 0.86]","[[0, 0, 0, 0, 0, 0, 0, 0], [0, 0, 0, 0, 0, 0, 0, 0], [0, 0, 0, 0, 0, 0, 1, 0], [0, 0, 0, 0, 0, 0, 0, 0]]",2.994
2489,0.01,5,"[[5.28, 9.9, 6.81, 1.61, 2.79, 8.92, 6.09], [3.46, 6.68, 6.44, 3.71, 3.55, 0.25, 8.07], [6.52, 2.17, 8.0, 8.5, 5.35, 1.81, 3.32], [5.89, 1.86, 6.44, 5.29, 3.29, 8.96, 7.12]]",5.0,2.79,125,"[0.23, 0.3, 0.24, 0.23]","[[0, 0, 0, 0, 0, 0, 0, 0], [0, 0, 0, 0, 0, 2, 1, 0], [0, 0, 0, 0, 0, 0, 0, 0], [0, 0, 0, 0, 0, 0, 0, 0]]",2.994
2490,0.01,1,"[[0.21, 0.14, 0.05, 0.18, 0.12, 0.1, 0.15], [0.03, 0.07, 0.04, 0.14, 0.13, 0.15, 0.2], [0.05, 0.14, 0.08, 0.16, 0.04, 0.13, 0.08], [0.19, 0.12, 0.09, 0.06, 0.18, 0.05, 0.09]]",0.13,0.05,125,"[0.01, 0.02, 0.88, 0.09]","[[0, 0, 0, 0, 0, 0, 0, 0], [0, 0, 0, 0, 0, 0, 0, 0], [0, 1, 0, 0, 0, 0, 0, 0], [0, 0, 0, 0, 0, 0, 0, 0]]",0.072
2491,0.01,1,"[[0.05, 0.17, 0.08, 0.07, 0.16, 0.13, 0.05], [0.1, 0.16, 0.24, 0.2, 0.19, 0.19, 0.23], [0.18, 0.13, 0.06, 0.19, 0.17, 0.21, 0.13], [0.16, 0.18, 0.2, 0.12, 0.19, 0.08, 0.19]]",0.13,0.05,125,"[0.85, 0.1, 0.02, 0.03]","[[0, 0, 0, 0, 0, 0, 0, 0], [0, 0, 0, 0, 0, 0, 0, 0], [0, 1, 0, 0, 0, 0, 0, 0], [0, 0, 0, 0, 0, 0, 0, 0]]",0.072
2492,0.01,2,"[[0.14, 0.16, 0.16, 0.21, 0.14, 0.04, 0.08], [0.06, 0.2, 0.17, 0.04, 0.15, 0.07, 0.15], [0.13, 0.19, 0.14, 0.02, 0.08, 0.23, 0.1], [0.15, 0.03, 0.13, 0.07, 0.13, 0.07, 0.19]]",0.13,0.16,125,"[0.26, 0.28, 0.24, 0.22]","[[0, 0, 0, 0, 0, 0, 0, 0], [0, 0, 0, 1, 0, 0, 0, 0], [0, 0, 0, 0, 0, 0, 0, 0], [0, 0, 0, 0, 0, 0, 0, 0]]",0.072
2493,0.01,5,"[[0.11, 0.13, 0.2, 0.15, 0.12, 0.07, 0.12], [0.17, 0.14, 0.08, 0.03, 0.14, 0.12, 0.21], [0.15, 0.05, 0.06, 0.08, 0.07, 0.16, 0.13], [0.11, 0.11, 0.13, 0.18, 0.08, 0.12, 0.15]]",0.13,0.08,125,"[0.11, 0.38, 0.34, 0.17]","[[0, 0, 0, 0, 0, 0, 0, 0], [0, 0, 0, 0, 0, 1, 0, 0], [0, 0, 0, 0, 0, 0, 0, 0], [0, 0, 0, 0, 0, 0, 0, 0]]",0.072
2494,0.01,6,"[[0.18, 0.08, 0.04, 0.19, 0.05, 0.05, 0.16], [0.09, 0.22, 0.23, 0.17, 0.13, 0.24, 0.18], [0.21, 0.2, 0.1, 0.14, 0.11, 0.11, 0.19], [0.23, 0.14, 0.16, 0.18, 0.12, 0.18, 0.03]]",0.13,0.24,125,"[0.02, 0.92, 0.02, 0.04]","[[0, 0, 0, 0, 0, 0, 0, 0], [0, 0, 0, 0, 0, 0, 1, 0], [0, 0, 0, 0, 0, 0, 0, 0], [0, 0, 0, 0, 0, 0, 0, 0]]",0.072
2495,0.01,5,"[[0.16, 0.14, 0.08, 0.14, 0.11, 0.13, 0.09], [0.19, 0.11, 0.19, 0.08, 0.11, 0.19, 0.13], [0.21, 0.23, 0.11, 0.11, 0.1, 0.18, 0.03], [0.04, 0.14, 0.12, 0.13, 0.05, 0.04, 0.05]]",0.13,0.05,125,"[0.31, 0.22, 0.18, 0.29]","[[0, 0, 0, 0, 0, 2, 0, 0], [0, 0, 0, 0, 0, 0, 0, 0], [0, 0, 0, 0, 0, 0, 0, 0], [0, 0, 0, 0, 0, 0, 0, 1]]",0.072
2496,0.01,7,"[[0.19, 0.11, 0.24, 0.23, 0.21, 0.14, 0.16], [0.12, 0.1, 0.02, 0.19, 0.1, 0.08, 0.14], [0.05, 0.21, 0.07, 0.2, 0.09, 0.02, 0.23], [0.09, 0.04, 0.09, 0.14, 0.18, 0.2, 0.23]]",0.13,0.23,125,"[0.03, 0.01, 0.92, 0.04]","[[0, 0, 0, 0, 0, 0, 0, 0], [0, 0, 0, 0, 0, 0, 0, 0], [0, 0, 0, 0, 0, 0, 0, 1], [0, 0, 0, 0, 0, 0, 0, 0]]",0.072
2497,0.01,5,"[[0.15, 0.2, 0.21, 0.14, 0.15, 0.21, 0.2], [0.1, 0.12, 0.15, 0.05, 0.19, 0.19, 0.19], [0.2, 0.18, 0.22, 0.07, 0.23, 0.17, 0.15], [0.25, 0.17, 0.14, 0.07, 0.06, 0.14, 0.21]]",0.13,0.23,125,"[0.33, 0.32, 0.13, 0.22]","[[0, 0, 0, 0, 0, 0, 0, 0], [0, 0, 0, 0, 0, 1, 0, 0], [0, 0, 0, 0, 0, 0, 0, 0], [0, 0, 0, 0, 0, 0, 0, 0]]",0.072
2498,0.01,5,"[[0.19, 0.09, 0.13, 0.2, 0.03, 0.17, 0.2], [0.08, 0.14, 0.18, 0.15, 0.19, 0.11, 0.07], [0.15, 0.06, 0.07, 0.11, 0.19, 0.02, 0.14], [0.12, 0.04, 0.06, 0.04, 0.06, 0.19, 0.09]]",0.13,0.19,125,"[0.02, 0.85, 0.05, 0.08]","[[0, 0, 0, 0, 0, 0, 0, 0], [0, 0, 0, 0, 0, 0, 2, 1], [0, 0, 0, 0, 0, 0, 0, 0], [0, 0, 0, 0, 0, 0, 0, 0]]",0.072
2499,0.01,7,"[[0.14, 0.12, 0.08, 0.02, 0.14, 0.19, 0.09], [0.2, 0.01, 0.13, 0.03, 0.11, 0.06, 0.23], [0.19, 0.12, 0.16, 0.15, 0.16, 0.07, 0.21], [0.09, 0.14, 0.24, 0.12, 0.1, 0.2, 0.16]]",0.13,0.09,125,"[0.36, 0.17, 0.12, 0.35]","[[0, 0, 0, 0, 0, 0, 0, 1], [0, 0, 0, 0, 0, 0, 0, 0], [0, 0, 0, 0, 0, 0, 0, 0], [0, 0, 0, 0, 0, 0, 0, 0]]",0.072
2500,0.0,5,"[[0.95, 2.78, 3.25, 5.38, 7.09, 3.77, 4.83], [7.13, 8.96, 5.39, 2.27, 8.34, 7.96, 4.55], [9.77, 5.61, 8.97, 8.09, 6.52, 2.37, 9.08], [8.52, 1.84, 1.06, 3.62, 0.7, 3.27, 0.14]]",5.0,6.52,126,"[0.85, 0.07, 0.07, 0.01]","[[0, 4, 0, 3, 0, 2, 0, 1], [0, 0, 0, 0, 0, 0, 0, 0], [0, 0, 0, 0, 0, 0, 0, 0], [0, 0, 0, 0, 0, 0, 0, 0]]",2.994
2501,0.0,5,"[[5.77, 3.99, 6.61, 4.81, 8.16, 4.87, 2.84], [5.38, 5.12, 5.88, 4.67, 7.45, 7.64, 1.41], [2.86, 1.79, 4.9, 7.89, 6.3, 3.05, 5.2], [5.28, 6.58, 1.34, 2.2, 4.69, 6.92, 5.01]]",5.0,8.16,126,"[0.34, 0.23, 0.11, 0.32]","[[0, 0, 15, 23, 16, 9, 19, 1], [0, 13, 6, 4, 10, 18, 21, 2], [0, 24, 5, 20, 27, 17, 8, 26], [0, 12, 14, 3, 11, 22, 25, 7]]",2.994
2502,0.0,7,"[[1.92, 6.77, 0.18, 0.58, 7.09, 4.34, 4.61], [2.63, 2.6, 4.89, 2.52, 8.42, 2.23, 4.37], [6.54, 7.27, 4.71, 3.86, 8.83, 4.81, 5.31], [5.47, 8.91, 3.37, 8.65, 6.85, 1.47, 5.12]]",5.0,5.31,126,"[0.31, 0.2, 0.17, 0.32]","[[0, 1, 2, 0, 9, 20, 8, 0], [0, 0, 0, 12, 0, 11, 16, 7], [0, 14, 3, 18, 10, 0, 0, 15], [0, 19, 0, 4, 13, 5, 17, 6]]",2.994
2503,0.0,2,"[[3.89, 7.03, 1.42, 3.85, 5.57, 3.85, 2.09], [1.42, 3.42, 3.49, 1.78, 8.76, 8.52, 6.88], [3.98, 7.53, 6.94, 2.68, 5.16, 4.6, 0.82], [7.43, 7.31, 6.36, 5.75, 9.0, 9.88, 3.78]]",5.0,7.31,126,"[0.86, 0.01, 0.02, 0.11]","[[0, 5, 8, 6, 4, 10, 7, 1], [0, 0, 0, 0, 0, 0, 0, 0], [0, 0, 0, 0, 0, 0, 0, 0], [0, 0, 2, 0, 3, 0, 9, 0]]",2.994
2504,0.0,3,"[[7.04, 7.27, 1.99, 4.87, 6.53, 6.34, 1.47], [5.29, 2.16, 9.06, 4.67, 7.92, 5.41, 7.56], [6.95, 5.35, 1.7, 4.81, 6.84, 1.21, 8.92], [6.63, 5.53, 4.35, 1.42, 5.69, 5.92, 4.12]]",5.0,1.7,126,"[0.07, 0.87, 0.03, 0.03]","[[0, 0, 2, 0, 0, 0, 0, 0], [0, 1, 8, 7, 3, 6, 5, 4], [0, 0, 0, 0, 0, 0, 0, 0], [0, 0, 0, 0, 0, 0, 0, 0]]",2.994
2505,0.0,6,"[[1.89, 1.68, 4.82, 0.64, 6.72, 5.82, 3.47], [2.81, 5.64, 4.93, 5.88, 1.19, 6.58, 2.91], [6.88, 4.96, 4.06, 5.77, 1.03, 4.24, 5.62], [0.22, 1.89, 4.63, 5.2, 4.1, 3.36, 6.44]]",5.0,6.58,126,"[0.25, 0.26, 0.31, 0.18]","[[0, 1, 0, 24, 18, 15, 17, 21], [0, 11, 0, 2, 14, 7, 5, 19], [0, 0, 10, 8, 3, 16, 23, 6], [0, 12, 0, 9, 13, 4, 22, 20]]",2.994
2506,0.0,3,"[[9.88, 3.37, 6.84, 6.02, 5.72, 2.47, 6.83], [4.66, 3.57, 1.89, 8.02, 4.52, 4.58, 0.56], [5.57, 8.71, 8.98, 7.3, 1.41, 5.09, 6.3], [2.79, 3.58, 9.87, 3.61, 3.51, 7.13, 2.78]]",5.0,9.87,126,"[0.02, 0.05, 0.05, 0.88]","[[0, 0, 0, 0, 0, 0, 0, 0], [0, 0, 0, 0, 0, 0, 0, 0], [0, 0, 0, 4, 0, 2, 6, 0], [0, 9, 8, 7, 5, 10, 3, 1]]",2.994
2507,0.0,6,"[[3.55, 2.94, 0.08, 3.13, 2.15, 9.59, 4.77], [4.35, 5.83, 1.82, 2.79, 3.6, 4.35, 6.66], [4.91, 4.62, 9.06, 2.02, 4.04, 2.21, 7.62], [0.78, 5.9, 1.77, 4.45, 7.63, 4.39, 2.86]]",5.0,2.21,126,"[0.34, 0.11, 0.27, 0.28]","[[0, 10, 26, 24, 12, 0, 17, 13], [0, 23, 6, 20, 8, 16, 14, 25], [0, 21, 9, 5, 22, 3, 15, 18], [0, 27, 7, 11, 4, 19, 2, 1]]",2.994
2508,0.0,6,"[[3.4, 2.14, 9.33, 2.59, 4.55, 1.09, 2.85], [2.69, 7.17, 4.91, 8.03, 6.07, 6.49, 2.28], [2.24, 5.15, 4.83, 2.39, 2.78, 7.43, 5.61], [3.01, 5.69, 6.66, 3.22, 3.6, 8.48, 3.28]]",5.0,1.09,126,"[0.07, 0.01, 0.9, 0.02]","[[0, 0, 0, 0, 0, 0, 0, 0], [0, 0, 0, 0, 4, 0, 0, 1], [0, 7, 6, 8, 5, 3, 2, 9], [0, 0, 0, 0, 0, 0, 0, 0]]",2.994
2509,0.0,5,"[[7.11, 5.78, 4.85, 4.33, 7.33, 7.89, 5.26], [5.95, 7.87, 3.44, 7.0, 6.97, 5.22, 6.26], [3.72, 9.35, 7.04, 6.38, 7.42, 6.47, 5.89], [5.94, 4.84, 1.39, 4.52, 3.41, 2.82, 3.73]]",5.0,7.42,126,"[0.33, 0.2, 0.24, 0.23]","[[0, 19, 25, 12, 27, 13, 22, 14], [0, 11, 24, 20, 21, 4, 26, 1], [0, 0, 17, 23, 2, 7, 5, 6], [0, 10, 9, 18, 8, 3, 15, 16]]",2.994
2510,0.0,3,"[[0.14, 0.16, 0.16, 0.21, 0.14, 0.04, 0.08], [0.06, 0.2, 0.17, 0.04, 0.15, 0.07, 0.15], [0.13, 0.19, 0.14, 0.02, 0.08, 0.23, 0.1], [0.15, 0.03, 0.13, 0.07, 0.13, 0.07, 0.19]]",0.13,0.17,126,"[0.26, 0.28, 0.24, 0.22]","[[0, 0, 0, 6, 0, 0, 5, 1], [0, 0, 0, 7, 0, 0, 4, 0], [0, 0, 0, 8, 0, 0, 0, 2], [0, 0, 0, 9, 0, 0, 3, 0]]",0.072
2511,0.0,7,"[[0.15, 0.08, 0.15, 0.12, 0.15, 0.08, 0.22], [0.12, 0.2, 0.22, 0.16, 0.25, 0.12, 0.11], [0.19, 0.22, 0.15, 0.08, 0.12, 0.14, 0.2], [0.21, 0.16, 0.09, 0.16, 0.22, 0.15, 0.19]]",0.13,0.2,126,"[0.05, 0.07, 0.86, 0.02]","[[0, 0, 0, 0, 0, 0, 0, 8], [0, 0, 0, 0, 0, 0, 0, 6], [0, 0, 0, 1, 4, 2, 5, 3], [0, 0, 0, 0, 0, 0, 7, 9]]",0.072
2512,0.0,4,"[[0.21, 0.14, 0.05, 0.18, 0.12, 0.1, 0.15], [0.03, 0.07, 0.04, 0.14, 0.13, 0.15, 0.2], [0.05, 0.14, 0.08, 0.16, 0.04, 0.13, 0.08], [0.19, 0.12, 0.09, 0.06, 0.18, 0.05, 0.09]]",0.13,0.16,126,"[0.01, 0.02, 0.88, 0.09]","[[0, 0, 0, 0, 0, 0, 0, 0], [0, 0, 0, 0, 0, 14, 3, 0], [0, 9, 13, 7, 12, 15, 5, 1], [0, 16, 8, 10, 11, 4, 2, 6]]",0.072
2513,0.0,5,"[[0.14, 0.15, 0.11, 0.2, 0.03, 0.13, 0.04], [0.03, 0.07, 0.1, 0.21, 0.1, 0.13, 0.08], [0.14, 0.03, 0.06, 0.05, 0.15, 0.08, 0.09], [0.13, 0.08, 0.16, 0.01, 0.21, 0.09, 0.05]]",0.13,0.15,126,"[0.06, 0.03, 0.86, 0.05]","[[0, 0, 0, 0, 0, 0, 0, 0], [0, 0, 0, 0, 0, 0, 0, 0], [0, 4, 6, 3, 5, 2, 7, 1], [0, 0, 0, 0, 0, 0, 0, 0]]",0.072
2514,0.0,7,"[[0.14, 0.12, 0.08, 0.02, 0.14, 0.19, 0.09], [0.2, 0.01, 0.13, 0.03, 0.11, 0.06, 0.23], [0.19, 0.12, 0.16, 0.15, 0.16, 0.07, 0.21], [0.09, 0.14, 0.24, 0.12, 0.1, 0.2, 0.16]]",0.13,0.16,126,"[0.36, 0.17, 0.12, 0.35]","[[0, 9, 8, 7, 6, 5, 4, 3], [0, 10, 11, 24, 23, 22, 17, 16], [0, 26, 0, 25, 0, 18, 15, 14], [0, 19, 20, 21, 12, 13, 2, 1]]",0.072
2515,0.0,5,"[[0.07, 0.16, 0.11, 0.2, 0.2, 0.19, 0.16], [0.15, 0.22, 0.24, 0.17, 0.18, 0.12, 0.12], [0.11, 0.16, 0.11, 0.12, 0.21, 0.06, 0.16], [0.17, 0.22, 0.15, 0.11, 0.24, 0.11, 0.17]]",0.13,0.24,126,"[0.09, 0.03, 0.01, 0.87]","[[0, 10, 6, 0, 0, 11, 0, 0], [0, 0, 0, 0, 0, 0, 0, 0], [0, 0, 0, 5, 0, 0, 0, 1], [0, 9, 8, 7, 4, 3, 2, 0]]",0.072
2516,0.0,1,"[[0.23, 0.06, 0.08, 0.13, 0.11, 0.05, 0.11], [0.17, 0.17, 0.17, 0.13, 0.09, 0.2, 0.07], [0.21, 0.11, 0.17, 0.05, 0.13, 0.11, 0.17], [0.16, 0.02, 0.2, 0.19, 0.23, 0.13, 0.13]]",0.13,0.17,126,"[0.24, 0.22, 0.21, 0.33]","[[0, 20, 11, 0, 12, 0, 5, 16], [0, 19, 10, 0, 13, 0, 2, 14], [0, 17, 0, 9, 7, 0, 4, 15], [0, 18, 0, 8, 6, 0, 3, 1]]",0.072
2517,0.0,7,"[[0.1, 0.1, 0.03, 0.13, 0.2, 0.08, 0.11], [0.08, 0.05, 0.11, 0.15, 0.22, 0.2, 0.17], [0.16, 0.24, 0.08, 0.04, 0.05, 0.19, 0.14], [0.1, 0.18, 0.15, 0.14, 0.18, 0.07, 0.19]]",0.13,0.11,126,"[0.36, 0.26, 0.19, 0.19]","[[0, 0, 0, 9, 0, 0, 0, 1], [0, 12, 0, 8, 0, 0, 0, 3], [0, 10, 0, 0, 0, 7, 0, 2], [0, 11, 0, 5, 0, 6, 0, 4]]",0.072
2518,0.0,4,"[[0.11, 0.18, 0.17, 0.05, 0.02, 0.11, 0.14], [0.16, 0.12, 0.11, 0.08, 0.11, 0.16, 0.08], [0.12, 0.16, 0.05, 0.23, 0.13, 0.08, 0.03], [0.17, 0.24, 0.1, 0.22, 0.06, 0.14, 0.05]]",0.13,0.22,126,"[0.01, 0.08, 0.86, 0.05]","[[0, 0, 0, 0, 0, 0, 0, 0], [0, 0, 0, 0, 9, 0, 0, 0], [0, 11, 10, 8, 7, 6, 5, 3], [0, 0, 0, 0, 0, 4, 2, 1]]",0.072
2519,0.0,3,"[[0.22, 0.12, 0.18, 0.2, 0.04, 0.04, 0.16], [0.19, 0.18, 0.17, 0.17, 0.18, 0.2, 0.15], [0.03, 0.13, 0.18, 0.12, 0.17, 0.16, 0.08], [0.21, 0.09, 0.16, 0.11, 0.25, 0.1, 0.16]]",0.13,0.18,126,"[0.34, 0.12, 0.22, 0.32]","[[0, 0, 0, 7, 0, 0, 0, 0], [0, 0, 0, 5, 0, 9, 0, 0], [0, 0, 0, 3, 4, 0, 0, 8], [0, 0, 2, 6, 0, 0, 0, 1]]",0.072
2520,0.0,4,"[[6.26, 0.19, 5.42, 8.23, 3.15, 1.79, 3.82], [4.19, 3.39, 2.75, 9.2, 5.7, 3.44, 3.56], [5.45, 5.72, 8.61, 4.63, 8.16, 8.36, 7.19], [3.14, 2.27, 7.83, 9.11, 0.69, 3.38, 9.35]]",5.0,8.23,127,"[0.1, 0.01, 0.01, 0.88]","[[0, 8, 7, 0, 6, 0, 1, 0], [0, 0, 3, 0, 0, 0, 0, 0], [0, 9, 0, 0, 2, 0, 0, 0], [0, 10, 0, 0, 0, 0, 5, 4]]",2.994
2521,0.0,3,"[[6.38, 4.4, 2.78, 4.02, 3.28, 4.56, 6.79], [6.89, 5.4, 5.87, 9.63, 0.42, 4.93, 4.29], [2.96, 2.23, 8.29, 4.74, 3.72, 2.39, 0.86], [5.36, 5.18, 6.28, 1.08, 2.81, 5.95, 9.65]]",5.0,6.28,127,"[0.2, 0.38, 0.3, 0.12]","[[0, 21, 17, 16, 11, 3, 0, 5], [0, 22, 18, 15, 10, 4, 0, 6], [0, 23, 19, 14, 9, 2, 0, 7], [0, 24, 20, 13, 12, 1, 0, 8]]",2.994
2522,0.0,2,"[[7.11, 5.78, 4.85, 4.33, 7.33, 7.89, 5.26], [5.95, 7.87, 3.44, 7.0, 6.97, 5.22, 6.26], [3.72, 9.35, 7.04, 6.38, 7.42, 6.47, 5.89], [5.94, 4.84, 1.39, 4.52, 3.41, 2.82, 3.73]]",5.0,5.78,127,"[0.33, 0.2, 0.24, 0.23]","[[0, 1, 5, 12, 13, 14, 15, 16], [0, 2, 6, 11, 26, 25, 21, 17], [0, 3, 7, 10, 27, 24, 20, 18], [0, 4, 8, 9, 28, 23, 19, 22]]",2.994
2523,0.0,7,"[[5.28, 9.9, 6.81, 1.61, 2.79, 8.92, 6.09], [3.46, 6.68, 6.44, 3.71, 3.55, 0.25, 8.07], [6.52, 2.17, 8.0, 8.5, 5.35, 1.81, 3.32], [5.89, 1.86, 6.44, 5.29, 3.29, 8.96, 7.12]]",5.0,8.07,127,"[0.23, 0.3, 0.24, 0.23]","[[0, 1, 7, 8, 11, 13, 14, 15], [0, 2, 9, 10, 12, 24, 23, 16], [0, 3, 6, 18, 17, 22, 25, 28], [0, 4, 5, 19, 20, 21, 26, 27]]",2.994
2524,0.0,3,"[[2.09, 7.52, 9.74, 6.72, 2.88, 5.9, 5.87], [6.25, 4.49, 6.66, 2.68, 2.62, 7.58, 4.86], [0.33, 4.49, 3.44, 6.0, 4.73, 0.87, 2.63], [7.63, 1.46, 3.24, 5.72, 7.53, 7.25, 3.01]]",5.0,6.66,127,"[0.34, 0.23, 0.2, 0.23]","[[0, 1, 2, 5, 6, 7, 8, 9], [0, 4, 3, 14, 13, 12, 11, 10], [0, 15, 16, 20, 21, 23, 25, 27], [0, 18, 17, 19, 22, 24, 26, 28]]",2.994
2525,0.0,5,"[[0.95, 2.78, 3.25, 5.38, 7.09, 3.77, 4.83], [7.13, 8.96, 5.39, 2.27, 8.34, 7.96, 4.55], [9.77, 5.61, 8.97, 8.09, 6.52, 2.37, 9.08], [8.52, 1.84, 1.06, 3.62, 0.7, 3.27, 0.14]]",5.0,7.09,127,"[0.85, 0.07, 0.07, 0.01]","[[0, 1, 5, 9, 10, 11, 12, 13], [0, 2, 6, 18, 17, 16, 15, 14], [0, 3, 7, 19, 22, 23, 25, 27], [0, 4, 8, 20, 21, 24, 26, 28]]",2.994
2526,0.0,7,"[[1.89, 1.68, 4.82, 0.64, 6.72, 5.82, 3.47], [2.81, 5.64, 4.93, 5.88, 1.19, 6.58, 2.91], [6.88, 4.96, 4.06, 5.77, 1.03, 4.24, 5.62], [0.22, 1.89, 4.63, 5.2, 4.1, 3.36, 6.44]]",5.0,3.47,127,"[0.25, 0.26, 0.31, 0.18]","[[0, 16, 19, 20, 10, 23, 27, 11], [0, 15, 18, 21, 9, 24, 26, 12], [0, 1, 2, 3, 4, 5, 6, 7], [0, 14, 17, 22, 8, 25, 28, 13]]",2.994
2527,0.0,7,"[[8.39, 1.9, 3.96, 5.78, 2.24, 5.8, 4.1], [0.94, 5.02, 2.49, 5.54, 6.54, 4.33, 9.65], [7.94, 7.8, 4.1, 9.82, 1.59, 4.84, 8.58], [8.96, 7.49, 1.94, 3.92, 0.76, 2.82, 6.17]]",5.0,9.65,127,"[0.11, 0.85, 0.02, 0.02]","[[0, 1, 0, 0, 0, 12, 0, 11], [0, 2, 3, 4, 5, 6, 7, 8], [0, 0, 0, 0, 0, 13, 0, 9], [0, 0, 0, 0, 0, 14, 0, 10]]",2.994
2528,0.0,1,"[[1.63, 4.7, 3.32, 2.64, 8.47, 3.24, 4.54], [8.67, 5.47, 1.74, 1.77, 1.06, 7.43, 3.25], [4.05, 4.33, 1.96, 6.68, 6.28, 9.52, 7.64], [3.95, 5.24, 1.85, 2.91, 0.64, 2.21, 1.85]]",5.0,8.67,127,"[0.05, 0.89, 0.05, 0.01]","[[0, 10, 14, 0, 0, 0, 11, 0], [0, 1, 2, 3, 4, 5, 6, 7], [0, 9, 15, 0, 0, 0, 12, 0], [0, 8, 16, 0, 0, 0, 13, 0]]",2.994
2529,0.0,7,"[[5.16, 3.84, 2.97, 6.89, 7.92, 3.02, 6.81], [6.93, 3.64, 5.33, 8.47, 3.82, 8.88, 7.83], [4.51, 5.38, 9.21, 3.79, 4.77, 9.29, 4.59], [3.55, 8.48, 4.66, 2.28, 3.95, 2.95, 5.67]]",5.0,6.81,127,"[0.86, 0.08, 0.05, 0.01]","[[0, 1, 2, 3, 4, 5, 6, 7], [0, 0, 0, 0, 11, 8, 0, 14], [0, 0, 0, 0, 12, 9, 0, 15], [0, 0, 0, 0, 13, 10, 0, 16]]",2.994
2530,0.0,7,"[[0.12, 0.17, 0.14, 0.13, 0.11, 0.07, 0.23], [0.21, 0.03, 0.18, 0.17, 0.22, 0.07, 0.12], [0.06, 0.15, 0.14, 0.1, 0.11, 0.15, 0.22], [0.13, 0.03, 0.18, 0.17, 0.07, 0.25, 0.1]]",0.13,0.1,127,"[0.39, 0.18, 0.15, 0.28]","[[0, 1, 2, 3, 4, 5, 6, 7], [0, 0, 11, 0, 0, 0, 0, 8], [0, 0, 12, 0, 0, 0, 0, 9], [0, 0, 13, 0, 0, 0, 0, 10]]",0.072
2531,0.0,5,"[[0.05, 0.08, 0.17, 0.15, 0.22, 0.07, 0.07], [0.06, 0.1, 0.12, 0.11, 0.19, 0.16, 0.05], [0.19, 0.16, 0.13, 0.06, 0.18, 0.04, 0.24], [0.15, 0.24, 0.11, 0.13, 0.14, 0.03, 0.01]]",0.13,0.22,127,"[0.86, 0.01, 0.05, 0.08]","[[0, 1, 2, 3, 4, 5, 6, 7], [0, 0, 0, 14, 11, 8, 0, 0], [0, 0, 0, 15, 12, 9, 0, 0], [0, 0, 0, 16, 13, 10, 0, 0]]",0.072
2532,0.0,6,"[[0.06, 0.11, 0.17, 0.23, 0.15, 0.14, 0.21], [0.16, 0.17, 0.08, 0.04, 0.07, 0.21, 0.12], [0.2, 0.19, 0.13, 0.12, 0.17, 0.2, 0.16], [0.1, 0.1, 0.12, 0.16, 0.01, 0.17, 0.09]]",0.13,0.2,127,"[0.23, 0.25, 0.3, 0.22]","[[0, 13, 15, 0, 0, 0, 10, 0], [0, 12, 16, 0, 0, 0, 9, 0], [0, 1, 2, 3, 4, 5, 6, 7], [0, 11, 14, 0, 0, 0, 8, 0]]",0.072
2533,0.0,1,"[[0.16, 0.14, 0.08, 0.14, 0.11, 0.13, 0.09], [0.19, 0.11, 0.19, 0.08, 0.11, 0.19, 0.13], [0.21, 0.23, 0.11, 0.11, 0.1, 0.18, 0.03], [0.04, 0.14, 0.12, 0.13, 0.05, 0.04, 0.05]]",0.13,0.16,127,"[0.31, 0.22, 0.18, 0.29]","[[0, 1, 2, 3, 4, 5, 6, 7], [0, 8, 17, 0, 14, 0, 11, 0], [0, 9, 18, 0, 15, 0, 12, 0], [0, 10, 19, 0, 16, 0, 13, 0]]",0.072
2534,0.0,5,"[[0.1, 0.22, 0.11, 0.07, 0.15, 0.15, 0.08], [0.22, 0.14, 0.05, 0.13, 0.2, 0.14, 0.2], [0.02, 0.25, 0.2, 0.08, 0.15, 0.02, 0.07], [0.11, 0.1, 0.17, 0.14, 0.2, 0.08, 0.11]]",0.13,0.15,127,"[0.87, 0.08, 0.02, 0.03]","[[0, 1, 2, 3, 4, 5, 6, 7], [0, 0, 8, 0, 0, 16, 11, 0], [0, 0, 9, 0, 0, 15, 12, 0], [0, 0, 10, 0, 0, 14, 13, 0]]",0.072
2535,0.0,4,"[[0.22, 0.12, 0.18, 0.2, 0.04, 0.04, 0.16], [0.19, 0.18, 0.17, 0.17, 0.18, 0.2, 0.15], [0.03, 0.13, 0.18, 0.12, 0.17, 0.16, 0.08], [0.21, 0.09, 0.16, 0.11, 0.25, 0.1, 0.16]]",0.13,0.17,127,"[0.34, 0.12, 0.22, 0.32]","[[0, 1, 2, 3, 4, 5, 6, 7], [0, 11, 0, 14, 8, 0, 0, 17], [0, 12, 0, 15, 9, 0, 0, 18], [0, 13, 0, 16, 10, 0, 0, 19]]",0.072
2536,0.0,7,"[[0.11, 0.06, 0.11, 0.08, 0.17, 0.11, 0.11], [0.14, 0.12, 0.06, 0.14, 0.09, 0.14, 0.12], [0.04, 0.15, 0.09, 0.13, 0.15, 0.18, 0.21], [0.1, 0.08, 0.17, 0.08, 0.19, 0.13, 0.19]]",0.13,0.12,127,"[0.26, 0.2, 0.27, 0.27]","[[0, 16, 17, 19, 21, 23, 25, 27], [0, 15, 18, 20, 22, 24, 26, 28], [0, 1, 2, 5, 7, 9, 11, 13], [0, 4, 3, 6, 8, 10, 12, 14]]",0.072
2537,0.0,7,"[[0.19, 0.11, 0.24, 0.23, 0.21, 0.14, 0.16], [0.12, 0.1, 0.02, 0.19, 0.1, 0.08, 0.14], [0.05, 0.21, 0.07, 0.2, 0.09, 0.02, 0.23], [0.09, 0.04, 0.09, 0.14, 0.18, 0.2, 0.23]]",0.13,0.23,127,"[0.03, 0.01, 0.92, 0.04]","[[0, 0, 9, 11, 12, 0, 0, 16], [0, 0, 8, 0, 13, 0, 0, 15], [0, 1, 2, 3, 4, 6, 5, 7], [0, 0, 10, 0, 14, 0, 0, 17]]",0.072
2538,0.0,1,"[[0.15, 0.06, 0.09, 0.11, 0.16, 0.04, 0.14], [0.13, 0.19, 0.06, 0.21, 0.14, 0.09, 0.14], [0.16, 0.13, 0.11, 0.14, 0.1, 0.12, 0.12], [0.2, 0.09, 0.2, 0.06, 0.12, 0.09, 0.16]]",0.13,0.16,127,"[0.08, 0.04, 0.87, 0.01]","[[0, 10, 0, 0, 13, 0, 0, 0], [0, 9, 0, 0, 12, 0, 0, 0], [0, 1, 2, 3, 4, 5, 6, 7], [0, 8, 0, 0, 11, 0, 0, 0]]",0.072
2539,0.0,5,"[[0.19, 0.09, 0.13, 0.2, 0.03, 0.17, 0.2], [0.08, 0.14, 0.18, 0.15, 0.19, 0.11, 0.07], [0.15, 0.06, 0.07, 0.11, 0.19, 0.02, 0.14], [0.12, 0.04, 0.06, 0.04, 0.06, 0.19, 0.09]]",0.13,0.19,127,"[0.02, 0.85, 0.05, 0.08]","[[0, 0, 0, 8, 0, 11, 0, 0], [0, 1, 2, 3, 4, 5, 6, 7], [0, 0, 0, 9, 0, 12, 0, 0], [0, 0, 0, 10, 0, 13, 0, 0]]",0.072
2540,0.01,3,"[[0.12, 0.17, 0.14, 0.13, 0.11, 0.07, 0.23], [0.21, 0.03, 0.18, 0.17, 0.22, 0.07, 0.12], [0.06, 0.15, 0.14, 0.1, 0.11, 0.15, 0.22], [0.13, 0.03, 0.18, 0.17, 0.07, 0.25, 0.1]]",0.13,0.18,128,"[0.39, 0.18, 0.15, 0.28]","[[0, 0, 0, 1, 0, 0, 2, 0], [0, 0, 0, 0, 0, 0, 0, 0], [0, 0, 0, 0, 0, 0, 0, 0], [0, 0, 0, 0, 0, 0, 0, 0]]",0.072
2541,0.01,2,"[[0.14, 0.16, 0.16, 0.21, 0.14, 0.04, 0.08], [0.06, 0.2, 0.17, 0.04, 0.15, 0.07, 0.15], [0.13, 0.19, 0.14, 0.02, 0.08, 0.23, 0.1], [0.15, 0.03, 0.13, 0.07, 0.13, 0.07, 0.19]]",0.13,0.19,128,"[0.26, 0.28, 0.24, 0.22]","[[0, 0, 0, 0, 0, 0, 2, 0], [0, 0, 1, 0, 0, 0, 0, 0], [0, 0, 0, 0, 0, 0, 0, 0], [0, 0, 0, 0, 0, 0, 0, 0]]",0.072
2542,0.01,1,"[[0.18, 0.08, 0.14, 0.2, 0.12, 0.1, 0.1], [0.1, 0.05, 0.2, 0.13, 0.11, 0.09, 0.04], [0.15, 0.11, 0.22, 0.09, 0.14, 0.12, 0.12], [0.17, 0.01, 0.14, 0.05, 0.14, 0.07, 0.08]]",0.13,0.15,128,"[0.3, 0.22, 0.27, 0.21]","[[0, 1, 0, 0, 0, 2, 0, 0], [0, 0, 0, 0, 0, 0, 0, 0], [0, 0, 0, 0, 0, 0, 0, 0], [0, 0, 0, 0, 0, 0, 0, 0]]",0.072
2543,0.01,5,"[[0.2, 0.21, 0.23, 0.23, 0.18, 0.14, 0.22], [0.2, 0.22, 0.22, 0.25, 0.05, 0.12, 0.09], [0.02, 0.05, 0.07, 0.23, 0.14, 0.19, 0.02], [0.12, 0.1, 0.13, 0.23, 0.18, 0.06, 0.24]]",0.13,0.14,128,"[0.08, 0.03, 0.87, 0.02]","[[0, 0, 0, 0, 0, 0, 0, 0], [0, 0, 0, 0, 0, 0, 0, 0], [0, 1, 0, 2, 0, 3, 0, 4], [0, 0, 0, 0, 0, 0, 0, 0]]",0.072
2544,0.01,5,"[[0.05, 0.08, 0.17, 0.15, 0.22, 0.07, 0.07], [0.06, 0.1, 0.12, 0.11, 0.19, 0.16, 0.05], [0.19, 0.16, 0.13, 0.06, 0.18, 0.04, 0.24], [0.15, 0.24, 0.11, 0.13, 0.14, 0.03, 0.01]]",0.13,0.22,128,"[0.86, 0.01, 0.05, 0.08]","[[0, 0, 1, 0, 2, 4, 3, 0], [0, 0, 0, 0, 0, 0, 0, 0], [0, 0, 0, 0, 0, 0, 0, 0], [0, 0, 0, 0, 0, 0, 0, 0]]",0.072
2545,0.01,7,"[[0.1, 0.1, 0.03, 0.13, 0.2, 0.08, 0.11], [0.08, 0.05, 0.11, 0.15, 0.22, 0.2, 0.17], [0.16, 0.24, 0.08, 0.04, 0.05, 0.19, 0.14], [0.1, 0.18, 0.15, 0.14, 0.18, 0.07, 0.19]]",0.13,0.17,128,"[0.36, 0.26, 0.19, 0.19]","[[0, 0, 0, 0, 0, 0, 0, 0], [0, 0, 0, 0, 0, 0, 0, 0], [0, 0, 0, 0, 0, 0, 0, 0], [0, 0, 0, 0, 0, 0, 0, 0]]",0.072
2546,0.01,5,"[[0.15, 0.17, 0.12, 0.06, 0.06, 0.22, 0.15], [0.19, 0.17, 0.21, 0.18, 0.06, 0.19, 0.04], [0.07, 0.13, 0.08, 0.09, 0.18, 0.11, 0.12], [0.16, 0.1, 0.02, 0.11, 0.21, 0.13, 0.19]]",0.13,0.21,128,"[0.09, 0.05, 0.01, 0.85]","[[0, 0, 0, 0, 0, 0, 0, 0], [0, 0, 0, 0, 0, 0, 0, 0], [0, 0, 0, 0, 0, 0, 0, 0], [0, 1, 0, 2, 0, 3, 0, 0]]",0.072
2547,0.01,2,"[[0.1, 0.1, 0.17, 0.08, 0.04, 0.09, 0.12], [0.18, 0.07, 0.12, 0.15, 0.14, 0.22, 0.18], [0.17, 0.02, 0.06, 0.16, 0.1, 0.2, 0.19], [0.23, 0.18, 0.17, 0.22, 0.21, 0.09, 0.19]]",0.13,0.07,128,"[0.21, 0.32, 0.34, 0.13]","[[0, 0, 0, 0, 0, 0, 0, 0], [0, 0, 0, 0, 0, 0, 0, 0], [0, 0, 0, 0, 0, 0, 0, 0], [0, 0, 0, 0, 0, 0, 0, 0]]",0.072
2548,0.01,3,"[[0.16, 0.11, 0.08, 0.09, 0.11, 0.11, 0.06], [0.14, 0.14, 0.15, 0.18, 0.2, 0.23, 0.09], [0.09, 0.18, 0.2, 0.13, 0.05, 0.16, 0.07], [0.08, 0.02, 0.16, 0.15, 0.1, 0.09, 0.12]]",0.13,0.2,128,"[0.08, 0.02, 0.89, 0.01]","[[0, 0, 0, 0, 0, 0, 0, 0], [0, 0, 0, 0, 0, 0, 0, 0], [0, 1, 0, 2, 0, 3, 0, 4], [0, 0, 0, 0, 0, 0, 0, 0]]",0.072
2549,0.01,3,"[[0.15, 0.08, 0.16, 0.16, 0.12, 0.04, 0.13], [0.17, 0.17, 0.2, 0.1, 0.06, 0.16, 0.12], [0.04, 0.25, 0.2, 0.11, 0.04, 0.11, 0.24], [0.15, 0.14, 0.05, 0.11, 0.22, 0.22, 0.2]]",0.13,0.2,128,"[0.01, 0.89, 0.09, 0.01]","[[0, 0, 0, 0, 0, 0, 0, 0], [0, 0, 1, 5, 2, 0, 3, 4], [0, 0, 0, 0, 0, 0, 0, 0], [0, 0, 0, 0, 0, 0, 0, 0]]",0.072
2550,0.01,7,"[[6.26, 0.19, 5.42, 8.23, 3.15, 1.79, 3.82], [4.19, 3.39, 2.75, 9.2, 5.7, 3.44, 3.56], [5.45, 5.72, 8.61, 4.63, 8.16, 8.36, 7.19], [3.14, 2.27, 7.83, 9.11, 0.69, 3.38, 9.35]]",5.0,9.35,128,"[0.1, 0.01, 0.01, 0.88]","[[0, 0, 0, 0, 0, 0, 0, 0], [0, 0, 0, 0, 0, 0, 0, 0], [0, 0, 0, 0, 0, 0, 0, 0], [0, 1, 2, 3, 4, 5, 6, 7]]",2.994
2551,0.01,2,"[[5.12, 1.51, 5.2, 6.71, 2.69, 8.45, 7.56], [1.26, 6.81, 6.02, 6.85, 3.83, 2.04, 5.15], [0.77, 1.29, 6.67, 1.6, 1.63, 0.54, 0.89], [4.2, 5.58, 3.29, 3.97, 3.54, 6.37, 4.95]]",5.0,5.58,128,"[0.21, 0.27, 0.19, 0.33]","[[0, 0, 0, 0, 0, 0, 0, 0], [0, 14, 13, 12, 11, 10, 9, 8], [0, 0, 0, 0, 0, 0, 0, 0], [0, 1, 7, 2, 6, 3, 5, 4]]",2.994
2552,0.01,2,"[[5.97, 8.23, 1.24, 7.62, 4.62, 4.29, 5.98], [8.29, 4.65, 5.55, 1.01, 2.98, 8.74, 8.92], [1.93, 2.81, 4.79, 6.01, 7.29, 6.55, 4.48], [9.09, 1.98, 6.38, 4.5, 3.08, 5.26, 4.47]]",5.0,8.23,128,"[0.86, 0.01, 0.12, 0.01]","[[0, 1, 2, 3, 4, 5, 6, 7], [0, 0, 0, 0, 0, 0, 0, 0], [0, 0, 0, 0, 0, 0, 0, 0], [0, 0, 0, 0, 0, 0, 0, 0]]",2.994
2553,0.01,6,"[[3.95, 8.96, 8.28, 6.18, 7.02, 4.65, 4.21], [7.39, 4.82, 4.44, 1.73, 7.35, 9.66, 2.04], [6.67, 2.62, 2.43, 7.24, 6.32, 7.33, 5.82], [4.75, 4.96, 2.68, 1.71, 6.22, 1.58, 9.11]]",5.0,7.33,128,"[0.25, 0.24, 0.28, 0.23]","[[0, 0, 1, 0, 5, 0, 9, 0], [0, 0, 2, 0, 6, 0, 10, 0], [0, 0, 3, 0, 7, 0, 11, 0], [0, 0, 4, 0, 8, 0, 12, 0]]",2.994
2554,0.01,5,"[[0.95, 2.78, 3.25, 5.38, 7.09, 3.77, 4.83], [7.13, 8.96, 5.39, 2.27, 8.34, 7.96, 4.55], [9.77, 5.61, 8.97, 8.09, 6.52, 2.37, 9.08], [8.52, 1.84, 1.06, 3.62, 0.7, 3.27, 0.14]]",5.0,6.52,128,"[0.85, 0.07, 0.07, 0.01]","[[0, 1, 2, 3, 4, 5, 6, 7], [0, 0, 0, 0, 0, 0, 0, 0], [0, 0, 0, 0, 0, 0, 0, 0], [0, 0, 0, 0, 0, 0, 0, 0]]",2.994
2555,0.01,7,"[[0.94, 9.58, 9.58, 1.68, 3.99, 3.26, 9.98], [7.2, 6.69, 3.6, 6.35, 1.28, 0.52, 9.84], [4.59, 4.33, 3.41, 2.69, 0.89, 3.28, 2.91], [7.61, 5.48, 8.81, 6.78, 0.6, 7.91, 3.87]]",5.0,9.84,128,"[0.01, 0.89, 0.08, 0.02]","[[0, 0, 0, 0, 0, 0, 0, 0], [0, 1, 2, 3, 4, 5, 6, 7], [0, 0, 0, 0, 0, 0, 0, 0], [0, 0, 0, 0, 0, 0, 0, 0]]",2.994
2556,0.01,2,"[[0.72, 5.25, 9.97, 4.85, 8.58, 2.57, 9.15], [5.48, 9.36, 2.36, 9.25, 3.72, 4.76, 6.74], [7.14, 7.36, 2.91, 4.13, 7.03, 8.48, 0.38], [5.84, 6.37, 7.56, 3.71, 4.02, 2.93, 0.09]]",5.0,9.36,128,"[0.03, 0.85, 0.06, 0.06]","[[0, 0, 0, 0, 0, 0, 0, 0], [0, 1, 2, 3, 4, 5, 6, 7], [0, 0, 0, 0, 0, 0, 0, 0], [0, 0, 0, 0, 0, 0, 0, 0]]",2.994
2557,0.01,1,"[[7.91, 1.03, 5.87, 7.52, 6.88, 7.18, 6.1], [5.88, 5.55, 1.78, 3.0, 4.69, 4.52, 8.75], [5.71, 1.25, 6.22, 6.17, 8.38, 7.26, 4.32], [6.4, 8.88, 5.28, 4.23, 1.08, 0.7, 3.39]]",5.0,6.4,128,"[0.3, 0.18, 0.2, 0.32]","[[0, 2, 3, 6, 7, 10, 11, 14], [0, 0, 0, 0, 0, 0, 0, 0], [0, 0, 0, 0, 0, 0, 0, 0], [0, 1, 4, 5, 8, 9, 12, 13]]",2.994
2558,0.01,4,"[[5.11, 2.17, 0.1, 9.47, 2.73, 6.4, 3.36], [4.31, 7.26, 6.36, 8.48, 2.98, 4.68, 5.77], [8.38, 2.0, 6.14, 7.53, 4.7, 1.99, 1.53], [7.09, 5.94, 3.03, 5.37, 2.51, 3.9, 2.79]]",5.0,8.48,128,"[0.31, 0.35, 0.15, 0.19]","[[0, 2, 10, 3, 11, 6, 0, 7], [0, 1, 9, 4, 12, 5, 0, 8], [0, 0, 0, 0, 0, 0, 0, 0], [0, 0, 0, 0, 0, 0, 0, 0]]",2.994
2559,0.01,4,"[[7.74, 3.22, 6.43, 3.71, 7.81, 4.87, 5.0], [6.79, 7.24, 2.38, 4.86, 3.87, 6.17, 4.92], [3.15, 9.58, 2.44, 5.2, 8.45, 2.58, 2.29], [4.2, 1.81, 5.9, 9.47, 8.69, 2.45, 6.94]]",5.0,9.47,128,"[0.15, 0.38, 0.14, 0.33]","[[0, 0, 0, 0, 0, 0, 0, 0], [0, 1, 14, 4, 11, 5, 8, 9], [0, 0, 0, 0, 0, 0, 0, 0], [0, 2, 13, 3, 12, 6, 7, 10]]",2.994
2560,0.01,6,"[[5.71, 4.0, 7.87, 3.26, 8.95, 9.97, 6.35], [4.81, 5.73, 5.74, 5.66, 5.51, 4.81, 7.59], [6.14, 5.62, 3.6, 6.94, 3.42, 3.6, 6.26], [1.09, 4.7, 1.56, 4.05, 2.65, 4.29, 5.33]]",5.0,4.29,129,"[0.02, 0.08, 0.03, 0.87]","[[0, 1, 8, 9, 13, 24, 25, 27], [0, 2, 7, 10, 14, 23, 26, 28], [0, 3, 6, 11, 15, 22, 21, 20], [0, 4, 5, 12, 16, 17, 18, 19]]",2.994
2561,0.01,4,"[[7.74, 3.22, 6.43, 3.71, 7.81, 4.87, 5.0], [6.79, 7.24, 2.38, 4.86, 3.87, 6.17, 4.92], [3.15, 9.58, 2.44, 5.2, 8.45, 2.58, 2.29], [4.2, 1.81, 5.9, 9.47, 8.69, 2.45, 6.94]]",5.0,5.2,129,"[0.15, 0.38, 0.14, 0.33]","[[0, 1, 2, 3, 4, 5, 6, 7], [0, 14, 13, 12, 11, 10, 9, 8], [0, 15, 17, 19, 21, 23, 26, 0], [0, 16, 18, 20, 22, 24, 25, 0]]",2.994
2562,0.01,4,"[[2.88, 2.6, 7.89, 4.77, 7.12, 4.23, 2.87], [3.29, 2.97, 3.82, 9.51, 9.45, 8.27, 5.42], [3.22, 3.81, 4.18, 2.52, 3.48, 3.16, 9.41], [1.89, 5.73, 6.1, 1.69, 4.58, 1.23, 3.5]]",5.0,1.69,129,"[0.2, 0.16, 0.26, 0.38]","[[0, 1, 8, 20, 9, 11, 10, 25], [0, 3, 6, 12, 15, 17, 23, 26], [0, 2, 7, 13, 16, 18, 24, 27], [0, 5, 4, 21, 14, 22, 19, 28]]",2.994
2563,0.01,4,"[[7.91, 1.03, 5.87, 7.52, 6.88, 7.18, 6.1], [5.88, 5.55, 1.78, 3.0, 4.69, 4.52, 8.75], [5.71, 1.25, 6.22, 6.17, 8.38, 7.26, 4.32], [6.4, 8.88, 5.28, 4.23, 1.08, 0.7, 3.39]]",5.0,3.0,129,"[0.3, 0.18, 0.2, 0.32]","[[0, 0, 0, 0, 0, 0, 0, 0], [0, 0, 0, 0, 0, 0, 0, 0], [0, 0, 0, 0, 0, 0, 0, 0], [0, 0, 0, 0, 0, 0, 0, 0]]",2.994
2564,0.01,3,"[[1.32, 1.79, 4.74, 6.52, 9.55, 1.49, 3.36], [2.67, 2.3, 3.39, 7.85, 3.89, 7.4, 8.55], [4.18, 0.46, 4.32, 2.27, 3.18, 8.62, 2.94], [6.02, 2.09, 4.16, 3.95, 2.34, 3.36, 2.27]]",5.0,4.32,129,"[0.16, 0.11, 0.34, 0.39]","[[0, 0, 0, 0, 0, 0, 0, 0], [0, 0, 0, 0, 0, 0, 0, 0], [0, 0, 0, 0, 0, 0, 0, 0], [0, 0, 0, 0, 0, 0, 0, 0]]",2.994
2565,0.01,3,"[[5.93, 4.61, 6.44, 6.58, 0.77, 6.66, 0.58], [1.24, 4.91, 5.63, 0.45, 3.38, 4.94, 3.12], [7.83, 1.4, 2.04, 7.87, 6.09, 6.31, 5.4], [6.34, 6.33, 4.75, 6.81, 8.3, 6.3, 9.27]]",5.0,2.04,129,"[0.01, 0.1, 0.87, 0.02]","[[0, 0, 0, 0, 0, 0, 0, 0], [0, 0, 0, 0, 0, 0, 0, 0], [0, 0, 0, 0, 0, 0, 0, 0], [0, 0, 0, 0, 0, 0, 0, 0]]",2.994
2566,0.01,6,"[[3.74, 4.35, 1.03, 5.02, 2.48, 7.72, 3.91], [9.52, 3.82, 4.46, 2.55, 5.65, 6.25, 0.76], [2.96, 5.49, 2.32, 7.63, 0.35, 8.21, 6.51], [4.09, 2.1, 9.56, 8.08, 0.89, 1.16, 4.1]]",5.0,1.16,129,"[0.04, 0.08, 0.02, 0.86]","[[0, 0, 0, 0, 0, 0, 0, 0], [0, 0, 0, 0, 0, 0, 0, 0], [0, 0, 0, 0, 0, 0, 0, 0], [0, 0, 0, 0, 0, 0, 0, 0]]",2.994
2567,0.01,7,"[[5.11, 2.17, 0.1, 9.47, 2.73, 6.4, 3.36], [4.31, 7.26, 6.36, 8.48, 2.98, 4.68, 5.77], [8.38, 2.0, 6.14, 7.53, 4.7, 1.99, 1.53], [7.09, 5.94, 3.03, 5.37, 2.51, 3.9, 2.79]]",5.0,5.77,129,"[0.31, 0.35, 0.15, 0.19]","[[0, 0, 0, 0, 0, 0, 0, 0], [0, 0, 0, 0, 0, 0, 0, 0], [0, 0, 0, 0, 0, 0, 0, 0], [0, 0, 0, 0, 0, 0, 0, 0]]",2.994
2568,0.01,3,"[[3.54, 3.18, 6.26, 3.39, 3.52, 5.47, 1.42], [3.13, 1.91, 7.14, 3.81, 4.58, 6.9, 8.39], [7.48, 1.27, 5.41, 7.63, 6.12, 1.81, 6.34], [6.09, 3.7, 4.25, 4.91, 0.8, 7.46, 7.59]]",5.0,5.41,129,"[0.04, 0.07, 0.88, 0.01]","[[0, 0, 0, 0, 0, 0, 0, 0], [0, 0, 0, 0, 0, 0, 0, 0], [0, 0, 0, 0, 0, 0, 0, 0], [0, 0, 0, 0, 0, 0, 0, 0]]",2.994
2569,0.01,5,"[[7.17, 3.46, 5.58, 3.93, 3.7, 2.49, 5.53], [9.77, 5.93, 5.47, 2.25, 8.04, 7.17, 0.39], [7.48, 1.53, 5.91, 7.74, 1.59, 6.73, 3.86], [5.1, 6.8, 2.11, 7.09, 7.57, 6.62, 8.34]]",5.0,3.7,129,"[0.88, 0.05, 0.05, 0.02]","[[0, 0, 0, 0, 0, 0, 0, 0], [0, 0, 0, 0, 0, 0, 0, 0], [0, 0, 0, 0, 0, 0, 0, 0], [0, 0, 0, 0, 0, 0, 0, 0]]",2.994
2570,0.01,5,"[[0.23, 0.06, 0.08, 0.13, 0.11, 0.05, 0.11], [0.17, 0.17, 0.17, 0.13, 0.09, 0.2, 0.07], [0.21, 0.11, 0.17, 0.05, 0.13, 0.11, 0.17], [0.16, 0.02, 0.2, 0.19, 0.23, 0.13, 0.13]]",0.13,0.09,129,"[0.24, 0.22, 0.21, 0.33]","[[0, 0, 0, 0, 0, 0, 0, 0], [0, 0, 0, 0, 0, 1, 0, 0], [0, 0, 0, 0, 0, 0, 0, 0], [0, 0, 0, 0, 0, 0, 0, 0]]",0.072
2571,0.01,4,"[[0.04, 0.14, 0.09, 0.06, 0.18, 0.1, 0.07], [0.09, 0.13, 0.01, 0.23, 0.07, 0.19, 0.05], [0.08, 0.2, 0.08, 0.21, 0.07, 0.04, 0.22], [0.12, 0.1, 0.09, 0.18, 0.18, 0.04, 0.15]]",0.13,0.18,129,"[0.05, 0.03, 0.07, 0.85]","[[0, 0, 0, 0, 0, 0, 0, 0], [0, 0, 0, 0, 0, 0, 0, 0], [0, 0, 0, 0, 0, 0, 0, 0], [0, 0, 0, 0, 0, 0, 0, 0]]",0.072
2572,0.01,4,"[[0.15, 0.17, 0.12, 0.06, 0.06, 0.22, 0.15], [0.19, 0.17, 0.21, 0.18, 0.06, 0.19, 0.04], [0.07, 0.13, 0.08, 0.09, 0.18, 0.11, 0.12], [0.16, 0.1, 0.02, 0.11, 0.21, 0.13, 0.19]]",0.13,0.11,129,"[0.09, 0.05, 0.01, 0.85]","[[0, 0, 0, 0, 0, 0, 0, 0], [0, 0, 0, 0, 0, 0, 0, 0], [0, 0, 0, 0, 0, 0, 0, 0], [0, 0, 0, 0, 0, 0, 0, 0]]",0.072
2573,0.01,3,"[[0.01, 0.19, 0.1, 0.03, 0.13, 0.15, 0.13], [0.17, 0.18, 0.07, 0.17, 0.17, 0.12, 0.12], [0.11, 0.17, 0.18, 0.22, 0.08, 0.06, 0.07], [0.12, 0.02, 0.07, 0.16, 0.17, 0.14, 0.04]]",0.13,0.07,129,"[0.3, 0.29, 0.13, 0.28]","[[0, 0, 0, 0, 0, 0, 0, 0], [0, 0, 0, 0, 0, 0, 0, 0], [0, 0, 0, 0, 0, 0, 0, 0], [0, 0, 0, 0, 0, 0, 0, 0]]",0.072
2574,0.01,5,"[[0.08, 0.23, 0.16, 0.14, 0.22, 0.12, 0.2], [0.17, 0.2, 0.03, 0.17, 0.21, 0.17, 0.07], [0.08, 0.2, 0.14, 0.22, 0.1, 0.13, 0.17], [0.07, 0.12, 0.01, 0.11, 0.05, 0.12, 0.17]]",0.13,0.22,129,"[0.86, 0.03, 0.04, 0.07]","[[0, 0, 0, 0, 0, 0, 0, 0], [0, 0, 0, 0, 0, 0, 0, 0], [0, 0, 0, 0, 0, 0, 0, 0], [0, 0, 0, 0, 0, 0, 0, 0]]",0.072
2575,0.01,7,"[[0.14, 0.07, 0.05, 0.18, 0.03, 0.01, 0.18], [0.19, 0.23, 0.07, 0.1, 0.08, 0.19, 0.2], [0.17, 0.24, 0.03, 0.21, 0.19, 0.07, 0.21], [0.14, 0.09, 0.21, 0.08, 0.19, 0.05, 0.09]]",0.13,0.18,129,"[0.15, 0.26, 0.26, 0.33]","[[0, 0, 0, 0, 0, 0, 0, 0], [0, 0, 0, 0, 0, 0, 0, 0], [0, 0, 0, 0, 0, 0, 0, 0], [0, 0, 0, 0, 0, 0, 0, 0]]",0.072
2576,0.01,7,"[[0.11, 0.13, 0.2, 0.15, 0.12, 0.07, 0.12], [0.17, 0.14, 0.08, 0.03, 0.14, 0.12, 0.21], [0.15, 0.05, 0.06, 0.08, 0.07, 0.16, 0.13], [0.11, 0.11, 0.13, 0.18, 0.08, 0.12, 0.15]]",0.13,0.13,129,"[0.11, 0.38, 0.34, 0.17]","[[0, 0, 0, 0, 0, 0, 0, 0], [0, 0, 0, 0, 0, 0, 0, 0], [0, 0, 0, 0, 0, 0, 0, 0], [0, 0, 0, 0, 0, 0, 0, 0]]",0.072
2577,0.01,1,"[[0.15, 0.08, 0.16, 0.16, 0.12, 0.04, 0.13], [0.17, 0.17, 0.2, 0.1, 0.06, 0.16, 0.12], [0.04, 0.25, 0.2, 0.11, 0.04, 0.11, 0.24], [0.15, 0.14, 0.05, 0.11, 0.22, 0.22, 0.2]]",0.13,0.17,129,"[0.01, 0.89, 0.09, 0.01]","[[0, 0, 0, 0, 0, 0, 0, 0], [0, 0, 0, 0, 0, 0, 0, 0], [0, 0, 0, 0, 0, 0, 0, 0], [0, 0, 0, 0, 0, 0, 0, 0]]",0.072
2578,0.01,7,"[[0.11, 0.22, 0.08, 0.2, 0.14, 0.03, 0.13], [0.17, 0.02, 0.02, 0.09, 0.21, 0.16, 0.15], [0.09, 0.18, 0.16, 0.17, 0.05, 0.09, 0.1], [0.18, 0.05, 0.09, 0.19, 0.24, 0.18, 0.12]]",0.13,0.15,129,"[0.33, 0.18, 0.11, 0.38]","[[0, 0, 0, 0, 0, 0, 0, 0], [0, 0, 0, 0, 0, 0, 0, 0], [0, 0, 0, 0, 0, 0, 0, 0], [0, 0, 0, 0, 0, 0, 0, 0]]",0.072
2579,0.01,3,"[[0.15, 0.08, 0.15, 0.12, 0.15, 0.08, 0.22], [0.12, 0.2, 0.22, 0.16, 0.25, 0.12, 0.11], [0.19, 0.22, 0.15, 0.08, 0.12, 0.14, 0.2], [0.21, 0.16, 0.09, 0.16, 0.22, 0.15, 0.19]]",0.13,0.15,129,"[0.05, 0.07, 0.86, 0.02]","[[0, 0, 0, 0, 0, 0, 0, 0], [0, 0, 0, 0, 0, 0, 0, 0], [0, 0, 0, 0, 0, 0, 0, 0], [0, 0, 0, 0, 0, 0, 0, 0]]",0.072
2580,0.01,1,"[[0.22, 0.12, 0.18, 0.2, 0.04, 0.04, 0.16], [0.19, 0.18, 0.17, 0.17, 0.18, 0.2, 0.15], [0.03, 0.13, 0.18, 0.12, 0.17, 0.16, 0.08], [0.21, 0.09, 0.16, 0.11, 0.25, 0.1, 0.16]]",0.13,0.21,130,"[0.34, 0.12, 0.22, 0.32]","[[0, 1, 0, 0, 0, 0, 0, 0], [0, 0, 0, 0, 0, 0, 2, 0], [0, 0, 0, 0, 0, 0, 0, 0], [0, 0, 0, 0, 0, 0, 0, 0]]",0.072
2581,0.01,7,"[[0.06, 0.11, 0.17, 0.23, 0.15, 0.14, 0.21], [0.16, 0.17, 0.08, 0.04, 0.07, 0.21, 0.12], [0.2, 0.19, 0.13, 0.12, 0.17, 0.2, 0.16], [0.1, 0.1, 0.12, 0.16, 0.01, 0.17, 0.09]]",0.13,0.21,130,"[0.23, 0.25, 0.3, 0.22]","[[0, 0, 0, 0, 0, 1, 0, 0], [0, 2, 0, 0, 0, 0, 0, 0], [0, 0, 0, 0, 0, 0, 0, 0], [0, 0, 0, 0, 0, 0, 0, 0]]",0.072
2582,0.01,5,"[[0.12, 0.04, 0.15, 0.03, 0.12, 0.21, 0.16], [0.15, 0.15, 0.1, 0.11, 0.22, 0.11, 0.06], [0.06, 0.07, 0.19, 0.11, 0.05, 0.07, 0.16], [0.05, 0.12, 0.14, 0.09, 0.12, 0.13, 0.02]]",0.13,0.05,130,"[0.04, 0.05, 0.89, 0.02]","[[0, 0, 0, 0, 0, 0, 0, 0], [0, 0, 1, 0, 0, 2, 0, 0], [0, 0, 0, 0, 0, 0, 0, 0], [0, 0, 0, 0, 0, 0, 0, 0]]",0.072
2583,0.01,4,"[[0.04, 0.14, 0.09, 0.06, 0.18, 0.1, 0.07], [0.09, 0.13, 0.01, 0.23, 0.07, 0.19, 0.05], [0.08, 0.2, 0.08, 0.21, 0.07, 0.04, 0.22], [0.12, 0.1, 0.09, 0.18, 0.18, 0.04, 0.15]]",0.13,0.18,130,"[0.05, 0.03, 0.07, 0.85]","[[0, 4, 0, 0, 0, 0, 0, 0], [0, 0, 0, 0, 1, 0, 0, 0], [0, 0, 0, 0, 0, 0, 3, 0], [0, 0, 2, 0, 0, 0, 0, 0]]",0.072
2584,0.01,6,"[[0.11, 0.22, 0.08, 0.2, 0.14, 0.03, 0.13], [0.17, 0.02, 0.02, 0.09, 0.21, 0.16, 0.15], [0.09, 0.18, 0.16, 0.17, 0.05, 0.09, 0.1], [0.18, 0.05, 0.09, 0.19, 0.24, 0.18, 0.12]]",0.13,0.03,130,"[0.33, 0.18, 0.11, 0.38]","[[0, 0, 0, 0, 0, 0, 0, 0], [0, 1, 0, 0, 0, 0, 0, 0], [0, 0, 0, 0, 0, 0, 0, 0], [0, 0, 0, 0, 2, 0, 0, 0]]",0.072
2585,0.01,6,"[[0.08, 0.08, 0.03, 0.08, 0.06, 0.11, 0.11], [0.21, 0.12, 0.16, 0.16, 0.17, 0.12, 0.08], [0.24, 0.22, 0.1, 0.12, 0.06, 0.2, 0.05], [0.13, 0.19, 0.1, 0.18, 0.14, 0.09, 0.16]]",0.13,0.09,130,"[0.12, 0.34, 0.21, 0.33]","[[0, 0, 0, 0, 0, 0, 0, 0], [0, 0, 1, 0, 3, 4, 0, 0], [0, 0, 0, 0, 0, 0, 5, 2], [0, 0, 0, 0, 0, 0, 0, 0]]",0.072
2586,0.01,2,"[[0.08, 0.23, 0.16, 0.14, 0.22, 0.12, 0.2], [0.17, 0.2, 0.03, 0.17, 0.21, 0.17, 0.07], [0.08, 0.2, 0.14, 0.22, 0.1, 0.13, 0.17], [0.07, 0.12, 0.01, 0.11, 0.05, 0.12, 0.17]]",0.13,0.23,130,"[0.86, 0.03, 0.04, 0.07]","[[0, 0, 0, 0, 3, 0, 0, 0], [0, 0, 0, 0, 0, 0, 0, 0], [0, 1, 0, 0, 0, 0, 0, 0], [0, 0, 0, 0, 0, 0, 0, 2]]",0.072
2587,0.01,3,"[[0.15, 0.06, 0.09, 0.11, 0.16, 0.04, 0.14], [0.13, 0.19, 0.06, 0.21, 0.14, 0.09, 0.14], [0.16, 0.13, 0.11, 0.14, 0.1, 0.12, 0.12], [0.2, 0.09, 0.2, 0.06, 0.12, 0.09, 0.16]]",0.13,0.11,130,"[0.08, 0.04, 0.87, 0.01]","[[0, 0, 0, 0, 0, 0, 0, 0], [0, 0, 1, 0, 0, 0, 0, 0], [0, 0, 0, 0, 0, 0, 0, 0], [0, 0, 0, 3, 0, 0, 2, 0]]",0.072
2588,0.01,7,"[[0.06, 0.1, 0.22, 0.17, 0.09, 0.03, 0.08], [0.24, 0.07, 0.1, 0.11, 0.11, 0.15, 0.16], [0.04, 0.05, 0.2, 0.13, 0.03, 0.1, 0.19], [0.2, 0.09, 0.17, 0.15, 0.2, 0.1, 0.15]]",0.13,0.15,130,"[0.01, 0.1, 0.04, 0.85]","[[0, 1, 0, 0, 0, 0, 0, 0], [0, 0, 0, 0, 3, 0, 0, 0], [0, 2, 0, 0, 0, 0, 0, 4], [0, 0, 0, 0, 0, 0, 0, 0]]",0.072
2589,0.01,1,"[[0.14, 0.12, 0.08, 0.02, 0.14, 0.19, 0.09], [0.2, 0.01, 0.13, 0.03, 0.11, 0.06, 0.23], [0.19, 0.12, 0.16, 0.15, 0.16, 0.07, 0.21], [0.09, 0.14, 0.24, 0.12, 0.1, 0.2, 0.16]]",0.13,0.09,130,"[0.36, 0.17, 0.12, 0.35]","[[0, 0, 0, 0, 2, 0, 0, 0], [0, 3, 0, 0, 0, 0, 0, 0], [0, 0, 0, 0, 0, 0, 1, 0], [0, 0, 0, 0, 0, 0, 0, 0]]",0.072
2590,0.01,4,"[[5.63, 2.91, 6.84, 6.5, 2.65, 5.91, 4.09], [5.16, 0.83, 2.41, 5.99, 6.15, 3.67, 6.12], [5.67, 9.08, 3.93, 7.57, 5.62, 2.51, 2.61], [4.59, 1.2, 4.42, 1.16, 8.17, 8.27, 1.11]]",5.0,6.5,130,"[0.14, 0.34, 0.35, 0.17]","[[0, 1, 0, 0, 0, 0, 0, 0], [0, 0, 0, 0, 0, 2, 0, 0], [0, 0, 0, 0, 3, 0, 0, 0], [0, 0, 0, 0, 0, 0, 0, 0]]",2.994
2591,0.01,3,"[[7.04, 7.27, 1.99, 4.87, 6.53, 6.34, 1.47], [5.29, 2.16, 9.06, 4.67, 7.92, 5.41, 7.56], [6.95, 5.35, 1.7, 4.81, 6.84, 1.21, 8.92], [6.63, 5.53, 4.35, 1.42, 5.69, 5.92, 4.12]]",5.0,9.06,130,"[0.07, 0.87, 0.03, 0.03]","[[0, 0, 0, 0, 0, 0, 0, 0], [0, 0, 0, 3, 0, 2, 0, 0], [0, 0, 0, 0, 0, 0, 0, 0], [0, 1, 0, 0, 0, 0, 0, 0]]",2.994
2592,0.01,4,"[[3.25, 0.97, 8.64, 8.18, 2.13, 6.22, 0.77], [5.88, 7.57, 5.25, 3.43, 6.13, 3.52, 3.61], [5.54, 4.65, 8.68, 9.8, 7.31, 3.42, 4.37], [7.14, 2.83, 7.59, 3.91, 6.6, 1.41, 1.96]]",5.0,3.91,130,"[0.06, 0.03, 0.01, 0.9]","[[0, 0, 0, 0, 0, 0, 0, 0], [0, 0, 2, 0, 0, 0, 0, 0], [0, 0, 0, 0, 3, 0, 0, 0], [0, 0, 0, 0, 0, 0, 0, 1]]",2.994
2593,0.01,2,"[[5.11, 2.17, 0.1, 9.47, 2.73, 6.4, 3.36], [4.31, 7.26, 6.36, 8.48, 2.98, 4.68, 5.77], [8.38, 2.0, 6.14, 7.53, 4.7, 1.99, 1.53], [7.09, 5.94, 3.03, 5.37, 2.51, 3.9, 2.79]]",5.0,5.94,130,"[0.31, 0.35, 0.15, 0.19]","[[0, 0, 0, 0, 0, 4, 0, 0], [0, 0, 0, 0, 0, 2, 0, 0], [0, 0, 0, 3, 0, 0, 0, 0], [0, 0, 0, 0, 0, 0, 0, 1]]",2.994
2594,0.01,6,"[[1.63, 4.7, 3.32, 2.64, 8.47, 3.24, 4.54], [8.67, 5.47, 1.74, 1.77, 1.06, 7.43, 3.25], [4.05, 4.33, 1.96, 6.68, 6.28, 9.52, 7.64], [3.95, 5.24, 1.85, 2.91, 0.64, 2.21, 1.85]]",5.0,7.43,130,"[0.05, 0.89, 0.05, 0.01]","[[0, 0, 0, 0, 0, 0, 0, 0], [0, 0, 0, 0, 0, 3, 0, 0], [0, 2, 0, 4, 0, 0, 0, 0], [0, 0, 0, 0, 0, 0, 0, 1]]",2.994
2595,0.01,1,"[[7.91, 1.03, 5.87, 7.52, 6.88, 7.18, 6.1], [5.88, 5.55, 1.78, 3.0, 4.69, 4.52, 8.75], [5.71, 1.25, 6.22, 6.17, 8.38, 7.26, 4.32], [6.4, 8.88, 5.28, 4.23, 1.08, 0.7, 3.39]]",5.0,7.91,130,"[0.3, 0.18, 0.2, 0.32]","[[0, 1, 0, 0, 0, 0, 0, 0], [0, 0, 0, 0, 0, 0, 0, 0], [0, 0, 0, 3, 0, 0, 0, 0], [0, 0, 0, 0, 0, 0, 0, 2]]",2.994
2596,0.01,5,"[[2.54, 7.44, 2.24, 4.32, 2.76, 9.01, 8.48], [1.82, 8.34, 6.23, 3.89, 6.94, 3.11, 6.18], [7.6, 3.71, 5.31, 9.83, 1.09, 3.87, 7.81], [7.76, 7.0, 2.77, 7.48, 3.83, 0.31, 3.13]]",5.0,3.83,130,"[0.04, 0.07, 0.03, 0.86]","[[0, 1, 0, 0, 0, 0, 0, 0], [0, 0, 0, 0, 0, 3, 0, 0], [0, 0, 0, 2, 0, 0, 0, 0], [0, 4, 0, 0, 0, 0, 0, 0]]",2.994
2597,0.01,2,"[[1.92, 6.77, 0.18, 0.58, 7.09, 4.34, 4.61], [2.63, 2.6, 4.89, 2.52, 8.42, 2.23, 4.37], [6.54, 7.27, 4.71, 3.86, 8.83, 4.81, 5.31], [5.47, 8.91, 3.37, 8.65, 6.85, 1.47, 5.12]]",5.0,7.27,130,"[0.31, 0.2, 0.17, 0.32]","[[0, 0, 5, 0, 0, 4, 0, 0], [0, 0, 0, 2, 0, 0, 3, 0], [0, 7, 6, 0, 0, 0, 0, 0], [0, 0, 0, 0, 0, 0, 0, 1]]",2.994
2598,0.01,3,"[[4.41, 7.98, 5.03, 0.94, 6.07, 7.96, 3.08], [7.18, 6.38, 1.11, 4.77, 7.21, 4.82, 4.9], [5.63, 7.2, 7.79, 1.19, 2.56, 6.05, 3.13], [2.67, 2.05, 5.91, 4.15, 9.55, 4.46, 9.22]]",5.0,5.91,130,"[0.04, 0.02, 0.05, 0.89]","[[0, 1, 0, 3, 0, 0, 0, 0], [0, 0, 0, 0, 0, 0, 0, 0], [0, 0, 0, 2, 0, 0, 0, 0], [0, 0, 0, 0, 0, 0, 0, 0]]",2.994
2599,0.01,2,"[[7.29, 4.26, 4.93, 3.96, 3.34, 8.54, 6.49], [0.79, 3.44, 2.71, 8.71, 2.86, 7.09, 3.94], [9.61, 8.74, 7.3, 3.82, 1.83, 1.17, 5.37], [2.04, 1.98, 8.39, 1.63, 1.8, 1.97, 7.71]]",5.0,4.26,130,"[0.21, 0.28, 0.29, 0.22]","[[0, 0, 1, 0, 7, 0, 0, 0], [0, 13, 12, 0, 3, 8, 0, 5], [0, 0, 11, 2, 10, 0, 0, 0], [0, 0, 14, 0, 6, 0, 9, 4]]",2.994
2600,0.01,5,"[[0.11, 0.22, 0.08, 0.2, 0.14, 0.03, 0.13], [0.17, 0.02, 0.02, 0.09, 0.21, 0.16, 0.15], [0.09, 0.18, 0.16, 0.17, 0.05, 0.09, 0.1], [0.18, 0.05, 0.09, 0.19, 0.24, 0.18, 0.12]]",0.13,0.05,131,"[0.33, 0.18, 0.11, 0.38]","[[0, 11, 0, 0, 9, 8, 10, 0], [0, 0, 0, 0, 0, 0, 0, 0], [0, 0, 0, 0, 0, 0, 0, 0], [0, 1, 2, 3, 4, 5, 6, 7]]",0.072
2601,0.01,7,"[[0.12, 0.17, 0.14, 0.13, 0.11, 0.07, 0.23], [0.21, 0.03, 0.18, 0.17, 0.22, 0.07, 0.12], [0.06, 0.15, 0.14, 0.1, 0.11, 0.15, 0.22], [0.13, 0.03, 0.18, 0.17, 0.07, 0.25, 0.1]]",0.13,0.23,131,"[0.39, 0.18, 0.15, 0.28]","[[0, 1, 2, 3, 4, 5, 6, 7], [0, 0, 0, 0, 0, 0, 0, 0], [0, 0, 0, 0, 0, 0, 0, 0], [0, 0, 0, 0, 0, 0, 0, 0]]",0.072
2602,0.01,3,"[[0.14, 0.16, 0.16, 0.21, 0.14, 0.04, 0.08], [0.06, 0.2, 0.17, 0.04, 0.15, 0.07, 0.15], [0.13, 0.19, 0.14, 0.02, 0.08, 0.23, 0.1], [0.15, 0.03, 0.13, 0.07, 0.13, 0.07, 0.19]]",0.13,0.16,131,"[0.26, 0.28, 0.24, 0.22]","[[0, 0, 2, 9, 4, 0, 6, 0], [0, 1, 0, 3, 8, 5, 0, 7], [0, 0, 0, 0, 0, 0, 0, 0], [0, 0, 0, 0, 0, 0, 0, 0]]",0.072
2603,0.01,7,"[[0.16, 0.21, 0.19, 0.12, 0.21, 0.05, 0.2], [0.14, 0.1, 0.04, 0.07, 0.08, 0.16, 0.22], [0.03, 0.17, 0.22, 0.13, 0.04, 0.22, 0.12], [0.16, 0.14, 0.16, 0.16, 0.18, 0.13, 0.14]]",0.13,0.22,131,"[0.06, 0.89, 0.04, 0.01]","[[0, 0, 0, 0, 0, 0, 0, 0], [0, 1, 2, 3, 4, 5, 6, 7], [0, 0, 0, 0, 0, 0, 0, 0], [0, 0, 0, 0, 0, 0, 0, 0]]",0.072
2604,0.01,7,"[[0.19, 0.11, 0.24, 0.23, 0.21, 0.14, 0.16], [0.12, 0.1, 0.02, 0.19, 0.1, 0.08, 0.14], [0.05, 0.21, 0.07, 0.2, 0.09, 0.02, 0.23], [0.09, 0.04, 0.09, 0.14, 0.18, 0.2, 0.23]]",0.13,0.23,131,"[0.03, 0.01, 0.92, 0.04]","[[0, 0, 0, 0, 0, 0, 0, 0], [0, 0, 0, 0, 0, 0, 0, 0], [0, 1, 2, 3, 4, 5, 6, 7], [0, 0, 0, 0, 0, 0, 0, 0]]",0.072
2605,0.01,5,"[[0.05, 0.08, 0.17, 0.15, 0.22, 0.07, 0.07], [0.06, 0.1, 0.12, 0.11, 0.19, 0.16, 0.05], [0.19, 0.16, 0.13, 0.06, 0.18, 0.04, 0.24], [0.15, 0.24, 0.11, 0.13, 0.14, 0.03, 0.01]]",0.13,0.22,131,"[0.86, 0.01, 0.05, 0.08]","[[0, 1, 0, 5, 0, 4, 3, 2], [0, 0, 0, 0, 0, 0, 0, 0], [0, 0, 0, 0, 0, 0, 0, 0], [0, 0, 0, 0, 0, 0, 0, 0]]",0.072
2606,0.01,5,"[[0.14, 0.12, 0.08, 0.02, 0.14, 0.19, 0.09], [0.2, 0.01, 0.13, 0.03, 0.11, 0.06, 0.23], [0.19, 0.12, 0.16, 0.15, 0.16, 0.07, 0.21], [0.09, 0.14, 0.24, 0.12, 0.1, 0.2, 0.16]]",0.13,0.14,131,"[0.36, 0.17, 0.12, 0.35]","[[0, 2, 0, 8, 5, 7, 0, 3], [0, 0, 0, 0, 0, 0, 0, 0], [0, 0, 0, 0, 0, 0, 0, 0], [0, 1, 0, 0, 6, 0, 0, 4]]",0.072
2607,0.01,3,"[[0.02, 0.1, 0.05, 0.19, 0.09, 0.05, 0.06], [0.03, 0.12, 0.22, 0.08, 0.02, 0.07, 0.12], [0.18, 0.19, 0.1, 0.18, 0.18, 0.13, 0.15], [0.08, 0.17, 0.23, 0.11, 0.13, 0.16, 0.07]]",0.13,0.23,131,"[0.06, 0.06, 0.03, 0.85]","[[0, 0, 0, 0, 0, 0, 0, 0], [0, 0, 0, 0, 0, 0, 0, 0], [0, 0, 0, 0, 0, 0, 0, 0], [0, 1, 0, 5, 2, 4, 0, 3]]",0.072
2608,0.01,4,"[[0.09, 0.06, 0.16, 0.11, 0.12, 0.22, 0.04], [0.11, 0.19, 0.13, 0.18, 0.2, 0.12, 0.12], [0.11, 0.08, 0.15, 0.06, 0.15, 0.13, 0.16], [0.08, 0.15, 0.2, 0.17, 0.24, 0.04, 0.12]]",0.13,0.11,131,"[0.15, 0.32, 0.21, 0.32]","[[0, 0, 0, 0, 0, 0, 0, 0], [0, 2, 0, 0, 6, 0, 0, 3], [0, 0, 0, 0, 0, 0, 0, 0], [0, 1, 0, 0, 5, 0, 0, 4]]",0.072
2609,0.01,5,"[[0.08, 0.23, 0.16, 0.14, 0.22, 0.12, 0.2], [0.17, 0.2, 0.03, 0.17, 0.21, 0.17, 0.07], [0.08, 0.2, 0.14, 0.22, 0.1, 0.13, 0.17], [0.07, 0.12, 0.01, 0.11, 0.05, 0.12, 0.17]]",0.13,0.22,131,"[0.86, 0.03, 0.04, 0.07]","[[0, 1, 0, 0, 2, 4, 0, 3], [0, 0, 0, 0, 0, 0, 0, 0], [0, 0, 0, 0, 0, 0, 0, 0], [0, 0, 0, 0, 0, 0, 0, 0]]",0.072
2610,0.01,7,"[[6.26, 0.19, 5.42, 8.23, 3.15, 1.79, 3.82], [4.19, 3.39, 2.75, 9.2, 5.7, 3.44, 3.56], [5.45, 5.72, 8.61, 4.63, 8.16, 8.36, 7.19], [3.14, 2.27, 7.83, 9.11, 0.69, 3.38, 9.35]]",5.0,9.35,131,"[0.1, 0.01, 0.01, 0.88]","[[0, 0, 0, 0, 0, 0, 0, 0], [0, 0, 0, 0, 0, 0, 0, 0], [0, 0, 0, 0, 0, 0, 0, 0], [0, 1, 0, 0, 3, 0, 0, 2]]",2.994
2611,0.01,4,"[[7.74, 3.22, 6.43, 3.71, 7.81, 4.87, 5.0], [6.79, 7.24, 2.38, 4.86, 3.87, 6.17, 4.92], [3.15, 9.58, 2.44, 5.2, 8.45, 2.58, 2.29], [4.2, 1.81, 5.9, 9.47, 8.69, 2.45, 6.94]]",5.0,3.71,131,"[0.15, 0.38, 0.14, 0.33]","[[0, 0, 0, 0, 0, 0, 0, 0], [0, 1, 8, 7, 3, 6, 10, 2], [0, 0, 0, 0, 0, 0, 0, 0], [0, 4, 9, 0, 5, 0, 11, 0]]",2.994
2612,0.01,1,"[[7.91, 1.03, 5.87, 7.52, 6.88, 7.18, 6.1], [5.88, 5.55, 1.78, 3.0, 4.69, 4.52, 8.75], [5.71, 1.25, 6.22, 6.17, 8.38, 7.26, 4.32], [6.4, 8.88, 5.28, 4.23, 1.08, 0.7, 3.39]]",5.0,7.91,131,"[0.3, 0.18, 0.2, 0.32]","[[0, 0, 0, 0, 0, 0, 0, 0], [0, 12, 13, 11, 0, 0, 0, 0], [0, 9, 8, 10, 0, 0, 0, 0], [0, 1, 7, 6, 2, 5, 4, 3]]",2.994
2613,0.01,3,"[[3.25, 0.97, 8.64, 8.18, 2.13, 6.22, 0.77], [5.88, 7.57, 5.25, 3.43, 6.13, 3.52, 3.61], [5.54, 4.65, 8.68, 9.8, 7.31, 3.42, 4.37], [7.14, 2.83, 7.59, 3.91, 6.6, 1.41, 1.96]]",5.0,7.59,131,"[0.06, 0.03, 0.01, 0.9]","[[0, 0, 0, 0, 0, 0, 0, 0], [0, 0, 0, 0, 0, 0, 0, 0], [0, 0, 0, 0, 0, 0, 0, 0], [0, 1, 6, 7, 2, 5, 4, 3]]",2.994
2614,0.01,5,"[[6.19, 1.85, 1.16, 4.28, 2.66, 3.25, 7.93], [4.16, 3.03, 5.34, 3.93, 5.82, 4.05, 2.14], [6.53, 8.89, 6.73, 7.28, 2.75, 0.6, 4.09], [4.95, 6.55, 6.81, 6.9, 1.07, 2.2, 5.26]]",5.0,5.82,131,"[0.03, 0.86, 0.04, 0.07]","[[0, 0, 0, 0, 0, 0, 0, 0], [0, 1, 2, 7, 4, 6, 5, 3], [0, 0, 0, 0, 0, 0, 0, 0], [0, 0, 0, 0, 0, 0, 0, 0]]",2.994
2615,0.01,2,"[[5.97, 8.23, 1.24, 7.62, 4.62, 4.29, 5.98], [8.29, 4.65, 5.55, 1.01, 2.98, 8.74, 8.92], [1.93, 2.81, 4.79, 6.01, 7.29, 6.55, 4.48], [9.09, 1.98, 6.38, 4.5, 3.08, 5.26, 4.47]]",5.0,8.23,131,"[0.86, 0.01, 0.12, 0.01]","[[0, 1, 7, 5, 2, 4, 6, 3], [0, 0, 0, 0, 0, 0, 0, 0], [0, 0, 0, 0, 0, 0, 0, 0], [0, 0, 0, 0, 0, 0, 0, 0]]",2.994
2616,0.01,4,"[[8.51, 2.86, 5.22, 3.29, 7.8, 7.12, 2.91], [7.85, 5.63, 4.76, 5.73, 4.36, 4.99, 0.21], [1.1, 2.64, 4.86, 7.57, 7.15, 0.31, 2.34], [6.38, 5.91, 3.08, 6.0, 7.58, 3.85, 6.26]]",5.0,5.73,131,"[0.19, 0.32, 0.23, 0.26]","[[0, 0, 0, 0, 9, 0, 0, 0], [0, 1, 0, 0, 2, 0, 0, 3], [0, 6, 0, 0, 8, 0, 0, 0], [0, 5, 4, 0, 7, 0, 0, 0]]",2.994
2617,0.01,4,"[[2.09, 7.52, 9.74, 6.72, 2.88, 5.9, 5.87], [6.25, 4.49, 6.66, 2.68, 2.62, 7.58, 4.86], [0.33, 4.49, 3.44, 6.0, 4.73, 0.87, 2.63], [7.63, 1.46, 3.24, 5.72, 7.53, 7.25, 3.01]]",5.0,6.72,131,"[0.34, 0.23, 0.2, 0.23]","[[0, 1, 0, 0, 2, 0, 0, 3], [0, 0, 0, 0, 4, 0, 0, 5], [0, 0, 0, 0, 9, 0, 0, 8], [0, 0, 0, 0, 7, 0, 0, 6]]",2.994
2618,0.01,1,"[[2.54, 7.44, 2.24, 4.32, 2.76, 9.01, 8.48], [1.82, 8.34, 6.23, 3.89, 6.94, 3.11, 6.18], [7.6, 3.71, 5.31, 9.83, 1.09, 3.87, 7.81], [7.76, 7.0, 2.77, 7.48, 3.83, 0.31, 3.13]]",5.0,7.76,131,"[0.04, 0.07, 0.03, 0.86]","[[0, 0, 0, 0, 0, 0, 0, 0], [0, 0, 0, 0, 0, 0, 0, 0], [0, 0, 0, 0, 0, 0, 0, 0], [0, 1, 7, 6, 2, 4, 5, 3]]",2.994
2619,0.01,7,"[[5.12, 1.51, 5.2, 6.71, 2.69, 8.45, 7.56], [1.26, 6.81, 6.02, 6.85, 3.83, 2.04, 5.15], [0.77, 1.29, 6.67, 1.6, 1.63, 0.54, 0.89], [4.2, 5.58, 3.29, 3.97, 3.54, 6.37, 4.95]]",5.0,0.89,131,"[0.21, 0.27, 0.19, 0.33]","[[0, 0, 0, 0, 0, 0, 0, 0], [0, 4, 0, 0, 0, 0, 9, 5], [0, 0, 0, 0, 0, 0, 10, 6], [0, 1, 0, 7, 2, 0, 8, 3]]",2.994
2620,0.0,3,"[[0.12, 0.04, 0.15, 0.03, 0.12, 0.21, 0.16], [0.15, 0.15, 0.1, 0.11, 0.22, 0.11, 0.06], [0.06, 0.07, 0.19, 0.11, 0.05, 0.07, 0.16], [0.05, 0.12, 0.14, 0.09, 0.12, 0.13, 0.02]]",0.13,0.19,132,"[0.04, 0.05, 0.89, 0.02]","[[0, 1, 15, 22, 23, 5, 6, 8], [0, 13, 14, 21, 20, 4, 7, 9], [0, 12, 16, 18, 19, 26, 3, 10], [0, 11, 17, 24, 25, 27, 28, 2]]",0.072
2621,0.0,3,"[[0.15, 0.08, 0.16, 0.16, 0.12, 0.04, 0.13], [0.17, 0.17, 0.2, 0.1, 0.06, 0.16, 0.12], [0.04, 0.25, 0.2, 0.11, 0.04, 0.11, 0.24], [0.15, 0.14, 0.05, 0.11, 0.22, 0.22, 0.2]]",0.13,0.2,132,"[0.01, 0.89, 0.09, 0.01]","[[0, 1, 28, 21, 20, 13, 11, 7], [0, 2, 27, 22, 19, 14, 12, 8], [0, 3, 26, 23, 18, 15, 10, 6], [0, 4, 25, 24, 17, 16, 9, 5]]",0.072
2622,0.0,4,"[[0.2, 0.21, 0.23, 0.23, 0.18, 0.14, 0.22], [0.2, 0.22, 0.22, 0.25, 0.05, 0.12, 0.09], [0.02, 0.05, 0.07, 0.23, 0.14, 0.19, 0.02], [0.12, 0.1, 0.13, 0.23, 0.18, 0.06, 0.24]]",0.13,0.23,132,"[0.08, 0.03, 0.87, 0.02]","[[0, 1, 0, 0, 15, 0, 17, 0], [0, 6, 2, 0, 14, 0, 16, 0], [0, 9, 7, 3, 10, 11, 12, 13], [0, 0, 8, 5, 4, 0, 18, 0]]",0.072
2623,0.0,2,"[[0.06, 0.22, 0.11, 0.12, 0.13, 0.09, 0.18], [0.2, 0.17, 0.05, 0.09, 0.17, 0.16, 0.24], [0.14, 0.03, 0.23, 0.14, 0.04, 0.13, 0.18], [0.16, 0.1, 0.17, 0.16, 0.14, 0.04, 0.05]]",0.13,0.22,132,"[0.87, 0.02, 0.1, 0.01]","[[0, 1, 2, 3, 4, 5, 6, 7], [0, 0, 16, 0, 0, 15, 0, 0], [0, 8, 9, 10, 11, 12, 13, 14], [0, 0, 0, 0, 0, 0, 0, 0]]",0.072
2624,0.0,1,"[[0.08, 0.08, 0.03, 0.08, 0.06, 0.11, 0.11], [0.21, 0.12, 0.16, 0.16, 0.17, 0.12, 0.08], [0.24, 0.22, 0.1, 0.12, 0.06, 0.2, 0.05], [0.13, 0.19, 0.1, 0.18, 0.14, 0.09, 0.16]]",0.13,0.24,132,"[0.12, 0.34, 0.21, 0.33]","[[0, 0, 0, 0, 0, 0, 0, 0], [0, 1, 2, 3, 4, 7, 5, 6], [0, 15, 16, 17, 18, 21, 19, 20], [0, 8, 9, 10, 11, 12, 13, 14]]",0.072
2625,0.0,1,"[[0.18, 0.08, 0.14, 0.2, 0.12, 0.1, 0.1], [0.1, 0.05, 0.2, 0.13, 0.11, 0.09, 0.04], [0.15, 0.11, 0.22, 0.09, 0.14, 0.12, 0.12], [0.17, 0.01, 0.14, 0.05, 0.14, 0.07, 0.08]]",0.13,0.15,132,"[0.3, 0.22, 0.27, 0.21]","[[0, 1, 2, 3, 4, 5, 6, 7], [0, 17, 0, 0, 15, 0, 0, 0], [0, 8, 9, 10, 11, 13, 12, 14], [0, 18, 0, 0, 16, 0, 0, 0]]",0.072
2626,0.0,3,"[[0.16, 0.11, 0.08, 0.09, 0.11, 0.11, 0.06], [0.14, 0.14, 0.15, 0.18, 0.2, 0.23, 0.09], [0.09, 0.18, 0.2, 0.13, 0.05, 0.16, 0.07], [0.08, 0.02, 0.16, 0.15, 0.1, 0.09, 0.12]]",0.13,0.2,132,"[0.08, 0.02, 0.89, 0.01]","[[0, 0, 11, 10, 0, 0, 12, 0], [0, 0, 0, 9, 0, 0, 0, 0], [0, 1, 2, 3, 4, 5, 6, 7], [0, 0, 0, 8, 0, 0, 0, 0]]",0.072
2627,0.0,7,"[[0.12, 0.17, 0.14, 0.13, 0.11, 0.07, 0.23], [0.21, 0.03, 0.18, 0.17, 0.22, 0.07, 0.12], [0.06, 0.15, 0.14, 0.1, 0.11, 0.15, 0.22], [0.13, 0.03, 0.18, 0.17, 0.07, 0.25, 0.1]]",0.13,0.23,132,"[0.39, 0.18, 0.15, 0.28]","[[0, 1, 3, 2, 4, 5, 6, 7], [0, 0, 15, 0, 0, 0, 0, 17], [0, 0, 16, 0, 0, 0, 0, 18], [0, 8, 9, 10, 11, 12, 13, 14]]",0.072
2628,0.0,4,"[[0.16, 0.14, 0.08, 0.14, 0.11, 0.13, 0.09], [0.19, 0.11, 0.19, 0.08, 0.11, 0.19, 0.13], [0.21, 0.23, 0.11, 0.11, 0.1, 0.18, 0.03], [0.04, 0.14, 0.12, 0.13, 0.05, 0.04, 0.05]]",0.13,0.14,132,"[0.31, 0.22, 0.18, 0.29]","[[0, 1, 2, 3, 4, 5, 6, 7], [0, 16, 19, 0, 17, 0, 22, 0], [0, 15, 20, 0, 18, 0, 21, 0], [0, 14, 13, 12, 11, 10, 9, 8]]",0.072
2629,0.0,1,"[[0.19, 0.12, 0.08, 0.18, 0.08, 0.2, 0.22], [0.05, 0.04, 0.19, 0.18, 0.18, 0.05, 0.1], [0.21, 0.13, 0.15, 0.13, 0.16, 0.15, 0.08], [0.19, 0.06, 0.09, 0.07, 0.04, 0.2, 0.08]]",0.13,0.19,132,"[0.16, 0.28, 0.23, 0.33]","[[0, 0, 0, 0, 0, 0, 0, 0], [0, 8, 12, 14, 13, 15, 9, 16], [0, 10, 0, 0, 0, 0, 11, 0], [0, 1, 2, 3, 4, 5, 6, 7]]",0.072
2630,0.0,1,"[[1.63, 4.7, 3.32, 2.64, 8.47, 3.24, 4.54], [8.67, 5.47, 1.74, 1.77, 1.06, 7.43, 3.25], [4.05, 4.33, 1.96, 6.68, 6.28, 9.52, 7.64], [3.95, 5.24, 1.85, 2.91, 0.64, 2.21, 1.85]]",5.0,8.67,132,"[0.05, 0.89, 0.05, 0.01]","[[0, 8, 0, 0, 0, 0, 11, 0], [0, 1, 2, 3, 4, 5, 6, 7], [0, 9, 0, 0, 0, 0, 10, 0], [0, 0, 0, 0, 0, 0, 0, 0]]",2.994
2631,0.0,1,"[[8.51, 2.86, 5.22, 3.29, 7.8, 7.12, 2.91], [7.85, 5.63, 4.76, 5.73, 4.36, 4.99, 0.21], [1.1, 2.64, 4.86, 7.57, 7.15, 0.31, 2.34], [6.38, 5.91, 3.08, 6.0, 7.58, 3.85, 6.26]]",5.0,7.85,132,"[0.19, 0.32, 0.23, 0.26]","[[0, 13, 16, 0, 12, 0, 0, 0], [0, 1, 2, 3, 4, 5, 6, 7], [0, 10, 14, 0, 11, 0, 0, 0], [0, 8, 15, 0, 9, 0, 0, 0]]",2.994
2632,0.0,1,"[[1.32, 1.79, 4.74, 6.52, 9.55, 1.49, 3.36], [2.67, 2.3, 3.39, 7.85, 3.89, 7.4, 8.55], [4.18, 0.46, 4.32, 2.27, 3.18, 8.62, 2.94], [6.02, 2.09, 4.16, 3.95, 2.34, 3.36, 2.27]]",5.0,4.18,132,"[0.16, 0.11, 0.34, 0.39]","[[0, 11, 0, 10, 0, 0, 0, 0], [0, 12, 0, 13, 0, 0, 0, 0], [0, 8, 0, 9, 0, 0, 0, 0], [0, 1, 2, 3, 4, 5, 7, 6]]",2.994
2633,0.0,4,"[[6.38, 4.4, 2.78, 4.02, 3.28, 4.56, 6.79], [6.89, 5.4, 5.87, 9.63, 0.42, 4.93, 4.29], [2.96, 2.23, 8.29, 4.74, 3.72, 2.39, 0.86], [5.36, 5.18, 6.28, 1.08, 2.81, 5.95, 9.65]]",5.0,4.74,132,"[0.2, 0.38, 0.3, 0.12]","[[0, 0, 0, 0, 15, 0, 0, 0], [0, 1, 2, 3, 4, 5, 6, 7], [0, 8, 9, 10, 11, 12, 13, 14], [0, 0, 0, 0, 16, 0, 0, 0]]",2.994
2634,0.0,7,"[[5.71, 4.0, 7.87, 3.26, 8.95, 9.97, 6.35], [4.81, 5.73, 5.74, 5.66, 5.51, 4.81, 7.59], [6.14, 5.62, 3.6, 6.94, 3.42, 3.6, 6.26], [1.09, 4.7, 1.56, 4.05, 2.65, 4.29, 5.33]]",5.0,5.33,132,"[0.02, 0.08, 0.03, 0.87]","[[0, 0, 13, 0, 0, 0, 14, 10], [0, 0, 12, 0, 0, 0, 15, 8], [0, 0, 11, 0, 0, 0, 16, 9], [0, 1, 2, 3, 4, 5, 6, 7]]",2.994
2635,0.0,4,"[[6.2, 4.19, 3.44, 8.27, 6.51, 4.65, 4.01], [2.89, 4.13, 4.82, 8.89, 9.25, 0.96, 6.04], [8.8, 2.84, 4.5, 4.81, 3.19, 0.46, 7.31], [5.12, 1.87, 1.91, 7.0, 2.08, 5.06, 2.86]]",5.0,7.0,132,"[0.15, 0.21, 0.3, 0.34]","[[0, 14, 0, 0, 13, 0, 0, 0], [0, 12, 0, 0, 11, 0, 0, 0], [0, 8, 0, 0, 9, 0, 10, 0], [0, 1, 2, 3, 4, 5, 6, 7]]",2.994
2636,0.0,5,"[[3.95, 8.96, 8.28, 6.18, 7.02, 4.65, 4.21], [7.39, 4.82, 4.44, 1.73, 7.35, 9.66, 2.04], [6.67, 2.62, 2.43, 7.24, 6.32, 7.33, 5.82], [4.75, 4.96, 2.68, 1.71, 6.22, 1.58, 9.11]]",5.0,6.22,132,"[0.25, 0.24, 0.28, 0.23]","[[0, 16, 0, 0, 13, 19, 9, 0], [0, 15, 0, 0, 12, 18, 8, 0], [0, 1, 2, 3, 4, 5, 6, 7], [0, 14, 0, 0, 11, 17, 10, 0]]",2.994
2637,0.0,2,"[[0.72, 5.25, 9.97, 4.85, 8.58, 2.57, 9.15], [5.48, 9.36, 2.36, 9.25, 3.72, 4.76, 6.74], [7.14, 7.36, 2.91, 4.13, 7.03, 8.48, 0.38], [5.84, 6.37, 7.56, 3.71, 4.02, 2.93, 0.09]]",5.0,9.36,132,"[0.03, 0.85, 0.06, 0.06]","[[0, 0, 22, 0, 0, 0, 0, 0], [0, 1, 2, 3, 4, 5, 6, 7], [0, 21, 20, 19, 18, 17, 16, 15], [0, 8, 9, 10, 11, 12, 13, 14]]",2.994
2638,0.0,5,"[[4.41, 7.98, 5.03, 0.94, 6.07, 7.96, 3.08], [7.18, 6.38, 1.11, 4.77, 7.21, 4.82, 4.9], [5.63, 7.2, 7.79, 1.19, 2.56, 6.05, 3.13], [2.67, 2.05, 5.91, 4.15, 9.55, 4.46, 9.22]]",5.0,9.55,132,"[0.04, 0.02, 0.05, 0.89]","[[0, 0, 0, 0, 0, 12, 0, 11], [0, 0, 0, 0, 0, 13, 0, 10], [0, 0, 0, 0, 0, 8, 0, 9], [0, 1, 2, 3, 4, 5, 6, 7]]",2.994
2639,0.0,7,"[[6.26, 0.19, 5.42, 8.23, 3.15, 1.79, 3.82], [4.19, 3.39, 2.75, 9.2, 5.7, 3.44, 3.56], [5.45, 5.72, 8.61, 4.63, 8.16, 8.36, 7.19], [3.14, 2.27, 7.83, 9.11, 0.69, 3.38, 9.35]]",5.0,9.35,132,"[0.1, 0.01, 0.01, 0.88]","[[0, 0, 0, 0, 9, 0, 0, 8], [0, 0, 0, 0, 10, 0, 0, 12], [0, 0, 0, 0, 11, 0, 0, 13], [0, 1, 2, 3, 4, 5, 6, 7]]",2.994
2640,0.01,1,"[[0.22, 0.12, 0.18, 0.2, 0.04, 0.04, 0.16], [0.19, 0.18, 0.17, 0.17, 0.18, 0.2, 0.15], [0.03, 0.13, 0.18, 0.12, 0.17, 0.16, 0.08], [0.21, 0.09, 0.16, 0.11, 0.25, 0.1, 0.16]]",0.13,0.22,133,"[0.34, 0.12, 0.22, 0.32]","[[0, 6, 0, 2, 10, 0, 0, 7], [0, 0, 13, 0, 0, 4, 14, 0], [0, 0, 0, 0, 0, 0, 0, 5], [0, 1, 0, 3, 12, 11, 9, 8]]",0.072
2641,0.01,7,"[[0.11, 0.17, 0.16, 0.1, 0.16, 0.08, 0.16], [0.14, 0.11, 0.1, 0.17, 0.15, 0.09, 0.15], [0.18, 0.13, 0.06, 0.09, 0.04, 0.12, 0.18], [0.24, 0.17, 0.23, 0.17, 0.08, 0.13, 0.06]]",0.13,0.18,133,"[0.26, 0.27, 0.3, 0.17]","[[0, 4, 0, 3, 0, 0, 9, 8], [0, 0, 0, 0, 0, 10, 0, 6], [0, 1, 5, 0, 0, 0, 0, 2], [0, 0, 0, 0, 0, 0, 0, 7]]",0.072
2642,0.01,3,"[[0.23, 0.06, 0.08, 0.13, 0.11, 0.05, 0.11], [0.17, 0.17, 0.17, 0.13, 0.09, 0.2, 0.07], [0.21, 0.11, 0.17, 0.05, 0.13, 0.11, 0.17], [0.16, 0.02, 0.2, 0.19, 0.23, 0.13, 0.13]]",0.13,0.2,133,"[0.24, 0.22, 0.21, 0.33]","[[0, 0, 0, 0, 3, 0, 0, 0], [0, 0, 2, 0, 0, 0, 0, 0], [0, 5, 0, 0, 0, 4, 0, 0], [0, 0, 0, 1, 0, 0, 0, 6]]",0.072
2643,0.01,1,"[[0.16, 0.21, 0.19, 0.12, 0.21, 0.05, 0.2], [0.14, 0.1, 0.04, 0.07, 0.08, 0.16, 0.22], [0.03, 0.17, 0.22, 0.13, 0.04, 0.22, 0.12], [0.16, 0.14, 0.16, 0.16, 0.18, 0.13, 0.14]]",0.13,0.16,133,"[0.06, 0.89, 0.04, 0.01]","[[0, 0, 0, 0, 0, 0, 0, 0], [0, 2, 0, 0, 1, 0, 0, 0], [0, 0, 0, 0, 0, 0, 0, 0], [0, 0, 0, 0, 0, 0, 0, 0]]",0.072
2644,0.01,4,"[[0.2, 0.21, 0.23, 0.23, 0.18, 0.14, 0.22], [0.2, 0.22, 0.22, 0.25, 0.05, 0.12, 0.09], [0.02, 0.05, 0.07, 0.23, 0.14, 0.19, 0.02], [0.12, 0.1, 0.13, 0.23, 0.18, 0.06, 0.24]]",0.13,0.23,133,"[0.08, 0.03, 0.87, 0.02]","[[0, 0, 0, 0, 4, 0, 0, 0], [0, 0, 0, 0, 0, 0, 0, 0], [0, 2, 0, 0, 3, 0, 0, 1], [0, 0, 0, 0, 0, 0, 0, 0]]",0.072
2645,0.01,5,"[[0.07, 0.16, 0.11, 0.2, 0.2, 0.19, 0.16], [0.15, 0.22, 0.24, 0.17, 0.18, 0.12, 0.12], [0.11, 0.16, 0.11, 0.12, 0.21, 0.06, 0.16], [0.17, 0.22, 0.15, 0.11, 0.24, 0.11, 0.17]]",0.13,0.24,133,"[0.09, 0.03, 0.01, 0.87]","[[0, 0, 0, 0, 0, 0, 0, 0], [0, 0, 0, 0, 0, 3, 0, 0], [0, 0, 0, 0, 0, 0, 0, 0], [0, 0, 1, 0, 0, 2, 0, 4]]",0.072
2646,0.01,4,"[[0.08, 0.23, 0.11, 0.15, 0.14, 0.16, 0.07], [0.19, 0.17, 0.09, 0.16, 0.14, 0.09, 0.03], [0.13, 0.11, 0.24, 0.17, 0.14, 0.06, 0.15], [0.09, 0.17, 0.09, 0.17, 0.19, 0.1, 0.17]]",0.13,0.17,133,"[0.01, 0.02, 0.11, 0.86]","[[0, 0, 0, 0, 0, 0, 0, 0], [0, 0, 0, 0, 0, 0, 0, 0], [0, 0, 0, 0, 4, 0, 0, 5], [0, 2, 0, 0, 1, 0, 0, 3]]",0.072
2647,0.01,3,"[[0.14, 0.07, 0.05, 0.18, 0.03, 0.01, 0.18], [0.19, 0.23, 0.07, 0.1, 0.08, 0.19, 0.2], [0.17, 0.24, 0.03, 0.21, 0.19, 0.07, 0.21], [0.14, 0.09, 0.21, 0.08, 0.19, 0.05, 0.09]]",0.13,0.03,133,"[0.15, 0.26, 0.26, 0.33]","[[0, 0, 0, 0, 0, 0, 0, 0], [0, 0, 2, 4, 0, 0, 0, 0], [0, 0, 0, 0, 5, 0, 0, 0], [0, 0, 3, 1, 0, 0, 0, 0]]",0.072
2648,0.01,7,"[[0.12, 0.17, 0.14, 0.13, 0.11, 0.07, 0.23], [0.21, 0.03, 0.18, 0.17, 0.22, 0.07, 0.12], [0.06, 0.15, 0.14, 0.1, 0.11, 0.15, 0.22], [0.13, 0.03, 0.18, 0.17, 0.07, 0.25, 0.1]]",0.13,0.1,133,"[0.39, 0.18, 0.15, 0.28]","[[0, 0, 2, 0, 0, 0, 0, 1], [0, 0, 0, 0, 0, 0, 0, 0], [0, 0, 0, 0, 0, 0, 0, 3], [0, 0, 0, 0, 0, 0, 0, 4]]",0.072
2649,0.01,2,"[[0.16, 0.11, 0.08, 0.09, 0.11, 0.11, 0.06], [0.14, 0.14, 0.15, 0.18, 0.2, 0.23, 0.09], [0.09, 0.18, 0.2, 0.13, 0.05, 0.16, 0.07], [0.08, 0.02, 0.16, 0.15, 0.1, 0.09, 0.12]]",0.13,0.18,133,"[0.08, 0.02, 0.89, 0.01]","[[0, 0, 2, 0, 0, 0, 0, 0], [0, 0, 0, 0, 0, 0, 0, 0], [0, 0, 1, 0, 0, 0, 0, 0], [0, 0, 0, 0, 0, 0, 0, 0]]",0.072
2650,0.01,5,"[[8.02, 3.92, 3.11, 4.49, 4.13, 7.86, 3.71], [5.5, 3.12, 4.78, 4.63, 5.83, 9.55, 5.01], [6.87, 6.07, 1.32, 5.58, 8.22, 5.74, 5.54], [4.62, 3.36, 5.75, 5.59, 2.34, 1.7, 6.64]]",5.0,4.13,133,"[0.25, 0.27, 0.24, 0.24]","[[0, 0, 0, 0, 0, 4, 0, 0], [0, 0, 0, 1, 0, 2, 0, 0], [0, 0, 0, 0, 0, 5, 0, 0], [0, 0, 0, 0, 0, 3, 0, 0]]",2.994
2651,0.01,2,"[[5.92, 9.68, 5.15, 2.59, 5.89, 7.38, 2.85], [1.22, 5.64, 6.3, 3.82, 9.13, 6.51, 3.36], [6.72, 1.0, 8.86, 8.25, 8.82, 6.13, 4.12], [7.5, 7.75, 5.39, 3.9, 7.48, 3.23, 1.98]]",5.0,7.75,133,"[0.3, 0.17, 0.24, 0.29]","[[0, 0, 2, 0, 0, 0, 0, 1], [0, 0, 3, 0, 0, 0, 0, 8], [0, 0, 4, 0, 0, 0, 0, 7], [0, 0, 5, 0, 0, 0, 0, 6]]",2.994
2652,0.01,2,"[[6.38, 4.4, 2.78, 4.02, 3.28, 4.56, 6.79], [6.89, 5.4, 5.87, 9.63, 0.42, 4.93, 4.29], [2.96, 2.23, 8.29, 4.74, 3.72, 2.39, 0.86], [5.36, 5.18, 6.28, 1.08, 2.81, 5.95, 9.65]]",5.0,5.18,133,"[0.2, 0.38, 0.3, 0.12]","[[0, 0, 4, 0, 0, 0, 0, 0], [0, 0, 1, 0, 0, 0, 0, 0], [0, 0, 2, 0, 0, 0, 0, 0], [0, 0, 3, 0, 0, 0, 0, 0]]",2.994
2653,0.01,1,"[[7.11, 5.78, 4.85, 4.33, 7.33, 7.89, 5.26], [5.95, 7.87, 3.44, 7.0, 6.97, 5.22, 6.26], [3.72, 9.35, 7.04, 6.38, 7.42, 6.47, 5.89], [5.94, 4.84, 1.39, 4.52, 3.41, 2.82, 3.73]]",5.0,5.94,133,"[0.33, 0.2, 0.24, 0.23]","[[0, 8, 0, 0, 0, 0, 1, 0], [0, 5, 0, 0, 0, 0, 2, 0], [0, 6, 0, 0, 0, 0, 4, 0], [0, 7, 0, 0, 0, 0, 3, 0]]",2.994
2654,0.01,3,"[[2.09, 7.52, 9.74, 6.72, 2.88, 5.9, 5.87], [6.25, 4.49, 6.66, 2.68, 2.62, 7.58, 4.86], [0.33, 4.49, 3.44, 6.0, 4.73, 0.87, 2.63], [7.63, 1.46, 3.24, 5.72, 7.53, 7.25, 3.01]]",5.0,6.66,133,"[0.34, 0.23, 0.2, 0.23]","[[0, 0, 0, 5, 0, 0, 1, 0], [0, 0, 0, 6, 0, 0, 2, 0], [0, 0, 0, 7, 0, 0, 3, 0], [0, 0, 0, 8, 0, 0, 4, 0]]",2.994
2655,0.01,1,"[[3.25, 0.97, 8.64, 8.18, 2.13, 6.22, 0.77], [5.88, 7.57, 5.25, 3.43, 6.13, 3.52, 3.61], [5.54, 4.65, 8.68, 9.8, 7.31, 3.42, 4.37], [7.14, 2.83, 7.59, 3.91, 6.6, 1.41, 1.96]]",5.0,7.14,133,"[0.06, 0.03, 0.01, 0.9]","[[0, 4, 0, 0, 0, 0, 0, 0], [0, 3, 0, 0, 0, 0, 0, 0], [0, 2, 0, 0, 0, 0, 0, 0], [0, 1, 7, 6, 5, 8, 0, 0]]",2.994
2656,0.01,6,"[[5.93, 4.61, 6.44, 6.58, 0.77, 6.66, 0.58], [1.24, 4.91, 5.63, 0.45, 3.38, 4.94, 3.12], [7.83, 1.4, 2.04, 7.87, 6.09, 6.31, 5.4], [6.34, 6.33, 4.75, 6.81, 8.3, 6.3, 9.27]]",5.0,6.31,133,"[0.01, 0.1, 0.87, 0.02]","[[0, 7, 0, 0, 0, 0, 15, 9], [0, 6, 0, 0, 5, 0, 14, 10], [0, 2, 3, 0, 4, 0, 13, 1], [0, 8, 0, 0, 0, 0, 12, 11]]",2.994
2657,0.01,4,"[[9.88, 3.37, 6.84, 6.02, 5.72, 2.47, 6.83], [4.66, 3.57, 1.89, 8.02, 4.52, 4.58, 0.56], [5.57, 8.71, 8.98, 7.3, 1.41, 5.09, 6.3], [2.79, 3.58, 9.87, 3.61, 3.51, 7.13, 2.78]]",5.0,3.61,133,"[0.02, 0.05, 0.05, 0.88]","[[0, 0, 0, 4, 18, 5, 11, 14], [0, 0, 0, 3, 16, 6, 10, 15], [0, 0, 0, 2, 17, 7, 9, 0], [0, 0, 0, 1, 19, 8, 12, 13]]",2.994
2658,0.01,7,"[[6.26, 0.19, 5.42, 8.23, 3.15, 1.79, 3.82], [4.19, 3.39, 2.75, 9.2, 5.7, 3.44, 3.56], [5.45, 5.72, 8.61, 4.63, 8.16, 8.36, 7.19], [3.14, 2.27, 7.83, 9.11, 0.69, 3.38, 9.35]]",5.0,3.82,133,"[0.1, 0.01, 0.01, 0.88]","[[0, 0, 0, 0, 0, 0, 0, 5], [0, 0, 0, 0, 0, 0, 0, 4], [0, 0, 0, 0, 0, 0, 0, 3], [0, 1, 0, 0, 0, 0, 0, 2]]",2.994
2659,0.01,1,"[[7.17, 3.46, 5.58, 3.93, 3.7, 2.49, 5.53], [9.77, 5.93, 5.47, 2.25, 8.04, 7.17, 0.39], [7.48, 1.53, 5.91, 7.74, 1.59, 6.73, 3.86], [5.1, 6.8, 2.11, 7.09, 7.57, 6.62, 8.34]]",5.0,7.17,133,"[0.88, 0.05, 0.05, 0.02]","[[0, 1, 0, 0, 0, 5, 0, 0], [0, 2, 0, 8, 0, 0, 0, 0], [0, 3, 0, 0, 0, 6, 0, 0], [0, 4, 0, 0, 0, 7, 0, 0]]",2.994
2660,0.0,7,"[[0.1, 0.22, 0.11, 0.07, 0.15, 0.15, 0.08], [0.22, 0.14, 0.05, 0.13, 0.2, 0.14, 0.2], [0.02, 0.25, 0.2, 0.08, 0.15, 0.02, 0.07], [0.11, 0.1, 0.17, 0.14, 0.2, 0.08, 0.11]]",0.13,0.08,134,"[0.87, 0.08, 0.02, 0.03]","[[0, 15, 28, 27, 18, 19, 20, 21], [0, 16, 14, 1, 10, 8, 6, 22], [0, 5, 4, 3, 2, 26, 25, 7], [0, 17, 13, 12, 11, 9, 24, 23]]",0.072
2661,0.0,3,"[[0.18, 0.08, 0.14, 0.2, 0.12, 0.1, 0.1], [0.1, 0.05, 0.2, 0.13, 0.11, 0.09, 0.04], [0.15, 0.11, 0.22, 0.09, 0.14, 0.12, 0.12], [0.17, 0.01, 0.14, 0.05, 0.14, 0.07, 0.08]]",0.13,0.14,134,"[0.3, 0.22, 0.27, 0.21]","[[0, 3, 1, 12, 13, 17, 26, 27], [0, 4, 2, 11, 14, 18, 25, 28], [0, 5, 8, 10, 16, 19, 24, 22], [0, 6, 7, 9, 15, 20, 21, 23]]",0.072
2662,0.0,7,"[[0.21, 0.18, 0.18, 0.07, 0.17, 0.09, 0.08], [0.07, 0.09, 0.01, 0.16, 0.02, 0.06, 0.25], [0.21, 0.16, 0.24, 0.08, 0.24, 0.16, 0.09], [0.17, 0.08, 0.18, 0.24, 0.11, 0.09, 0.22]]",0.13,0.22,134,"[0.21, 0.27, 0.2, 0.32]","[[0, 1, 5, 9, 13, 20, 21, 22], [0, 2, 6, 10, 14, 19, 23, 24], [0, 3, 7, 11, 15, 18, 25, 26], [0, 4, 8, 12, 16, 17, 27, 28]]",0.072
2663,0.0,4,"[[0.02, 0.1, 0.05, 0.19, 0.09, 0.05, 0.06], [0.03, 0.12, 0.22, 0.08, 0.02, 0.07, 0.12], [0.18, 0.19, 0.1, 0.18, 0.18, 0.13, 0.15], [0.08, 0.17, 0.23, 0.11, 0.13, 0.16, 0.07]]",0.13,0.11,134,"[0.06, 0.06, 0.03, 0.85]","[[0, 1, 5, 9, 13, 17, 21, 25], [0, 2, 6, 10, 14, 18, 22, 26], [0, 3, 7, 11, 15, 19, 23, 27], [0, 4, 8, 12, 16, 20, 24, 28]]",0.072
2664,0.0,3,"[[0.16, 0.11, 0.08, 0.09, 0.11, 0.11, 0.06], [0.14, 0.14, 0.15, 0.18, 0.2, 0.23, 0.09], [0.09, 0.18, 0.2, 0.13, 0.05, 0.16, 0.07], [0.08, 0.02, 0.16, 0.15, 0.1, 0.09, 0.12]]",0.13,0.2,134,"[0.08, 0.02, 0.89, 0.01]","[[0, 12, 0, 11, 0, 0, 0, 0], [0, 13, 9, 10, 0, 0, 0, 0], [0, 4, 3, 1, 5, 6, 7, 8], [0, 0, 0, 2, 0, 0, 0, 0]]",0.072
2665,0.0,6,"[[0.15, 0.2, 0.21, 0.14, 0.15, 0.21, 0.2], [0.1, 0.12, 0.15, 0.05, 0.19, 0.19, 0.19], [0.2, 0.18, 0.22, 0.07, 0.23, 0.17, 0.15], [0.25, 0.17, 0.14, 0.07, 0.06, 0.14, 0.21]]",0.13,0.14,134,"[0.33, 0.32, 0.13, 0.22]","[[0, 1, 2, 3, 4, 5, 6, 7], [0, 8, 9, 10, 11, 12, 13, 14], [0, 0, 0, 0, 0, 0, 0, 0], [0, 0, 0, 0, 0, 0, 15, 0]]",0.072
2666,0.0,3,"[[0.15, 0.08, 0.16, 0.16, 0.12, 0.04, 0.13], [0.17, 0.17, 0.2, 0.1, 0.06, 0.16, 0.12], [0.04, 0.25, 0.2, 0.11, 0.04, 0.11, 0.24], [0.15, 0.14, 0.05, 0.11, 0.22, 0.22, 0.2]]",0.13,0.2,134,"[0.01, 0.89, 0.09, 0.01]","[[0, 0, 0, 9, 0, 0, 0, 0], [0, 1, 2, 3, 5, 4, 6, 7], [0, 0, 0, 8, 0, 0, 0, 0], [0, 0, 0, 10, 0, 0, 0, 0]]",0.072
2667,0.0,1,"[[0.11, 0.17, 0.16, 0.1, 0.16, 0.08, 0.16], [0.14, 0.11, 0.1, 0.17, 0.15, 0.09, 0.15], [0.18, 0.13, 0.06, 0.09, 0.04, 0.12, 0.18], [0.24, 0.17, 0.23, 0.17, 0.08, 0.13, 0.06]]",0.13,0.11,134,"[0.26, 0.27, 0.3, 0.17]","[[0, 8, 11, 13, 15, 16, 18, 20], [0, 9, 10, 12, 14, 17, 19, 21], [0, 1, 2, 3, 4, 5, 6, 7], [0, 23, 0, 0, 0, 0, 0, 22]]",0.072
2668,0.0,5,"[[0.07, 0.16, 0.11, 0.2, 0.2, 0.19, 0.16], [0.15, 0.22, 0.24, 0.17, 0.18, 0.12, 0.12], [0.11, 0.16, 0.11, 0.12, 0.21, 0.06, 0.16], [0.17, 0.22, 0.15, 0.11, 0.24, 0.11, 0.17]]",0.13,0.24,134,"[0.09, 0.03, 0.01, 0.87]","[[0, 0, 0, 0, 0, 10, 0, 0], [0, 0, 0, 0, 0, 9, 0, 0], [0, 0, 0, 0, 0, 8, 0, 0], [0, 1, 2, 3, 4, 5, 6, 7]]",0.072
2669,0.0,6,"[[0.06, 0.11, 0.17, 0.23, 0.15, 0.14, 0.21], [0.16, 0.17, 0.08, 0.04, 0.07, 0.21, 0.12], [0.2, 0.19, 0.13, 0.12, 0.17, 0.2, 0.16], [0.1, 0.1, 0.12, 0.16, 0.01, 0.17, 0.09]]",0.13,0.14,134,"[0.23, 0.25, 0.3, 0.22]","[[0, 9, 12, 0, 0, 0, 15, 0], [0, 8, 11, 0, 0, 0, 14, 0], [0, 1, 2, 3, 4, 5, 6, 7], [0, 10, 13, 0, 0, 0, 16, 0]]",0.072
2670,0.0,7,"[[7.29, 4.26, 4.93, 3.96, 3.34, 8.54, 6.49], [0.79, 3.44, 2.71, 8.71, 2.86, 7.09, 3.94], [9.61, 8.74, 7.3, 3.82, 1.83, 1.17, 5.37], [2.04, 1.98, 8.39, 1.63, 1.8, 1.97, 7.71]]",5.0,5.37,134,"[0.21, 0.28, 0.29, 0.22]","[[0, 10, 12, 15, 18, 21, 24, 26], [0, 9, 13, 16, 19, 22, 6, 27], [0, 1, 2, 3, 4, 5, 7, 8], [0, 11, 14, 17, 20, 23, 25, 28]]",2.994
2671,0.0,1,"[[4.36, 8.7, 5.94, 4.41, 8.37, 5.83, 0.58], [9.58, 2.24, 8.49, 4.24, 4.63, 4.53, 5.29], [6.08, 4.31, 5.59, 3.3, 3.91, 4.21, 4.74], [9.25, 5.33, 1.67, 7.75, 5.64, 2.81, 3.02]]",5.0,9.58,134,"[0.31, 0.27, 0.14, 0.28]","[[0, 1, 8, 9, 16, 17, 24, 25], [0, 2, 7, 10, 15, 18, 23, 26], [0, 3, 6, 11, 14, 19, 22, 27], [0, 4, 5, 12, 13, 20, 21, 28]]",2.994
2672,0.0,6,"[[2.65, 1.66, 4.12, 6.28, 3.9, 4.24, 8.17], [4.84, 2.23, 5.57, 7.45, 3.35, 5.55, 3.39], [6.15, 3.53, 5.47, 2.82, 6.99, 9.09, 0.79], [2.47, 2.31, 1.36, 3.11, 4.52, 5.21, 3.31]]",5.0,9.09,134,"[0.01, 0.06, 0.02, 0.91]","[[0, 1, 5, 9, 13, 17, 21, 25], [0, 2, 6, 10, 14, 18, 22, 26], [0, 3, 7, 11, 15, 19, 23, 27], [0, 4, 8, 12, 16, 20, 24, 28]]",2.994
2673,0.0,5,"[[7.04, 7.27, 1.99, 4.87, 6.53, 6.34, 1.47], [5.29, 2.16, 9.06, 4.67, 7.92, 5.41, 7.56], [6.95, 5.35, 1.7, 4.81, 6.84, 1.21, 8.92], [6.63, 5.53, 4.35, 1.42, 5.69, 5.92, 4.12]]",5.0,7.92,134,"[0.07, 0.87, 0.03, 0.03]","[[0, 1, 5, 9, 13, 17, 21, 25], [0, 2, 6, 10, 15, 18, 22, 26], [0, 3, 7, 11, 14, 19, 23, 28], [0, 4, 8, 12, 16, 20, 24, 27]]",2.994
2674,0.0,4,"[[6.26, 0.19, 5.42, 8.23, 3.15, 1.79, 3.82], [4.19, 3.39, 2.75, 9.2, 5.7, 3.44, 3.56], [5.45, 5.72, 8.61, 4.63, 8.16, 8.36, 7.19], [3.14, 2.27, 7.83, 9.11, 0.69, 3.38, 9.35]]",5.0,9.11,134,"[0.1, 0.01, 0.01, 0.88]","[[0, 1, 5, 9, 13, 17, 21, 25], [0, 2, 6, 10, 14, 18, 22, 26], [0, 3, 7, 11, 15, 19, 23, 27], [0, 4, 8, 12, 16, 20, 24, 28]]",2.994
2675,0.0,4,"[[6.2, 4.19, 3.44, 8.27, 6.51, 4.65, 4.01], [2.89, 4.13, 4.82, 8.89, 9.25, 0.96, 6.04], [8.8, 2.84, 4.5, 4.81, 3.19, 0.46, 7.31], [5.12, 1.87, 1.91, 7.0, 2.08, 5.06, 2.86]]",5.0,8.27,134,"[0.15, 0.21, 0.3, 0.34]","[[0, 1, 5, 9, 13, 17, 21, 25], [0, 2, 6, 10, 15, 18, 22, 26], [0, 3, 7, 11, 14, 19, 23, 27], [0, 4, 8, 12, 16, 20, 24, 28]]",2.994
2676,0.0,1,"[[8.02, 3.92, 3.11, 4.49, 4.13, 7.86, 3.71], [5.5, 3.12, 4.78, 4.63, 5.83, 9.55, 5.01], [6.87, 6.07, 1.32, 5.58, 8.22, 5.74, 5.54], [4.62, 3.36, 5.75, 5.59, 2.34, 1.7, 6.64]]",5.0,4.62,134,"[0.25, 0.27, 0.24, 0.24]","[[0, 1, 5, 9, 13, 17, 21, 25], [0, 2, 6, 10, 14, 18, 22, 26], [0, 3, 7, 11, 15, 19, 23, 27], [0, 4, 8, 12, 16, 20, 24, 28]]",2.994
2677,0.0,7,"[[2.67, 1.86, 1.79, 5.75, 3.59, 3.3, 1.49], [1.18, 8.77, 6.89, 4.16, 3.25, 3.0, 9.34], [1.75, 2.03, 4.01, 8.67, 5.48, 1.04, 6.3], [4.37, 0.5, 5.19, 4.46, 0.43, 0.13, 6.06]]",5.0,6.06,134,"[0.24, 0.23, 0.24, 0.29]","[[0, 1, 5, 9, 13, 17, 21, 25], [0, 2, 6, 10, 14, 18, 22, 26], [0, 3, 7, 11, 15, 19, 23, 27], [0, 4, 8, 12, 16, 20, 24, 28]]",2.994
2678,0.0,5,"[[8.47, 2.82, 7.33, 4.03, 7.07, 2.75, 1.54], [4.68, 3.16, 0.97, 1.44, 5.2, 6.65, 9.25], [8.41, 7.04, 1.31, 3.23, 7.09, 7.67, 1.55], [6.28, 2.99, 4.33, 1.28, 9.25, 6.99, 2.35]]",5.0,9.25,134,"[0.01, 0.01, 0.01, 0.97]","[[0, 1, 16, 17, 0, 13, 0, 0], [0, 2, 15, 18, 21, 12, 0, 0], [0, 3, 14, 19, 20, 11, 0, 0], [0, 4, 5, 6, 7, 8, 9, 10]]",2.994
2679,0.0,3,"[[9.88, 3.37, 6.84, 6.02, 5.72, 2.47, 6.83], [4.66, 3.57, 1.89, 8.02, 4.52, 4.58, 0.56], [5.57, 8.71, 8.98, 7.3, 1.41, 5.09, 6.3], [2.79, 3.58, 9.87, 3.61, 3.51, 7.13, 2.78]]",5.0,1.89,134,"[0.02, 0.05, 0.05, 0.88]","[[0, 0, 0, 10, 14, 0, 13, 0], [0, 0, 0, 9, 15, 0, 12, 0], [0, 0, 0, 8, 16, 0, 11, 0], [0, 1, 2, 3, 4, 5, 6, 7]]",2.994
2680,0.01,3,"[[0.19, 0.09, 0.13, 0.2, 0.03, 0.17, 0.2], [0.08, 0.14, 0.18, 0.15, 0.19, 0.11, 0.07], [0.15, 0.06, 0.07, 0.11, 0.19, 0.02, 0.14], [0.12, 0.04, 0.06, 0.04, 0.06, 0.19, 0.09]]",0.13,0.18,135,"[0.02, 0.85, 0.05, 0.08]","[[0, 0, 0, 0, 0, 0, 0, 0], [0, 0, 0, 0, 0, 0, 0, 0], [0, 0, 0, 0, 0, 0, 0, 0], [0, 0, 0, 0, 0, 0, 0, 0]]",0.072
2681,0.01,3,"[[0.2, 0.14, 0.16, 0.12, 0.21, 0.18, 0.23], [0.06, 0.09, 0.16, 0.16, 0.14, 0.12, 0.15], [0.23, 0.08, 0.17, 0.11, 0.04, 0.14, 0.15], [0.06, 0.12, 0.16, 0.23, 0.08, 0.11, 0.15]]",0.13,0.16,135,"[0.33, 0.18, 0.11, 0.38]","[[0, 0, 0, 0, 0, 0, 0, 0], [0, 0, 0, 0, 0, 0, 0, 0], [0, 0, 0, 0, 0, 0, 0, 0], [0, 0, 0, 0, 0, 0, 0, 0]]",0.072
2682,0.01,7,"[[0.19, 0.12, 0.08, 0.18, 0.08, 0.2, 0.22], [0.05, 0.04, 0.19, 0.18, 0.18, 0.05, 0.1], [0.21, 0.13, 0.15, 0.13, 0.16, 0.15, 0.08], [0.19, 0.06, 0.09, 0.07, 0.04, 0.2, 0.08]]",0.13,0.08,135,"[0.16, 0.28, 0.23, 0.33]","[[0, 0, 0, 0, 0, 0, 0, 0], [0, 0, 0, 0, 0, 0, 0, 0], [0, 0, 0, 0, 0, 0, 0, 0], [0, 0, 0, 0, 0, 0, 0, 0]]",0.072
2683,0.01,4,"[[0.14, 0.07, 0.05, 0.18, 0.03, 0.01, 0.18], [0.19, 0.23, 0.07, 0.1, 0.08, 0.19, 0.2], [0.17, 0.24, 0.03, 0.21, 0.19, 0.07, 0.21], [0.14, 0.09, 0.21, 0.08, 0.19, 0.05, 0.09]]",0.13,0.1,135,"[0.15, 0.26, 0.26, 0.33]","[[0, 0, 0, 0, 0, 0, 0, 0], [0, 0, 0, 0, 0, 0, 0, 0], [0, 0, 0, 0, 0, 0, 0, 0], [0, 0, 0, 0, 0, 0, 0, 0]]",0.072
2684,0.01,5,"[[0.16, 0.14, 0.08, 0.14, 0.11, 0.13, 0.09], [0.19, 0.11, 0.19, 0.08, 0.11, 0.19, 0.13], [0.21, 0.23, 0.11, 0.11, 0.1, 0.18, 0.03], [0.04, 0.14, 0.12, 0.13, 0.05, 0.04, 0.05]]",0.13,0.1,135,"[0.31, 0.22, 0.18, 0.29]","[[0, 0, 0, 0, 0, 0, 0, 0], [0, 0, 0, 0, 0, 0, 0, 0], [0, 0, 0, 0, 0, 0, 0, 0], [0, 0, 0, 0, 0, 0, 0, 0]]",0.072
2685,0.01,3,"[[0.08, 0.23, 0.16, 0.14, 0.22, 0.12, 0.2], [0.17, 0.2, 0.03, 0.17, 0.21, 0.17, 0.07], [0.08, 0.2, 0.14, 0.22, 0.1, 0.13, 0.17], [0.07, 0.12, 0.01, 0.11, 0.05, 0.12, 0.17]]",0.13,0.16,135,"[0.86, 0.03, 0.04, 0.07]","[[0, 0, 0, 0, 0, 0, 0, 0], [0, 0, 0, 0, 0, 0, 0, 0], [0, 0, 0, 0, 0, 0, 0, 0], [0, 0, 0, 0, 0, 0, 0, 0]]",0.072
2686,0.01,5,"[[0.2, 0.21, 0.23, 0.23, 0.18, 0.14, 0.22], [0.2, 0.22, 0.22, 0.25, 0.05, 0.12, 0.09], [0.02, 0.05, 0.07, 0.23, 0.14, 0.19, 0.02], [0.12, 0.1, 0.13, 0.23, 0.18, 0.06, 0.24]]",0.13,0.14,135,"[0.08, 0.03, 0.87, 0.02]","[[0, 0, 0, 0, 0, 0, 0, 0], [0, 0, 0, 0, 0, 0, 0, 0], [0, 0, 0, 0, 0, 0, 0, 0], [0, 0, 0, 0, 0, 0, 0, 0]]",0.072
2687,0.01,3,"[[0.04, 0.14, 0.09, 0.06, 0.18, 0.1, 0.07], [0.09, 0.13, 0.01, 0.23, 0.07, 0.19, 0.05], [0.08, 0.2, 0.08, 0.21, 0.07, 0.04, 0.22], [0.12, 0.1, 0.09, 0.18, 0.18, 0.04, 0.15]]",0.13,0.09,135,"[0.05, 0.03, 0.07, 0.85]","[[0, 0, 0, 0, 0, 0, 0, 0], [0, 0, 0, 0, 0, 0, 0, 0], [0, 0, 0, 0, 0, 0, 0, 0], [0, 0, 0, 0, 0, 0, 0, 0]]",0.072
2688,0.01,4,"[[0.08, 0.23, 0.11, 0.15, 0.14, 0.16, 0.07], [0.19, 0.17, 0.09, 0.16, 0.14, 0.09, 0.03], [0.13, 0.11, 0.24, 0.17, 0.14, 0.06, 0.15], [0.09, 0.17, 0.09, 0.17, 0.19, 0.1, 0.17]]",0.13,0.17,135,"[0.01, 0.02, 0.11, 0.86]","[[0, 0, 0, 0, 0, 0, 0, 0], [0, 0, 0, 0, 0, 0, 0, 0], [0, 0, 0, 0, 0, 0, 0, 0], [0, 0, 0, 0, 0, 0, 0, 0]]",0.072
2689,0.01,7,"[[0.11, 0.17, 0.16, 0.1, 0.16, 0.08, 0.16], [0.14, 0.11, 0.1, 0.17, 0.15, 0.09, 0.15], [0.18, 0.13, 0.06, 0.09, 0.04, 0.12, 0.18], [0.24, 0.17, 0.23, 0.17, 0.08, 0.13, 0.06]]",0.13,0.15,135,"[0.26, 0.27, 0.3, 0.17]","[[0, 0, 0, 0, 0, 0, 0, 0], [0, 0, 0, 0, 0, 0, 0, 0], [0, 0, 0, 0, 0, 0, 0, 0], [0, 0, 0, 0, 0, 0, 0, 0]]",0.072
2690,0.01,5,"[[7.04, 7.27, 1.99, 4.87, 6.53, 6.34, 1.47], [5.29, 2.16, 9.06, 4.67, 7.92, 5.41, 7.56], [6.95, 5.35, 1.7, 4.81, 6.84, 1.21, 8.92], [6.63, 5.53, 4.35, 1.42, 5.69, 5.92, 4.12]]",5.0,7.92,135,"[0.07, 0.87, 0.03, 0.03]","[[0, 0, 0, 5, 0, 10, 0, 0], [0, 1, 2, 3, 4, 7, 8, 9], [0, 0, 0, 6, 0, 11, 0, 0], [0, 0, 0, 0, 0, 12, 0, 0]]",2.994
2691,0.01,1,"[[2.44, 7.36, 6.46, 5.15, 7.43, 1.32, 0.71], [3.96, 8.36, 4.6, 6.91, 2.69, 5.0, 1.64], [8.24, 5.23, 2.67, 1.92, 6.03, 2.88, 7.54], [1.43, 5.93, 6.77, 1.1, 3.47, 5.78, 6.1]]",5.0,8.24,135,"[0.02, 0.06, 0.89, 0.03]","[[0, 10, 0, 0, 0, 0, 0, 12], [0, 8, 0, 0, 0, 0, 0, 11], [0, 1, 2, 3, 4, 5, 6, 7], [0, 9, 0, 0, 0, 0, 0, 0]]",2.994
2692,0.01,4,"[[6.26, 0.19, 5.42, 8.23, 3.15, 1.79, 3.82], [4.19, 3.39, 2.75, 9.2, 5.7, 3.44, 3.56], [5.45, 5.72, 8.61, 4.63, 8.16, 8.36, 7.19], [3.14, 2.27, 7.83, 9.11, 0.69, 3.38, 9.35]]",5.0,8.23,135,"[0.1, 0.01, 0.01, 0.88]","[[0, 0, 0, 0, 8, 0, 0, 13], [0, 0, 0, 0, 7, 0, 0, 12], [0, 0, 0, 0, 6, 0, 0, 11], [0, 1, 2, 3, 4, 5, 9, 10]]",2.994
2693,0.01,3,"[[9.88, 3.37, 6.84, 6.02, 5.72, 2.47, 6.83], [4.66, 3.57, 1.89, 8.02, 4.52, 4.58, 0.56], [5.57, 8.71, 8.98, 7.3, 1.41, 5.09, 6.3], [2.79, 3.58, 9.87, 3.61, 3.51, 7.13, 2.78]]",5.0,9.87,135,"[0.02, 0.05, 0.05, 0.88]","[[0, 0, 0, 7, 0, 0, 0, 0], [0, 0, 0, 8, 0, 0, 0, 0], [0, 0, 0, 6, 0, 0, 0, 0], [0, 1, 2, 3, 4, 5, 10, 9]]",2.994
2694,0.01,7,"[[7.74, 3.22, 6.43, 3.71, 7.81, 4.87, 5.0], [6.79, 7.24, 2.38, 4.86, 3.87, 6.17, 4.92], [3.15, 9.58, 2.44, 5.2, 8.45, 2.58, 2.29], [4.2, 1.81, 5.9, 9.47, 8.69, 2.45, 6.94]]",5.0,6.94,135,"[0.15, 0.38, 0.14, 0.33]","[[0, 0, 5, 0, 0, 0, 11, 15], [0, 1, 2, 3, 4, 8, 9, 10], [0, 0, 6, 0, 0, 0, 12, 16], [0, 0, 7, 0, 0, 0, 13, 14]]",2.994
2695,0.01,2,"[[1.92, 6.77, 0.18, 0.58, 7.09, 4.34, 4.61], [2.63, 2.6, 4.89, 2.52, 8.42, 2.23, 4.37], [6.54, 7.27, 4.71, 3.86, 8.83, 4.81, 5.31], [5.47, 8.91, 3.37, 8.65, 6.85, 1.47, 5.12]]",5.0,8.91,135,"[0.31, 0.2, 0.17, 0.32]","[[0, 0, 6, 0, 0, 0, 0, 0], [0, 0, 5, 0, 0, 0, 0, 0], [0, 0, 4, 0, 0, 0, 0, 0], [0, 1, 2, 3, 0, 0, 0, 0]]",2.994
2696,0.01,6,"[[7.11, 5.78, 4.85, 4.33, 7.33, 7.89, 5.26], [5.95, 7.87, 3.44, 7.0, 6.97, 5.22, 6.26], [3.72, 9.35, 7.04, 6.38, 7.42, 6.47, 5.89], [5.94, 4.84, 1.39, 4.52, 3.41, 2.82, 3.73]]",5.0,5.22,135,"[0.33, 0.2, 0.24, 0.23]","[[0, 0, 2, 0, 4, 0, 6, 0], [0, 0, 0, 0, 0, 0, 0, 0], [0, 1, 0, 3, 0, 5, 0, 7], [0, 0, 0, 0, 0, 0, 0, 0]]",2.994
2697,0.01,7,"[[8.02, 3.92, 3.11, 4.49, 4.13, 7.86, 3.71], [5.5, 3.12, 4.78, 4.63, 5.83, 9.55, 5.01], [6.87, 6.07, 1.32, 5.58, 8.22, 5.74, 5.54], [4.62, 3.36, 5.75, 5.59, 2.34, 1.7, 6.64]]",5.0,3.71,135,"[0.25, 0.27, 0.24, 0.24]","[[0, 0, 0, 0, 4, 0, 0, 10], [0, 0, 0, 3, 0, 5, 0, 9], [0, 0, 2, 0, 0, 0, 6, 8], [0, 1, 0, 0, 0, 0, 0, 7]]",2.994
2698,0.01,1,"[[7.91, 1.03, 5.87, 7.52, 6.88, 7.18, 6.1], [5.88, 5.55, 1.78, 3.0, 4.69, 4.52, 8.75], [5.71, 1.25, 6.22, 6.17, 8.38, 7.26, 4.32], [6.4, 8.88, 5.28, 4.23, 1.08, 0.7, 3.39]]",5.0,5.88,135,"[0.3, 0.18, 0.2, 0.32]","[[0, 1, 0, 0, 0, 0, 5, 0], [0, 7, 0, 0, 0, 0, 0, 0], [0, 8, 2, 0, 4, 0, 0, 6], [0, 9, 0, 3, 0, 0, 0, 0]]",2.994
2699,0.01,5,"[[4.41, 7.98, 5.03, 0.94, 6.07, 7.96, 3.08], [7.18, 6.38, 1.11, 4.77, 7.21, 4.82, 4.9], [5.63, 7.2, 7.79, 1.19, 2.56, 6.05, 3.13], [2.67, 2.05, 5.91, 4.15, 9.55, 4.46, 9.22]]",5.0,9.55,135,"[0.04, 0.02, 0.05, 0.89]","[[0, 0, 0, 0, 0, 13, 0, 9], [0, 0, 0, 0, 0, 12, 0, 10], [0, 0, 0, 0, 0, 11, 0, 8], [0, 1, 2, 3, 4, 7, 5, 6]]",2.994
2700,0.01,1,"[[0.02, 0.1, 0.05, 0.19, 0.09, 0.05, 0.06], [0.03, 0.12, 0.22, 0.08, 0.02, 0.07, 0.12], [0.18, 0.19, 0.1, 0.18, 0.18, 0.13, 0.15], [0.08, 0.17, 0.23, 0.11, 0.13, 0.16, 0.07]]",0.13,0.08,136,"[0.06, 0.06, 0.03, 0.85]","[[0, 0, 0, 5, 0, 0, 0, 7], [0, 1, 0, 0, 9, 2, 0, 0], [0, 0, 6, 0, 0, 0, 0, 0], [0, 0, 0, 0, 4, 0, 3, 8]]",0.072
2701,0.01,5,"[[0.23, 0.06, 0.08, 0.13, 0.11, 0.05, 0.11], [0.17, 0.17, 0.17, 0.13, 0.09, 0.2, 0.07], [0.21, 0.11, 0.17, 0.05, 0.13, 0.11, 0.17], [0.16, 0.02, 0.2, 0.19, 0.23, 0.13, 0.13]]",0.13,0.13,136,"[0.24, 0.22, 0.21, 0.33]","[[0, 0, 0, 0, 0, 0, 0, 0], [0, 0, 0, 0, 0, 0, 0, 0], [0, 0, 0, 0, 0, 4, 0, 0], [0, 1, 5, 2, 7, 8, 3, 6]]",0.072
2702,0.01,4,"[[0.18, 0.08, 0.14, 0.2, 0.12, 0.1, 0.1], [0.1, 0.05, 0.2, 0.13, 0.11, 0.09, 0.04], [0.15, 0.11, 0.22, 0.09, 0.14, 0.12, 0.12], [0.17, 0.01, 0.14, 0.05, 0.14, 0.07, 0.08]]",0.13,0.05,136,"[0.3, 0.22, 0.27, 0.21]","[[0, 1, 2, 3, 4, 5, 6, 7], [0, 0, 0, 0, 0, 0, 0, 0], [0, 0, 0, 0, 8, 0, 0, 0], [0, 0, 0, 0, 0, 0, 0, 0]]",0.072
2703,0.01,7,"[[0.14, 0.12, 0.08, 0.02, 0.14, 0.19, 0.09], [0.2, 0.01, 0.13, 0.03, 0.11, 0.06, 0.23], [0.19, 0.12, 0.16, 0.15, 0.16, 0.07, 0.21], [0.09, 0.14, 0.24, 0.12, 0.1, 0.2, 0.16]]",0.13,0.16,136,"[0.36, 0.17, 0.12, 0.35]","[[0, 1, 0, 0, 2, 0, 0, 3], [0, 0, 0, 0, 0, 0, 0, 0], [0, 0, 0, 0, 0, 0, 0, 0], [0, 6, 0, 0, 5, 0, 0, 4]]",0.072
2704,0.01,7,"[[0.11, 0.17, 0.16, 0.1, 0.16, 0.08, 0.16], [0.14, 0.11, 0.1, 0.17, 0.15, 0.09, 0.15], [0.18, 0.13, 0.06, 0.09, 0.04, 0.12, 0.18], [0.24, 0.17, 0.23, 0.17, 0.08, 0.13, 0.06]]",0.13,0.15,136,"[0.26, 0.27, 0.3, 0.17]","[[0, 0, 0, 0, 0, 0, 0, 0], [0, 0, 0, 0, 0, 0, 0, 0], [0, 0, 1, 0, 0, 2, 0, 3], [0, 0, 0, 0, 0, 0, 0, 0]]",0.072
2705,0.01,1,"[[0.15, 0.06, 0.09, 0.11, 0.16, 0.04, 0.14], [0.13, 0.19, 0.06, 0.21, 0.14, 0.09, 0.14], [0.16, 0.13, 0.11, 0.14, 0.1, 0.12, 0.12], [0.2, 0.09, 0.2, 0.06, 0.12, 0.09, 0.16]]",0.13,0.16,136,"[0.08, 0.04, 0.87, 0.01]","[[0, 0, 0, 0, 0, 0, 0, 0], [0, 0, 0, 0, 0, 0, 0, 0], [0, 1, 5, 2, 6, 3, 7, 4], [0, 0, 0, 0, 0, 0, 0, 0]]",0.072
2706,0.01,7,"[[0.2, 0.14, 0.16, 0.12, 0.21, 0.18, 0.23], [0.06, 0.09, 0.16, 0.16, 0.14, 0.12, 0.15], [0.23, 0.08, 0.17, 0.11, 0.04, 0.14, 0.15], [0.06, 0.12, 0.16, 0.23, 0.08, 0.11, 0.15]]",0.13,0.15,136,"[0.33, 0.18, 0.11, 0.38]","[[0, 0, 2, 0, 0, 4, 0, 6], [0, 0, 0, 0, 0, 0, 0, 0], [0, 0, 0, 0, 0, 0, 0, 0], [0, 0, 1, 0, 0, 3, 0, 5]]",0.072
2707,0.01,5,"[[0.19, 0.09, 0.13, 0.2, 0.03, 0.17, 0.2], [0.08, 0.14, 0.18, 0.15, 0.19, 0.11, 0.07], [0.15, 0.06, 0.07, 0.11, 0.19, 0.02, 0.14], [0.12, 0.04, 0.06, 0.04, 0.06, 0.19, 0.09]]",0.13,0.19,136,"[0.02, 0.85, 0.05, 0.08]","[[0, 0, 0, 0, 0, 0, 0, 0], [0, 1, 0, 2, 0, 3, 0, 0], [0, 0, 0, 0, 0, 0, 0, 0], [0, 0, 0, 0, 0, 0, 0, 0]]",0.072
2708,0.01,5,"[[0.05, 0.08, 0.17, 0.15, 0.22, 0.07, 0.07], [0.06, 0.1, 0.12, 0.11, 0.19, 0.16, 0.05], [0.19, 0.16, 0.13, 0.06, 0.18, 0.04, 0.24], [0.15, 0.24, 0.11, 0.13, 0.14, 0.03, 0.01]]",0.13,0.18,136,"[0.86, 0.01, 0.05, 0.08]","[[0, 0, 1, 0, 0, 2, 0, 0], [0, 0, 0, 0, 0, 0, 0, 0], [0, 0, 0, 0, 0, 0, 0, 0], [0, 0, 0, 0, 0, 0, 0, 0]]",0.072
2709,0.01,4,"[[0.06, 0.22, 0.11, 0.12, 0.13, 0.09, 0.18], [0.2, 0.17, 0.05, 0.09, 0.17, 0.16, 0.24], [0.14, 0.03, 0.23, 0.14, 0.04, 0.13, 0.18], [0.16, 0.1, 0.17, 0.16, 0.14, 0.04, 0.05]]",0.13,0.12,136,"[0.87, 0.02, 0.1, 0.01]","[[0, 4, 0, 1, 2, 0, 3, 0], [0, 0, 0, 0, 0, 0, 0, 0], [0, 0, 0, 0, 0, 0, 0, 0], [0, 0, 0, 0, 0, 0, 0, 0]]",0.072
2710,0.01,5,"[[4.41, 7.98, 5.03, 0.94, 6.07, 7.96, 3.08], [7.18, 6.38, 1.11, 4.77, 7.21, 4.82, 4.9], [5.63, 7.2, 7.79, 1.19, 2.56, 6.05, 3.13], [2.67, 2.05, 5.91, 4.15, 9.55, 4.46, 9.22]]",5.0,7.21,136,"[0.04, 0.02, 0.05, 0.89]","[[0, 0, 0, 0, 0, 0, 0, 0], [0, 0, 0, 0, 0, 0, 0, 0], [0, 0, 0, 0, 0, 0, 0, 0], [0, 2, 1, 3, 4, 5, 6, 7]]",2.994
2711,0.01,3,"[[3.74, 4.35, 1.03, 5.02, 2.48, 7.72, 3.91], [9.52, 3.82, 4.46, 2.55, 5.65, 6.25, 0.76], [2.96, 5.49, 2.32, 7.63, 0.35, 8.21, 6.51], [4.09, 2.1, 9.56, 8.08, 0.89, 1.16, 4.1]]",5.0,4.46,136,"[0.04, 0.08, 0.02, 0.86]","[[0, 0, 0, 0, 0, 0, 0, 0], [0, 0, 0, 0, 0, 0, 0, 0], [0, 0, 0, 0, 0, 0, 0, 0], [0, 1, 2, 3, 4, 5, 6, 7]]",2.994
2712,0.01,4,"[[6.38, 4.4, 2.78, 4.02, 3.28, 4.56, 6.79], [6.89, 5.4, 5.87, 9.63, 0.42, 4.93, 4.29], [2.96, 2.23, 8.29, 4.74, 3.72, 2.39, 0.86], [5.36, 5.18, 6.28, 1.08, 2.81, 5.95, 9.65]]",5.0,9.63,136,"[0.2, 0.38, 0.3, 0.12]","[[0, 4, 5, 12, 13, 20, 21, 28], [0, 3, 6, 11, 14, 19, 22, 27], [0, 2, 7, 10, 15, 18, 23, 26], [0, 1, 8, 9, 16, 17, 24, 25]]",2.994
2713,0.01,4,"[[8.51, 2.86, 5.22, 3.29, 7.8, 7.12, 2.91], [7.85, 5.63, 4.76, 5.73, 4.36, 4.99, 0.21], [1.1, 2.64, 4.86, 7.57, 7.15, 0.31, 2.34], [6.38, 5.91, 3.08, 6.0, 7.58, 3.85, 6.26]]",5.0,5.73,136,"[0.19, 0.32, 0.23, 0.26]","[[0, 1, 2, 3, 4, 5, 6, 7], [0, 8, 9, 10, 11, 12, 13, 14], [0, 22, 23, 24, 25, 26, 27, 28], [0, 21, 20, 19, 18, 17, 16, 15]]",2.994
2714,0.01,2,"[[0.72, 5.25, 9.97, 4.85, 8.58, 2.57, 9.15], [5.48, 9.36, 2.36, 9.25, 3.72, 4.76, 6.74], [7.14, 7.36, 2.91, 4.13, 7.03, 8.48, 0.38], [5.84, 6.37, 7.56, 3.71, 4.02, 2.93, 0.09]]",5.0,7.36,136,"[0.03, 0.85, 0.06, 0.06]","[[0, 1, 5, 6, 7, 0, 0, 0], [0, 2, 8, 12, 13, 14, 15, 16], [0, 3, 9, 0, 0, 0, 0, 0], [0, 4, 10, 11, 0, 0, 0, 0]]",2.994
2715,0.01,7,"[[5.71, 4.0, 7.87, 3.26, 8.95, 9.97, 6.35], [4.81, 5.73, 5.74, 5.66, 5.51, 4.81, 7.59], [6.14, 5.62, 3.6, 6.94, 3.42, 3.6, 6.26], [1.09, 4.7, 1.56, 4.05, 2.65, 4.29, 5.33]]",5.0,5.33,136,"[0.02, 0.08, 0.03, 0.87]","[[0, 0, 0, 0, 0, 0, 0, 0], [0, 0, 8, 0, 0, 0, 0, 9], [0, 0, 0, 0, 0, 0, 0, 0], [0, 1, 2, 3, 4, 5, 6, 7]]",2.994
2716,0.01,3,"[[6.19, 1.85, 1.16, 4.28, 2.66, 3.25, 7.93], [4.16, 3.03, 5.34, 3.93, 5.82, 4.05, 2.14], [6.53, 8.89, 6.73, 7.28, 2.75, 0.6, 4.09], [4.95, 6.55, 6.81, 6.9, 1.07, 2.2, 5.26]]",5.0,5.34,136,"[0.03, 0.86, 0.04, 0.07]","[[0, 0, 0, 0, 0, 0, 0, 0], [0, 1, 2, 3, 4, 5, 6, 7], [0, 0, 0, 0, 0, 0, 0, 0], [0, 0, 0, 8, 0, 9, 0, 0]]",2.994
2717,0.01,3,"[[5.28, 9.9, 6.81, 1.61, 2.79, 8.92, 6.09], [3.46, 6.68, 6.44, 3.71, 3.55, 0.25, 8.07], [6.52, 2.17, 8.0, 8.5, 5.35, 1.81, 3.32], [5.89, 1.86, 6.44, 5.29, 3.29, 8.96, 7.12]]",5.0,8.0,136,"[0.23, 0.3, 0.24, 0.23]","[[0, 14, 13, 12, 11, 10, 9, 8], [0, 1, 2, 3, 4, 5, 6, 7], [0, 15, 18, 19, 21, 23, 25, 27], [0, 16, 17, 20, 22, 24, 26, 28]]",2.994
2718,0.01,5,"[[2.88, 2.6, 7.89, 4.77, 7.12, 4.23, 2.87], [3.29, 2.97, 3.82, 9.51, 9.45, 8.27, 5.42], [3.22, 3.81, 4.18, 2.52, 3.48, 3.16, 9.41], [1.89, 5.73, 6.1, 1.69, 4.58, 1.23, 3.5]]",5.0,9.45,136,"[0.2, 0.16, 0.26, 0.38]","[[0, 1, 8, 9, 16, 17, 24, 25], [0, 2, 7, 10, 15, 18, 23, 26], [0, 3, 6, 11, 14, 19, 22, 27], [0, 4, 5, 12, 13, 20, 21, 28]]",2.994
2719,0.01,5,"[[5.77, 3.99, 6.61, 4.81, 8.16, 4.87, 2.84], [5.38, 5.12, 5.88, 4.67, 7.45, 7.64, 1.41], [2.86, 1.79, 4.9, 7.89, 6.3, 3.05, 5.2], [5.28, 6.58, 1.34, 2.2, 4.69, 6.92, 5.01]]",5.0,7.45,136,"[0.34, 0.23, 0.11, 0.32]","[[0, 1, 8, 9, 16, 17, 24, 25], [0, 2, 7, 10, 15, 18, 23, 26], [0, 3, 6, 11, 14, 19, 22, 27], [0, 4, 5, 12, 13, 20, 21, 28]]",2.994
2720,0.0,1,"[[0.1, 0.1, 0.17, 0.08, 0.04, 0.09, 0.12], [0.18, 0.07, 0.12, 0.15, 0.14, 0.22, 0.18], [0.17, 0.02, 0.06, 0.16, 0.1, 0.2, 0.19], [0.23, 0.18, 0.17, 0.22, 0.21, 0.09, 0.19]]",0.13,0.17,137,"[0.21, 0.32, 0.34, 0.13]","[[0, 1, 27, 26, 21, 20, 15, 14], [0, 3, 2, 25, 22, 19, 16, 13], [0, 4, 28, 24, 23, 18, 17, 12], [0, 5, 6, 7, 8, 9, 10, 11]]",0.072
2721,0.0,6,"[[0.15, 0.17, 0.12, 0.06, 0.06, 0.22, 0.15], [0.19, 0.17, 0.21, 0.18, 0.06, 0.19, 0.04], [0.07, 0.13, 0.08, 0.09, 0.18, 0.11, 0.12], [0.16, 0.1, 0.02, 0.11, 0.21, 0.13, 0.19]]",0.13,0.13,137,"[0.09, 0.05, 0.01, 0.85]","[[0, 1, 2, 3, 4, 5, 6, 8], [0, 26, 21, 20, 15, 14, 9, 7], [0, 25, 22, 19, 16, 13, 10, 28], [0, 24, 23, 18, 17, 12, 11, 27]]",0.072
2722,0.0,3,"[[0.02, 0.18, 0.09, 0.13, 0.07, 0.12, 0.08], [0.15, 0.12, 0.24, 0.14, 0.1, 0.01, 0.14], [0.2, 0.14, 0.24, 0.13, 0.22, 0.23, 0.18], [0.11, 0.21, 0.18, 0.07, 0.12, 0.14, 0.14]]",0.13,0.09,137,"[0.85, 0.02, 0.03, 0.1]","[[0, 11, 13, 14, 28, 1, 26, 25], [0, 10, 12, 15, 16, 2, 27, 24], [0, 8, 7, 4, 3, 19, 20, 23], [0, 9, 6, 5, 17, 18, 21, 22]]",0.072
2723,0.0,5,"[[0.14, 0.15, 0.11, 0.2, 0.03, 0.13, 0.04], [0.03, 0.07, 0.1, 0.21, 0.1, 0.13, 0.08], [0.14, 0.03, 0.06, 0.05, 0.15, 0.08, 0.09], [0.13, 0.08, 0.16, 0.01, 0.21, 0.09, 0.05]]",0.13,0.15,137,"[0.06, 0.03, 0.86, 0.05]","[[0, 7, 6, 23, 22, 21, 26, 27], [0, 8, 5, 24, 4, 20, 25, 28], [0, 9, 12, 13, 3, 2, 19, 18], [0, 10, 11, 14, 15, 16, 1, 17]]",0.072
2724,0.0,1,"[[0.11, 0.17, 0.16, 0.1, 0.16, 0.08, 0.16], [0.14, 0.11, 0.1, 0.17, 0.15, 0.09, 0.15], [0.18, 0.13, 0.06, 0.09, 0.04, 0.12, 0.18], [0.24, 0.17, 0.23, 0.17, 0.08, 0.13, 0.06]]",0.13,0.18,137,"[0.26, 0.27, 0.3, 0.17]","[[0, 3, 22, 21, 23, 24, 25, 26], [0, 4, 2, 20, 19, 28, 27, 14], [0, 5, 8, 1, 18, 17, 16, 13], [0, 6, 7, 9, 10, 11, 12, 15]]",0.072
2725,0.0,6,"[[0.06, 0.11, 0.17, 0.23, 0.15, 0.14, 0.21], [0.16, 0.17, 0.08, 0.04, 0.07, 0.21, 0.12], [0.2, 0.19, 0.13, 0.12, 0.17, 0.2, 0.16], [0.1, 0.1, 0.12, 0.16, 0.01, 0.17, 0.09]]",0.13,0.14,137,"[0.23, 0.25, 0.3, 0.22]","[[0, 5, 4, 17, 16, 18, 27, 25], [0, 6, 3, 2, 15, 19, 28, 26], [0, 7, 9, 12, 13, 20, 23, 1], [0, 8, 11, 10, 14, 21, 22, 24]]",0.072
2726,0.0,6,"[[0.07, 0.07, 0.17, 0.05, 0.08, 0.18, 0.15], [0.19, 0.17, 0.06, 0.13, 0.2, 0.13, 0.2], [0.08, 0.18, 0.04, 0.21, 0.15, 0.15, 0.18], [0.06, 0.08, 0.09, 0.02, 0.12, 0.19, 0.09]]",0.13,0.18,137,"[0.31, 0.27, 0.19, 0.23]","[[0, 3, 28, 21, 22, 23, 25, 26], [0, 4, 2, 20, 1, 24, 19, 27], [0, 5, 6, 9, 17, 11, 18, 12], [0, 7, 8, 16, 10, 15, 14, 13]]",0.072
2727,0.0,4,"[[0.2, 0.21, 0.23, 0.23, 0.18, 0.14, 0.22], [0.2, 0.22, 0.22, 0.25, 0.05, 0.12, 0.09], [0.02, 0.05, 0.07, 0.23, 0.14, 0.19, 0.02], [0.12, 0.1, 0.13, 0.23, 0.18, 0.06, 0.24]]",0.13,0.23,137,"[0.08, 0.03, 0.87, 0.02]","[[0, 5, 4, 17, 15, 18, 28, 26], [0, 6, 3, 16, 14, 19, 27, 25], [0, 8, 7, 2, 13, 20, 21, 24], [0, 9, 10, 11, 12, 1, 22, 23]]",0.072
2728,0.0,5,"[[0.15, 0.08, 0.15, 0.12, 0.15, 0.08, 0.22], [0.12, 0.2, 0.22, 0.16, 0.25, 0.12, 0.11], [0.19, 0.22, 0.15, 0.08, 0.12, 0.14, 0.2], [0.21, 0.16, 0.09, 0.16, 0.22, 0.15, 0.19]]",0.13,0.12,137,"[0.05, 0.07, 0.86, 0.02]","[[0, 9, 8, 14, 15, 18, 28, 27], [0, 10, 7, 13, 16, 17, 19, 26], [0, 11, 6, 3, 2, 20, 23, 24], [0, 12, 5, 4, 1, 21, 22, 25]]",0.072
2729,0.0,3,"[[0.22, 0.12, 0.18, 0.2, 0.04, 0.04, 0.16], [0.19, 0.18, 0.17, 0.17, 0.18, 0.2, 0.15], [0.03, 0.13, 0.18, 0.12, 0.17, 0.16, 0.08], [0.21, 0.09, 0.16, 0.11, 0.25, 0.1, 0.16]]",0.13,0.17,137,"[0.34, 0.12, 0.22, 0.32]","[[0, 14, 6, 5, 15, 18, 24, 28], [0, 13, 7, 4, 16, 17, 23, 25], [0, 12, 9, 3, 2, 19, 22, 26], [0, 11, 10, 8, 1, 20, 21, 27]]",0.072
2730,0.0,4,"[[2.65, 1.66, 4.12, 6.28, 3.9, 4.24, 8.17], [4.84, 2.23, 5.57, 7.45, 3.35, 5.55, 3.39], [6.15, 3.53, 5.47, 2.82, 6.99, 9.09, 0.79], [2.47, 2.31, 1.36, 3.11, 4.52, 5.21, 3.31]]",5.0,3.11,137,"[0.01, 0.06, 0.02, 0.91]","[[0, 9, 8, 1, 16, 17, 28, 27], [0, 10, 7, 2, 15, 18, 23, 24], [0, 11, 6, 3, 14, 19, 22, 26], [0, 12, 5, 4, 13, 20, 21, 25]]",2.994
2731,0.0,3,"[[1.89, 1.68, 4.82, 0.64, 6.72, 5.82, 3.47], [2.81, 5.64, 4.93, 5.88, 1.19, 6.58, 2.91], [6.88, 4.96, 4.06, 5.77, 1.03, 4.24, 5.62], [0.22, 1.89, 4.63, 5.2, 4.1, 3.36, 6.44]]",5.0,4.93,137,"[0.25, 0.26, 0.31, 0.18]","[[0, 16, 10, 3, 4, 17, 23, 24], [0, 15, 9, 8, 2, 18, 28, 25], [0, 14, 11, 7, 1, 19, 22, 26], [0, 13, 12, 6, 5, 20, 21, 27]]",2.994
2732,0.0,2,"[[0.72, 5.25, 9.97, 4.85, 8.58, 2.57, 9.15], [5.48, 9.36, 2.36, 9.25, 3.72, 4.76, 6.74], [7.14, 7.36, 2.91, 4.13, 7.03, 8.48, 0.38], [5.84, 6.37, 7.56, 3.71, 4.02, 2.93, 0.09]]",5.0,9.36,137,"[0.03, 0.85, 0.06, 0.06]","[[0, 22, 21, 14, 13, 7, 6, 0], [0, 23, 20, 15, 12, 8, 2, 0], [0, 24, 19, 16, 10, 9, 3, 1], [0, 25, 18, 17, 11, 5, 4, 0]]",2.994
2733,0.0,4,"[[3.74, 4.35, 1.03, 5.02, 2.48, 7.72, 3.91], [9.52, 3.82, 4.46, 2.55, 5.65, 6.25, 0.76], [2.96, 5.49, 2.32, 7.63, 0.35, 8.21, 6.51], [4.09, 2.1, 9.56, 8.08, 0.89, 1.16, 4.1]]",5.0,8.08,137,"[0.04, 0.08, 0.02, 0.86]","[[0, 1, 8, 9, 16, 17, 24, 25], [0, 2, 7, 10, 15, 18, 23, 26], [0, 3, 6, 11, 14, 19, 22, 27], [0, 4, 5, 12, 13, 20, 21, 28]]",2.994
2734,0.0,3,"[[2.09, 7.52, 9.74, 6.72, 2.88, 5.9, 5.87], [6.25, 4.49, 6.66, 2.68, 2.62, 7.58, 4.86], [0.33, 4.49, 3.44, 6.0, 4.73, 0.87, 2.63], [7.63, 1.46, 3.24, 5.72, 7.53, 7.25, 3.01]]",5.0,6.66,137,"[0.34, 0.23, 0.2, 0.23]","[[0, 1, 8, 9, 10, 20, 21, 27], [0, 2, 7, 12, 11, 19, 22, 26], [0, 3, 6, 13, 14, 18, 23, 25], [0, 4, 5, 16, 15, 17, 24, 28]]",2.994
2735,0.0,1,"[[6.19, 1.85, 1.16, 4.28, 2.66, 3.25, 7.93], [4.16, 3.03, 5.34, 3.93, 5.82, 4.05, 2.14], [6.53, 8.89, 6.73, 7.28, 2.75, 0.6, 4.09], [4.95, 6.55, 6.81, 6.9, 1.07, 2.2, 5.26]]",5.0,4.16,137,"[0.03, 0.86, 0.04, 0.07]","[[0, 20, 14, 13, 5, 4, 21, 27], [0, 19, 15, 12, 6, 3, 22, 28], [0, 17, 16, 9, 7, 2, 23, 26], [0, 18, 11, 10, 8, 1, 24, 25]]",2.994
2736,0.0,4,"[[5.11, 2.17, 0.1, 9.47, 2.73, 6.4, 3.36], [4.31, 7.26, 6.36, 8.48, 2.98, 4.68, 5.77], [8.38, 2.0, 6.14, 7.53, 4.7, 1.99, 1.53], [7.09, 5.94, 3.03, 5.37, 2.51, 3.9, 2.79]]",5.0,8.48,137,"[0.31, 0.35, 0.15, 0.19]","[[0, 7, 6, 14, 5, 4, 21, 28], [0, 20, 15, 13, 8, 3, 22, 27], [0, 19, 16, 12, 9, 2, 23, 26], [0, 18, 17, 11, 10, 1, 24, 25]]",2.994
2737,0.0,5,"[[3.95, 8.96, 8.28, 6.18, 7.02, 4.65, 4.21], [7.39, 4.82, 4.44, 1.73, 7.35, 9.66, 2.04], [6.67, 2.62, 2.43, 7.24, 6.32, 7.33, 5.82], [4.75, 4.96, 2.68, 1.71, 6.22, 1.58, 9.11]]",5.0,6.22,137,"[0.25, 0.24, 0.28, 0.23]","[[0, 13, 12, 5, 4, 20, 21, 28], [0, 14, 11, 6, 3, 19, 22, 27], [0, 15, 10, 7, 2, 18, 23, 26], [0, 16, 9, 8, 1, 17, 24, 25]]",2.994
2738,0.0,5,"[[7.04, 7.27, 1.99, 4.87, 6.53, 6.34, 1.47], [5.29, 2.16, 9.06, 4.67, 7.92, 5.41, 7.56], [6.95, 5.35, 1.7, 4.81, 6.84, 1.21, 8.92], [6.63, 5.53, 4.35, 1.42, 5.69, 5.92, 4.12]]",5.0,7.92,137,"[0.07, 0.87, 0.03, 0.03]","[[0, 16, 17, 20, 7, 6, 21, 28], [0, 15, 18, 19, 4, 5, 22, 26], [0, 13, 12, 9, 8, 1, 23, 25], [0, 14, 11, 10, 3, 2, 24, 27]]",2.994
2739,0.0,3,"[[6.38, 4.4, 2.78, 4.02, 3.28, 4.56, 6.79], [6.89, 5.4, 5.87, 9.63, 0.42, 4.93, 4.29], [2.96, 2.23, 8.29, 4.74, 3.72, 2.39, 0.86], [5.36, 5.18, 6.28, 1.08, 2.81, 5.95, 9.65]]",5.0,5.87,137,"[0.2, 0.38, 0.3, 0.12]","[[0, 5, 4, 12, 13, 20, 21, 22], [0, 6, 3, 11, 14, 19, 24, 23], [0, 7, 2, 10, 15, 18, 25, 28], [0, 8, 9, 1, 16, 17, 26, 27]]",2.994
2740,0.0,6,"[[8.02, 3.92, 3.11, 4.49, 4.13, 7.86, 3.71], [5.5, 3.12, 4.78, 4.63, 5.83, 9.55, 5.01], [6.87, 6.07, 1.32, 5.58, 8.22, 5.74, 5.54], [4.62, 3.36, 5.75, 5.59, 2.34, 1.7, 6.64]]",5.0,7.86,138,"[0.25, 0.27, 0.24, 0.24]","[[0, 0, 0, 0, 0, 0, 9, 0], [0, 1, 2, 3, 4, 5, 6, 7], [0, 0, 0, 0, 0, 0, 10, 0], [0, 0, 0, 0, 0, 0, 8, 0]]",2.994
2741,0.0,6,"[[1.32, 1.79, 4.74, 6.52, 9.55, 1.49, 3.36], [2.67, 2.3, 3.39, 7.85, 3.89, 7.4, 8.55], [4.18, 0.46, 4.32, 2.27, 3.18, 8.62, 2.94], [6.02, 2.09, 4.16, 3.95, 2.34, 3.36, 2.27]]",5.0,7.4,138,"[0.16, 0.11, 0.34, 0.39]","[[0, 10, 0, 11, 0, 0, 14, 0], [0, 0, 0, 0, 0, 0, 0, 0], [0, 8, 0, 9, 12, 0, 13, 0], [0, 1, 2, 3, 4, 5, 6, 7]]",2.994
2742,0.0,2,"[[1.92, 6.77, 0.18, 0.58, 7.09, 4.34, 4.61], [2.63, 2.6, 4.89, 2.52, 8.42, 2.23, 4.37], [6.54, 7.27, 4.71, 3.86, 8.83, 4.81, 5.31], [5.47, 8.91, 3.37, 8.65, 6.85, 1.47, 5.12]]",5.0,8.91,138,"[0.31, 0.2, 0.17, 0.32]","[[0, 11, 4, 12, 10, 0, 0, 0], [0, 0, 5, 0, 0, 0, 0, 0], [0, 0, 0, 0, 0, 0, 0, 0], [0, 1, 2, 3, 6, 7, 8, 9]]",2.994
2743,0.0,3,"[[3.74, 4.35, 1.03, 5.02, 2.48, 7.72, 3.91], [9.52, 3.82, 4.46, 2.55, 5.65, 6.25, 0.76], [2.96, 5.49, 2.32, 7.63, 0.35, 8.21, 6.51], [4.09, 2.1, 9.56, 8.08, 0.89, 1.16, 4.1]]",5.0,9.56,138,"[0.04, 0.08, 0.02, 0.86]","[[0, 0, 0, 0, 0, 0, 0, 0], [0, 0, 0, 0, 0, 0, 0, 0], [0, 0, 0, 0, 0, 0, 0, 0], [0, 1, 2, 3, 4, 0, 0, 0]]",2.994
2744,0.0,3,"[[2.88, 2.6, 7.89, 4.77, 7.12, 4.23, 2.87], [3.29, 2.97, 3.82, 9.51, 9.45, 8.27, 5.42], [3.22, 3.81, 4.18, 2.52, 3.48, 3.16, 9.41], [1.89, 5.73, 6.1, 1.69, 4.58, 1.23, 3.5]]",5.0,3.82,138,"[0.2, 0.16, 0.26, 0.38]","[[0, 0, 0, 0, 0, 0, 0, 0], [0, 0, 0, 0, 0, 0, 0, 0], [0, 0, 9, 8, 0, 10, 0, 0], [0, 1, 2, 3, 4, 5, 6, 7]]",2.994
2745,0.0,1,"[[2.44, 7.36, 6.46, 5.15, 7.43, 1.32, 0.71], [3.96, 8.36, 4.6, 6.91, 2.69, 5.0, 1.64], [8.24, 5.23, 2.67, 1.92, 6.03, 2.88, 7.54], [1.43, 5.93, 6.77, 1.1, 3.47, 5.78, 6.1]]",5.0,8.24,138,"[0.02, 0.06, 0.89, 0.03]","[[0, 0, 0, 0, 0, 0, 0, 0], [0, 0, 0, 0, 0, 0, 0, 0], [0, 1, 2, 3, 4, 5, 6, 7], [0, 0, 0, 0, 0, 0, 0, 0]]",2.994
2746,0.0,6,"[[6.18, 4.93, 6.72, 3.3, 6.34, 6.06, 5.41], [7.2, 2.38, 3.93, 9.67, 4.79, 7.96, 3.99], [0.82, 2.25, 1.43, 2.43, 5.42, 7.07, 9.93], [9.97, 3.97, 5.79, 8.9, 4.27, 7.39, 5.81]]",5.0,7.96,138,"[0.28, 0.28, 0.19, 0.25]","[[0, 1, 3, 5, 7, 9, 11, 13], [0, 2, 4, 6, 8, 10, 12, 14], [0, 18, 0, 0, 20, 0, 19, 0], [0, 16, 0, 0, 17, 0, 15, 0]]",2.994
2747,0.0,4,"[[7.32, 4.38, 4.99, 7.76, 5.0, 5.94, 2.36], [8.4, 3.61, 8.45, 4.23, 7.02, 4.36, 9.23], [1.69, 3.23, 3.54, 3.86, 3.72, 2.06, 0.61], [7.94, 7.02, 6.73, 4.28, 8.5, 0.13, 2.63]]",5.0,7.76,138,"[0.85, 0.03, 0.11, 0.01]","[[0, 1, 2, 3, 4, 5, 6, 7], [0, 0, 0, 0, 0, 0, 0, 0], [0, 0, 0, 0, 0, 0, 0, 0], [0, 0, 0, 0, 0, 0, 0, 0]]",2.994
2748,0.0,7,"[[8.39, 1.9, 3.96, 5.78, 2.24, 5.8, 4.1], [0.94, 5.02, 2.49, 5.54, 6.54, 4.33, 9.65], [7.94, 7.8, 4.1, 9.82, 1.59, 4.84, 8.58], [8.96, 7.49, 1.94, 3.92, 0.76, 2.82, 6.17]]",5.0,9.65,138,"[0.11, 0.85, 0.02, 0.02]","[[0, 0, 0, 0, 0, 0, 0, 0], [0, 1, 2, 3, 4, 5, 6, 7], [0, 0, 0, 0, 0, 0, 0, 0], [0, 0, 0, 0, 0, 0, 0, 0]]",2.994
2749,0.0,3,"[[7.04, 7.27, 1.99, 4.87, 6.53, 6.34, 1.47], [5.29, 2.16, 9.06, 4.67, 7.92, 5.41, 7.56], [6.95, 5.35, 1.7, 4.81, 6.84, 1.21, 8.92], [6.63, 5.53, 4.35, 1.42, 5.69, 5.92, 4.12]]",5.0,9.06,138,"[0.07, 0.87, 0.03, 0.03]","[[0, 0, 0, 0, 0, 0, 0, 0], [0, 1, 2, 3, 4, 0, 0, 0], [0, 0, 0, 0, 0, 0, 0, 0], [0, 0, 0, 0, 0, 0, 0, 0]]",2.994
2750,0.0,3,"[[0.18, 0.08, 0.14, 0.2, 0.12, 0.1, 0.1], [0.1, 0.05, 0.2, 0.13, 0.11, 0.09, 0.04], [0.15, 0.11, 0.22, 0.09, 0.14, 0.12, 0.12], [0.17, 0.01, 0.14, 0.05, 0.14, 0.07, 0.08]]",0.13,0.22,138,"[0.3, 0.22, 0.27, 0.21]","[[0, 0, 0, 0, 0, 0, 0, 0], [0, 0, 0, 0, 0, 0, 0, 0], [0, 0, 0, 0, 0, 0, 0, 0], [0, 0, 0, 0, 0, 0, 0, 0]]",0.072
2751,0.0,2,"[[0.01, 0.19, 0.1, 0.03, 0.13, 0.15, 0.13], [0.17, 0.18, 0.07, 0.17, 0.17, 0.12, 0.12], [0.11, 0.17, 0.18, 0.22, 0.08, 0.06, 0.07], [0.12, 0.02, 0.07, 0.16, 0.17, 0.14, 0.04]]",0.13,0.18,138,"[0.3, 0.29, 0.13, 0.28]","[[0, 0, 0, 0, 0, 0, 0, 0], [0, 0, 0, 0, 0, 0, 0, 0], [0, 0, 0, 0, 0, 0, 0, 0], [0, 0, 0, 0, 0, 0, 0, 0]]",0.072
2752,0.0,7,"[[0.15, 0.17, 0.12, 0.06, 0.06, 0.22, 0.15], [0.19, 0.17, 0.21, 0.18, 0.06, 0.19, 0.04], [0.07, 0.13, 0.08, 0.09, 0.18, 0.11, 0.12], [0.16, 0.1, 0.02, 0.11, 0.21, 0.13, 0.19]]",0.13,0.19,138,"[0.09, 0.05, 0.01, 0.85]","[[0, 0, 0, 0, 0, 0, 0, 0], [0, 0, 0, 0, 0, 0, 0, 0], [0, 0, 0, 0, 0, 0, 0, 0], [0, 0, 0, 0, 0, 0, 0, 0]]",0.072
2753,0.0,2,"[[0.15, 0.2, 0.21, 0.14, 0.15, 0.21, 0.2], [0.1, 0.12, 0.15, 0.05, 0.19, 0.19, 0.19], [0.2, 0.18, 0.22, 0.07, 0.23, 0.17, 0.15], [0.25, 0.17, 0.14, 0.07, 0.06, 0.14, 0.21]]",0.13,0.17,138,"[0.33, 0.32, 0.13, 0.22]","[[0, 0, 0, 0, 0, 0, 0, 0], [0, 0, 0, 0, 0, 0, 0, 0], [0, 0, 0, 0, 0, 0, 0, 0], [0, 0, 0, 0, 0, 0, 0, 0]]",0.072
2754,0.0,5,"[[0.11, 0.22, 0.08, 0.2, 0.14, 0.03, 0.13], [0.17, 0.02, 0.02, 0.09, 0.21, 0.16, 0.15], [0.09, 0.18, 0.16, 0.17, 0.05, 0.09, 0.1], [0.18, 0.05, 0.09, 0.19, 0.24, 0.18, 0.12]]",0.13,0.14,138,"[0.33, 0.18, 0.11, 0.38]","[[0, 0, 0, 0, 0, 0, 0, 0], [0, 0, 0, 0, 0, 0, 0, 0], [0, 0, 0, 0, 0, 0, 0, 0], [0, 0, 0, 0, 0, 0, 0, 0]]",0.072
2755,0.0,4,"[[0.05, 0.08, 0.17, 0.15, 0.22, 0.07, 0.07], [0.06, 0.1, 0.12, 0.11, 0.19, 0.16, 0.05], [0.19, 0.16, 0.13, 0.06, 0.18, 0.04, 0.24], [0.15, 0.24, 0.11, 0.13, 0.14, 0.03, 0.01]]",0.13,0.15,138,"[0.86, 0.01, 0.05, 0.08]","[[0, 0, 0, 0, 0, 0, 0, 0], [0, 0, 0, 0, 0, 0, 0, 0], [0, 0, 0, 0, 0, 0, 0, 0], [0, 0, 0, 0, 0, 0, 0, 0]]",0.072
2756,0.0,4,"[[0.07, 0.16, 0.11, 0.2, 0.2, 0.19, 0.16], [0.15, 0.22, 0.24, 0.17, 0.18, 0.12, 0.12], [0.11, 0.16, 0.11, 0.12, 0.21, 0.06, 0.16], [0.17, 0.22, 0.15, 0.11, 0.24, 0.11, 0.17]]",0.13,0.11,138,"[0.09, 0.03, 0.01, 0.87]","[[0, 0, 0, 0, 0, 0, 0, 0], [0, 0, 0, 0, 0, 0, 0, 0], [0, 0, 0, 0, 0, 0, 0, 0], [0, 0, 0, 0, 0, 0, 0, 0]]",0.072
2757,0.0,6,"[[0.19, 0.11, 0.24, 0.23, 0.21, 0.14, 0.16], [0.12, 0.1, 0.02, 0.19, 0.1, 0.08, 0.14], [0.05, 0.21, 0.07, 0.2, 0.09, 0.02, 0.23], [0.09, 0.04, 0.09, 0.14, 0.18, 0.2, 0.23]]",0.13,0.02,138,"[0.03, 0.01, 0.92, 0.04]","[[0, 0, 0, 0, 0, 0, 0, 0], [0, 0, 0, 0, 0, 0, 0, 0], [0, 0, 0, 0, 0, 0, 0, 0], [0, 0, 0, 0, 0, 0, 0, 0]]",0.072
2758,0.0,1,"[[0.2, 0.14, 0.16, 0.12, 0.21, 0.18, 0.23], [0.06, 0.09, 0.16, 0.16, 0.14, 0.12, 0.15], [0.23, 0.08, 0.17, 0.11, 0.04, 0.14, 0.15], [0.06, 0.12, 0.16, 0.23, 0.08, 0.11, 0.15]]",0.13,0.06,138,"[0.33, 0.18, 0.11, 0.38]","[[0, 0, 0, 0, 0, 0, 0, 0], [0, 0, 0, 0, 0, 0, 0, 0], [0, 0, 0, 0, 0, 0, 0, 0], [0, 0, 0, 0, 0, 0, 0, 0]]",0.072
2759,0.0,7,"[[0.12, 0.04, 0.15, 0.03, 0.12, 0.21, 0.16], [0.15, 0.15, 0.1, 0.11, 0.22, 0.11, 0.06], [0.06, 0.07, 0.19, 0.11, 0.05, 0.07, 0.16], [0.05, 0.12, 0.14, 0.09, 0.12, 0.13, 0.02]]",0.13,0.16,138,"[0.04, 0.05, 0.89, 0.02]","[[0, 0, 0, 0, 0, 0, 0, 0], [0, 0, 0, 0, 0, 0, 0, 0], [0, 0, 0, 0, 0, 0, 0, 0], [0, 0, 0, 0, 0, 0, 0, 0]]",0.072
2760,0.01,4,"[[0.14, 0.16, 0.16, 0.21, 0.14, 0.04, 0.08], [0.06, 0.2, 0.17, 0.04, 0.15, 0.07, 0.15], [0.13, 0.19, 0.14, 0.02, 0.08, 0.23, 0.1], [0.15, 0.03, 0.13, 0.07, 0.13, 0.07, 0.19]]",0.13,0.04,139,"[0.26, 0.28, 0.24, 0.22]","[[0, 1, 0, 0, 0, 0, 0, 0], [0, 0, 2, 0, 0, 0, 0, 0], [0, 0, 0, 0, 0, 0, 0, 0], [0, 0, 0, 3, 0, 0, 0, 0]]",0.072
2761,0.01,4,"[[0.1, 0.22, 0.11, 0.07, 0.15, 0.15, 0.08], [0.22, 0.14, 0.05, 0.13, 0.2, 0.14, 0.2], [0.02, 0.25, 0.2, 0.08, 0.15, 0.02, 0.07], [0.11, 0.1, 0.17, 0.14, 0.2, 0.08, 0.11]]",0.13,0.07,139,"[0.87, 0.08, 0.02, 0.03]","[[0, 2, 0, 0, 0, 0, 0, 5], [0, 1, 0, 0, 0, 0, 0, 0], [0, 3, 0, 0, 0, 0, 0, 0], [0, 4, 0, 0, 0, 0, 0, 0]]",0.072
2762,0.01,1,"[[0.08, 0.08, 0.03, 0.08, 0.06, 0.11, 0.11], [0.21, 0.12, 0.16, 0.16, 0.17, 0.12, 0.08], [0.24, 0.22, 0.1, 0.12, 0.06, 0.2, 0.05], [0.13, 0.19, 0.1, 0.18, 0.14, 0.09, 0.16]]",0.13,0.24,139,"[0.12, 0.34, 0.21, 0.33]","[[0, 0, 0, 0, 0, 0, 0, 0], [0, 1, 0, 0, 0, 0, 0, 0], [0, 0, 0, 0, 0, 0, 0, 0], [0, 0, 0, 0, 0, 0, 0, 2]]",0.072
2763,0.01,7,"[[0.19, 0.09, 0.13, 0.2, 0.03, 0.17, 0.2], [0.08, 0.14, 0.18, 0.15, 0.19, 0.11, 0.07], [0.15, 0.06, 0.07, 0.11, 0.19, 0.02, 0.14], [0.12, 0.04, 0.06, 0.04, 0.06, 0.19, 0.09]]",0.13,0.07,139,"[0.02, 0.85, 0.05, 0.08]","[[0, 1, 0, 0, 0, 0, 0, 0], [0, 2, 0, 0, 0, 0, 0, 0], [0, 0, 0, 0, 0, 0, 0, 0], [0, 0, 0, 0, 0, 0, 0, 0]]",0.072
2764,0.01,1,"[[0.22, 0.12, 0.18, 0.2, 0.04, 0.04, 0.16], [0.19, 0.18, 0.17, 0.17, 0.18, 0.2, 0.15], [0.03, 0.13, 0.18, 0.12, 0.17, 0.16, 0.08], [0.21, 0.09, 0.16, 0.11, 0.25, 0.1, 0.16]]",0.13,0.21,139,"[0.34, 0.12, 0.22, 0.32]","[[0, 1, 0, 0, 0, 0, 7, 2], [0, 0, 0, 0, 0, 5, 0, 0], [0, 6, 0, 0, 0, 0, 0, 0], [0, 3, 0, 0, 0, 0, 0, 4]]",0.072
2765,0.01,7,"[[0.12, 0.17, 0.14, 0.13, 0.11, 0.07, 0.23], [0.21, 0.03, 0.18, 0.17, 0.22, 0.07, 0.12], [0.06, 0.15, 0.14, 0.1, 0.11, 0.15, 0.22], [0.13, 0.03, 0.18, 0.17, 0.07, 0.25, 0.1]]",0.13,0.12,139,"[0.39, 0.18, 0.15, 0.28]","[[0, 1, 0, 0, 5, 0, 0, 3], [0, 0, 0, 0, 0, 0, 0, 0], [0, 2, 0, 0, 6, 0, 0, 4], [0, 0, 0, 0, 0, 0, 0, 0]]",0.072
2766,0.01,6,"[[0.14, 0.12, 0.08, 0.02, 0.14, 0.19, 0.09], [0.2, 0.01, 0.13, 0.03, 0.11, 0.06, 0.23], [0.19, 0.12, 0.16, 0.15, 0.16, 0.07, 0.21], [0.09, 0.14, 0.24, 0.12, 0.1, 0.2, 0.16]]",0.13,0.2,139,"[0.36, 0.17, 0.12, 0.35]","[[0, 2, 10, 11, 7, 12, 9, 6], [0, 4, 0, 0, 0, 0, 0, 0], [0, 3, 0, 0, 8, 0, 0, 0], [0, 1, 0, 0, 0, 0, 0, 5]]",0.072
2767,0.01,4,"[[0.2, 0.21, 0.23, 0.23, 0.18, 0.14, 0.22], [0.2, 0.22, 0.22, 0.25, 0.05, 0.12, 0.09], [0.02, 0.05, 0.07, 0.23, 0.14, 0.19, 0.02], [0.12, 0.1, 0.13, 0.23, 0.18, 0.06, 0.24]]",0.13,0.23,139,"[0.08, 0.03, 0.87, 0.02]","[[0, 0, 0, 0, 6, 0, 0, 0], [0, 3, 0, 0, 5, 0, 0, 4], [0, 1, 0, 0, 0, 0, 0, 2], [0, 0, 0, 0, 7, 0, 0, 0]]",0.072
2768,0.01,4,"[[0.08, 0.23, 0.11, 0.15, 0.14, 0.16, 0.07], [0.19, 0.17, 0.09, 0.16, 0.14, 0.09, 0.03], [0.13, 0.11, 0.24, 0.17, 0.14, 0.06, 0.15], [0.09, 0.17, 0.09, 0.17, 0.19, 0.1, 0.17]]",0.13,0.17,139,"[0.01, 0.02, 0.11, 0.86]","[[0, 1, 0, 0, 5, 0, 0, 2], [0, 0, 0, 0, 0, 0, 0, 0], [0, 0, 0, 0, 0, 0, 0, 0], [0, 3, 0, 0, 6, 0, 0, 4]]",0.072
2769,0.01,1,"[[0.11, 0.18, 0.17, 0.05, 0.02, 0.11, 0.14], [0.16, 0.12, 0.11, 0.08, 0.11, 0.16, 0.08], [0.12, 0.16, 0.05, 0.23, 0.13, 0.08, 0.03], [0.17, 0.24, 0.1, 0.22, 0.06, 0.14, 0.05]]",0.13,0.12,139,"[0.01, 0.08, 0.86, 0.05]","[[0, 1, 0, 0, 5, 0, 0, 2], [0, 0, 0, 0, 0, 0, 0, 0], [0, 0, 0, 0, 0, 0, 0, 0], [0, 4, 0, 0, 6, 0, 0, 3]]",0.072
2770,0.01,1,"[[5.92, 9.68, 5.15, 2.59, 5.89, 7.38, 2.85], [1.22, 5.64, 6.3, 3.82, 9.13, 6.51, 3.36], [6.72, 1.0, 8.86, 8.25, 8.82, 6.13, 4.12], [7.5, 7.75, 5.39, 3.9, 7.48, 3.23, 1.98]]",5.0,5.92,139,"[0.3, 0.17, 0.24, 0.29]","[[0, 1, 0, 0, 3, 0, 0, 2], [0, 0, 0, 0, 0, 0, 0, 0], [0, 0, 0, 0, 0, 0, 0, 0], [0, 4, 0, 0, 0, 0, 0, 5]]",2.994
2771,0.01,4,"[[6.38, 4.4, 2.78, 4.02, 3.28, 4.56, 6.79], [6.89, 5.4, 5.87, 9.63, 0.42, 4.93, 4.29], [2.96, 2.23, 8.29, 4.74, 3.72, 2.39, 0.86], [5.36, 5.18, 6.28, 1.08, 2.81, 5.95, 9.65]]",5.0,9.63,139,"[0.2, 0.38, 0.3, 0.12]","[[0, 1, 0, 0, 5, 0, 0, 2], [0, 0, 0, 0, 0, 0, 0, 0], [0, 0, 0, 0, 0, 0, 0, 0], [0, 4, 0, 6, 7, 0, 0, 3]]",2.994
2772,0.01,7,"[[6.19, 1.85, 1.16, 4.28, 2.66, 3.25, 7.93], [4.16, 3.03, 5.34, 3.93, 5.82, 4.05, 2.14], [6.53, 8.89, 6.73, 7.28, 2.75, 0.6, 4.09], [4.95, 6.55, 6.81, 6.9, 1.07, 2.2, 5.26]]",5.0,2.14,139,"[0.03, 0.86, 0.04, 0.07]","[[0, 6, 8, 9, 1, 10, 7, 3], [0, 0, 0, 0, 0, 0, 0, 0], [0, 0, 0, 0, 0, 0, 0, 0], [0, 5, 0, 0, 2, 0, 0, 4]]",2.994
2773,0.01,4,"[[1.89, 1.68, 4.82, 0.64, 6.72, 5.82, 3.47], [2.81, 5.64, 4.93, 5.88, 1.19, 6.58, 2.91], [6.88, 4.96, 4.06, 5.77, 1.03, 4.24, 5.62], [0.22, 1.89, 4.63, 5.2, 4.1, 3.36, 6.44]]",5.0,5.88,139,"[0.25, 0.26, 0.31, 0.18]","[[0, 5, 0, 0, 4, 0, 0, 9], [0, 1, 0, 0, 3, 0, 0, 2], [0, 0, 0, 0, 0, 0, 0, 0], [0, 7, 0, 0, 6, 0, 0, 8]]",2.994
2774,0.01,1,"[[1.92, 6.77, 0.18, 0.58, 7.09, 4.34, 4.61], [2.63, 2.6, 4.89, 2.52, 8.42, 2.23, 4.37], [6.54, 7.27, 4.71, 3.86, 8.83, 4.81, 5.31], [5.47, 8.91, 3.37, 8.65, 6.85, 1.47, 5.12]]",5.0,5.47,139,"[0.31, 0.2, 0.17, 0.32]","[[0, 0, 0, 0, 1, 0, 0, 0], [0, 0, 0, 0, 0, 0, 0, 0], [0, 3, 0, 0, 4, 0, 0, 2], [0, 0, 0, 0, 0, 0, 0, 0]]",2.994
2775,0.01,1,"[[7.04, 7.27, 1.99, 4.87, 6.53, 6.34, 1.47], [5.29, 2.16, 9.06, 4.67, 7.92, 5.41, 7.56], [6.95, 5.35, 1.7, 4.81, 6.84, 1.21, 8.92], [6.63, 5.53, 4.35, 1.42, 5.69, 5.92, 4.12]]",5.0,6.63,139,"[0.07, 0.87, 0.03, 0.03]","[[0, 1, 0, 0, 5, 0, 0, 3], [0, 2, 0, 0, 6, 0, 0, 4], [0, 0, 0, 0, 0, 0, 0, 0], [0, 0, 0, 0, 0, 0, 0, 0]]",2.994
2776,0.01,1,"[[8.51, 2.86, 5.22, 3.29, 7.8, 7.12, 2.91], [7.85, 5.63, 4.76, 5.73, 4.36, 4.99, 0.21], [1.1, 2.64, 4.86, 7.57, 7.15, 0.31, 2.34], [6.38, 5.91, 3.08, 6.0, 7.58, 3.85, 6.26]]",5.0,8.51,139,"[0.19, 0.32, 0.23, 0.26]","[[0, 1, 0, 0, 3, 0, 0, 2], [0, 0, 0, 0, 0, 0, 0, 0], [0, 0, 0, 0, 0, 0, 0, 0], [0, 4, 0, 0, 0, 0, 0, 5]]",2.994
2777,0.01,1,"[[5.93, 4.61, 6.44, 6.58, 0.77, 6.66, 0.58], [1.24, 4.91, 5.63, 0.45, 3.38, 4.94, 3.12], [7.83, 1.4, 2.04, 7.87, 6.09, 6.31, 5.4], [6.34, 6.33, 4.75, 6.81, 8.3, 6.3, 9.27]]",5.0,7.83,139,"[0.01, 0.1, 0.87, 0.02]","[[0, 1, 0, 6, 3, 0, 0, 2], [0, 0, 0, 0, 0, 0, 0, 0], [0, 0, 0, 0, 0, 0, 0, 0], [0, 5, 0, 7, 4, 0, 0, 0]]",2.994
2778,0.01,7,"[[5.16, 3.84, 2.97, 6.89, 7.92, 3.02, 6.81], [6.93, 3.64, 5.33, 8.47, 3.82, 8.88, 7.83], [4.51, 5.38, 9.21, 3.79, 4.77, 9.29, 4.59], [3.55, 8.48, 4.66, 2.28, 3.95, 2.95, 5.67]]",5.0,4.59,139,"[0.86, 0.08, 0.05, 0.01]","[[0, 1, 0, 0, 3, 0, 0, 2], [0, 0, 0, 0, 0, 0, 0, 0], [0, 0, 0, 0, 0, 0, 0, 0], [0, 4, 0, 0, 5, 0, 0, 6]]",2.994
2779,0.01,2,"[[5.97, 8.23, 1.24, 7.62, 4.62, 4.29, 5.98], [8.29, 4.65, 5.55, 1.01, 2.98, 8.74, 8.92], [1.93, 2.81, 4.79, 6.01, 7.29, 6.55, 4.48], [9.09, 1.98, 6.38, 4.5, 3.08, 5.26, 4.47]]",5.0,2.81,139,"[0.86, 0.01, 0.12, 0.01]","[[0, 1, 9, 11, 6, 14, 10, 3], [0, 0, 0, 0, 0, 0, 0, 0], [0, 0, 0, 0, 0, 0, 0, 0], [0, 2, 7, 12, 5, 13, 8, 4]]",2.994
2780,0.01,2,"[[0.01, 0.19, 0.1, 0.03, 0.13, 0.15, 0.13], [0.17, 0.18, 0.07, 0.17, 0.17, 0.12, 0.12], [0.11, 0.17, 0.18, 0.22, 0.08, 0.06, 0.07], [0.12, 0.02, 0.07, 0.16, 0.17, 0.14, 0.04]]",0.13,0.02,140,"[0.3, 0.29, 0.13, 0.28]","[[0, 1, 2, 3, 4, 5, 6, 7], [0, 8, 9, 10, 11, 12, 13, 14], [0, 0, 0, 0, 0, 0, 0, 0], [0, 0, 0, 0, 0, 0, 0, 0]]",0.072
2781,0.01,4,"[[0.21, 0.18, 0.18, 0.07, 0.17, 0.09, 0.08], [0.07, 0.09, 0.01, 0.16, 0.02, 0.06, 0.25], [0.21, 0.16, 0.24, 0.08, 0.24, 0.16, 0.09], [0.17, 0.08, 0.18, 0.24, 0.11, 0.09, 0.22]]",0.13,0.08,140,"[0.21, 0.27, 0.2, 0.32]","[[0, 0, 0, 0, 0, 0, 0, 0], [0, 0, 0, 0, 0, 0, 0, 0], [0, 0, 0, 0, 0, 0, 0, 0], [0, 1, 2, 3, 4, 5, 0, 0]]",0.072
2782,0.01,7,"[[0.09, 0.06, 0.16, 0.11, 0.12, 0.22, 0.04], [0.11, 0.19, 0.13, 0.18, 0.2, 0.12, 0.12], [0.11, 0.08, 0.15, 0.06, 0.15, 0.13, 0.16], [0.08, 0.15, 0.2, 0.17, 0.24, 0.04, 0.12]]",0.13,0.16,140,"[0.15, 0.32, 0.21, 0.32]","[[0, 0, 0, 0, 0, 0, 0, 0], [0, 0, 0, 0, 0, 0, 0, 0], [0, 0, 0, 0, 0, 0, 0, 0], [0, 0, 0, 0, 0, 0, 0, 0]]",0.072
2783,0.01,7,"[[0.17, 0.04, 0.18, 0.09, 0.04, 0.16, 0.22], [0.22, 0.14, 0.04, 0.11, 0.04, 0.23, 0.13], [0.09, 0.1, 0.01, 0.06, 0.15, 0.17, 0.05], [0.04, 0.06, 0.1, 0.03, 0.1, 0.03, 0.15]]",0.13,0.13,140,"[0.35, 0.15, 0.13, 0.37]","[[0, 0, 0, 0, 0, 0, 0, 0], [0, 0, 0, 0, 0, 0, 0, 0], [0, 0, 0, 0, 0, 0, 0, 0], [0, 4, 3, 2, 1, 5, 6, 7]]",0.072
2784,0.01,4,"[[0.2, 0.21, 0.23, 0.23, 0.18, 0.14, 0.22], [0.2, 0.22, 0.22, 0.25, 0.05, 0.12, 0.09], [0.02, 0.05, 0.07, 0.23, 0.14, 0.19, 0.02], [0.12, 0.1, 0.13, 0.23, 0.18, 0.06, 0.24]]",0.13,0.23,140,"[0.08, 0.03, 0.87, 0.02]","[[0, 0, 0, 0, 0, 0, 0, 0], [0, 0, 0, 0, 0, 0, 0, 0], [0, 1, 2, 3, 4, 5, 0, 0], [0, 0, 0, 0, 0, 0, 0, 0]]",0.072
2785,0.01,5,"[[0.14, 0.15, 0.11, 0.2, 0.03, 0.13, 0.04], [0.03, 0.07, 0.1, 0.21, 0.1, 0.13, 0.08], [0.14, 0.03, 0.06, 0.05, 0.15, 0.08, 0.09], [0.13, 0.08, 0.16, 0.01, 0.21, 0.09, 0.05]]",0.13,0.15,140,"[0.06, 0.03, 0.86, 0.05]","[[0, 0, 0, 0, 0, 0, 0, 0], [0, 0, 0, 0, 0, 0, 0, 0], [0, 7, 1, 2, 6, 3, 4, 5], [0, 0, 0, 0, 0, 0, 0, 0]]",0.072
2786,0.01,5,"[[0.05, 0.08, 0.17, 0.15, 0.22, 0.07, 0.07], [0.06, 0.1, 0.12, 0.11, 0.19, 0.16, 0.05], [0.19, 0.16, 0.13, 0.06, 0.18, 0.04, 0.24], [0.15, 0.24, 0.11, 0.13, 0.14, 0.03, 0.01]]",0.13,0.22,140,"[0.86, 0.01, 0.05, 0.08]","[[0, 1, 2, 3, 4, 5, 6, 7], [0, 0, 0, 0, 0, 0, 0, 0], [0, 0, 0, 0, 0, 0, 0, 0], [0, 0, 0, 0, 0, 0, 0, 0]]",0.072
2787,0.01,5,"[[0.11, 0.06, 0.11, 0.08, 0.17, 0.11, 0.11], [0.14, 0.12, 0.06, 0.14, 0.09, 0.14, 0.12], [0.04, 0.15, 0.09, 0.13, 0.15, 0.18, 0.21], [0.1, 0.08, 0.17, 0.08, 0.19, 0.13, 0.19]]",0.13,0.19,140,"[0.26, 0.2, 0.27, 0.27]","[[0, 0, 0, 0, 0, 0, 0, 0], [0, 0, 0, 0, 0, 0, 0, 0], [0, 0, 0, 0, 0, 0, 0, 0], [0, 0, 0, 0, 0, 0, 0, 0]]",0.072
2788,0.01,3,"[[0.02, 0.1, 0.05, 0.19, 0.09, 0.05, 0.06], [0.03, 0.12, 0.22, 0.08, 0.02, 0.07, 0.12], [0.18, 0.19, 0.1, 0.18, 0.18, 0.13, 0.15], [0.08, 0.17, 0.23, 0.11, 0.13, 0.16, 0.07]]",0.13,0.23,140,"[0.06, 0.06, 0.03, 0.85]","[[0, 0, 0, 0, 0, 0, 0, 0], [0, 0, 0, 0, 0, 0, 0, 0], [0, 0, 0, 0, 0, 0, 0, 0], [0, 1, 2, 3, 0, 0, 0, 0]]",0.072
2789,0.01,2,"[[0.18, 0.08, 0.04, 0.19, 0.05, 0.05, 0.16], [0.09, 0.22, 0.23, 0.17, 0.13, 0.24, 0.18], [0.21, 0.2, 0.1, 0.14, 0.11, 0.11, 0.19], [0.23, 0.14, 0.16, 0.18, 0.12, 0.18, 0.03]]",0.13,0.22,140,"[0.02, 0.92, 0.02, 0.04]","[[0, 0, 0, 0, 0, 0, 0, 0], [0, 1, 2, 0, 0, 0, 0, 0], [0, 0, 0, 0, 0, 0, 0, 0], [0, 0, 0, 0, 0, 0, 0, 0]]",0.072
2790,0.01,7,"[[5.77, 3.99, 6.61, 4.81, 8.16, 4.87, 2.84], [5.38, 5.12, 5.88, 4.67, 7.45, 7.64, 1.41], [2.86, 1.79, 4.9, 7.89, 6.3, 3.05, 5.2], [5.28, 6.58, 1.34, 2.2, 4.69, 6.92, 5.01]]",5.0,2.84,140,"[0.34, 0.23, 0.11, 0.32]","[[0, 0, 0, 0, 0, 0, 0, 0], [0, 0, 0, 0, 0, 0, 0, 0], [0, 0, 0, 0, 0, 0, 0, 0], [0, 0, 0, 0, 0, 0, 0, 0]]",2.994
2791,0.01,2,"[[3.89, 7.03, 1.42, 3.85, 5.57, 3.85, 2.09], [1.42, 3.42, 3.49, 1.78, 8.76, 8.52, 6.88], [3.98, 7.53, 6.94, 2.68, 5.16, 4.6, 0.82], [7.43, 7.31, 6.36, 5.75, 9.0, 9.88, 3.78]]",5.0,7.03,140,"[0.86, 0.01, 0.02, 0.11]","[[0, 1, 2, 3, 4, 5, 6, 7], [0, 0, 0, 0, 0, 0, 0, 0], [0, 0, 0, 0, 0, 0, 0, 0], [0, 0, 0, 0, 0, 0, 0, 0]]",2.994
2792,0.01,2,"[[0.72, 5.25, 9.97, 4.85, 8.58, 2.57, 9.15], [5.48, 9.36, 2.36, 9.25, 3.72, 4.76, 6.74], [7.14, 7.36, 2.91, 4.13, 7.03, 8.48, 0.38], [5.84, 6.37, 7.56, 3.71, 4.02, 2.93, 0.09]]",5.0,9.36,140,"[0.03, 0.85, 0.06, 0.06]","[[0, 0, 0, 0, 0, 0, 0, 0], [0, 1, 2, 3, 4, 5, 6, 7], [0, 0, 0, 0, 0, 0, 0, 0], [0, 0, 0, 0, 0, 0, 0, 0]]",2.994
2793,0.01,7,"[[4.36, 8.7, 5.94, 4.41, 8.37, 5.83, 0.58], [9.58, 2.24, 8.49, 4.24, 4.63, 4.53, 5.29], [6.08, 4.31, 5.59, 3.3, 3.91, 4.21, 4.74], [9.25, 5.33, 1.67, 7.75, 5.64, 2.81, 3.02]]",5.0,0.58,140,"[0.31, 0.27, 0.14, 0.28]","[[0, 0, 0, 0, 0, 0, 0, 0], [0, 0, 0, 0, 0, 0, 0, 0], [0, 0, 0, 0, 0, 0, 0, 0], [0, 0, 0, 0, 0, 0, 0, 0]]",2.994
2794,0.01,6,"[[3.4, 2.14, 9.33, 2.59, 4.55, 1.09, 2.85], [2.69, 7.17, 4.91, 8.03, 6.07, 6.49, 2.28], [2.24, 5.15, 4.83, 2.39, 2.78, 7.43, 5.61], [3.01, 5.69, 6.66, 3.22, 3.6, 8.48, 3.28]]",5.0,7.43,140,"[0.07, 0.01, 0.9, 0.02]","[[0, 0, 0, 0, 0, 0, 0, 0], [0, 0, 0, 0, 0, 0, 0, 0], [0, 1, 2, 3, 4, 5, 6, 7], [0, 0, 0, 0, 0, 0, 0, 0]]",2.994
2795,0.01,4,"[[7.32, 4.38, 4.99, 7.76, 5.0, 5.94, 2.36], [8.4, 3.61, 8.45, 4.23, 7.02, 4.36, 9.23], [1.69, 3.23, 3.54, 3.86, 3.72, 2.06, 0.61], [7.94, 7.02, 6.73, 4.28, 8.5, 0.13, 2.63]]",5.0,7.76,140,"[0.85, 0.03, 0.11, 0.01]","[[0, 1, 2, 3, 4, 5, 6, 7], [0, 0, 0, 0, 0, 0, 0, 0], [0, 0, 0, 0, 0, 0, 0, 0], [0, 0, 0, 0, 0, 0, 0, 0]]",2.994
2796,0.01,7,"[[1.89, 1.68, 4.82, 0.64, 6.72, 5.82, 3.47], [2.81, 5.64, 4.93, 5.88, 1.19, 6.58, 2.91], [6.88, 4.96, 4.06, 5.77, 1.03, 4.24, 5.62], [0.22, 1.89, 4.63, 5.2, 4.1, 3.36, 6.44]]",5.0,6.44,140,"[0.25, 0.26, 0.31, 0.18]","[[0, 0, 0, 0, 0, 0, 0, 0], [0, 0, 0, 0, 0, 0, 0, 0], [0, 0, 0, 0, 0, 0, 0, 0], [0, 0, 0, 0, 0, 0, 0, 0]]",2.994
2797,0.01,7,"[[3.55, 2.94, 0.08, 3.13, 2.15, 9.59, 4.77], [4.35, 5.83, 1.82, 2.79, 3.6, 4.35, 6.66], [4.91, 4.62, 9.06, 2.02, 4.04, 2.21, 7.62], [0.78, 5.9, 1.77, 4.45, 7.63, 4.39, 2.86]]",5.0,6.66,140,"[0.34, 0.11, 0.27, 0.28]","[[0, 0, 0, 0, 0, 0, 0, 0], [0, 0, 0, 0, 0, 0, 0, 0], [0, 0, 0, 0, 0, 0, 0, 0], [0, 0, 0, 0, 0, 0, 0, 0]]",2.994
2798,0.01,4,"[[5.11, 2.17, 0.1, 9.47, 2.73, 6.4, 3.36], [4.31, 7.26, 6.36, 8.48, 2.98, 4.68, 5.77], [8.38, 2.0, 6.14, 7.53, 4.7, 1.99, 1.53], [7.09, 5.94, 3.03, 5.37, 2.51, 3.9, 2.79]]",5.0,8.48,140,"[0.31, 0.35, 0.15, 0.19]","[[0, 0, 0, 0, 0, 0, 0, 0], [0, 1, 2, 3, 4, 5, 6, 7], [0, 0, 0, 0, 0, 0, 0, 0], [0, 0, 0, 0, 0, 0, 0, 0]]",2.994
2799,0.01,7,"[[0.94, 9.58, 9.58, 1.68, 3.99, 3.26, 9.98], [7.2, 6.69, 3.6, 6.35, 1.28, 0.52, 9.84], [4.59, 4.33, 3.41, 2.69, 0.89, 3.28, 2.91], [7.61, 5.48, 8.81, 6.78, 0.6, 7.91, 3.87]]",5.0,9.84,140,"[0.01, 0.89, 0.08, 0.02]","[[0, 0, 0, 0, 0, 0, 0, 0], [0, 1, 2, 3, 4, 5, 6, 7], [0, 0, 0, 0, 0, 0, 0, 0], [0, 0, 0, 0, 0, 0, 0, 0]]",2.994
2800,0.0,2,"[[0.02, 0.18, 0.09, 0.13, 0.07, 0.12, 0.08], [0.15, 0.12, 0.24, 0.14, 0.1, 0.01, 0.14], [0.2, 0.14, 0.24, 0.13, 0.22, 0.23, 0.18], [0.11, 0.21, 0.18, 0.07, 0.12, 0.14, 0.14]]",0.13,0.18,141,"[0.85, 0.02, 0.03, 0.1]","[[0, 1, 2, 3, 4, 5, 6, 7], [0, 0, 0, 0, 0, 0, 0, 0], [0, 0, 0, 0, 0, 0, 0, 0], [0, 8, 9, 10, 11, 12, 13, 14]]",0.072
2801,0.0,1,"[[0.14, 0.07, 0.05, 0.18, 0.03, 0.01, 0.18], [0.19, 0.23, 0.07, 0.1, 0.08, 0.19, 0.2], [0.17, 0.24, 0.03, 0.21, 0.19, 0.07, 0.21], [0.14, 0.09, 0.21, 0.08, 0.19, 0.05, 0.09]]",0.13,0.19,141,"[0.15, 0.26, 0.26, 0.33]","[[0, 1, 2, 3, 4, 5, 6, 7], [0, 8, 10, 12, 14, 16, 18, 20], [0, 22, 23, 0, 0, 0, 0, 0], [0, 9, 11, 13, 15, 17, 19, 21]]",0.072
2802,0.0,5,"[[0.05, 0.08, 0.17, 0.15, 0.22, 0.07, 0.07], [0.06, 0.1, 0.12, 0.11, 0.19, 0.16, 0.05], [0.19, 0.16, 0.13, 0.06, 0.18, 0.04, 0.24], [0.15, 0.24, 0.11, 0.13, 0.14, 0.03, 0.01]]",0.13,0.22,141,"[0.86, 0.01, 0.05, 0.08]","[[0, 1, 2, 3, 4, 5, 6, 7], [0, 0, 0, 0, 0, 9, 0, 0], [0, 0, 0, 0, 0, 10, 0, 0], [0, 0, 0, 0, 0, 8, 0, 0]]",0.072
2803,0.0,5,"[[0.07, 0.16, 0.11, 0.2, 0.2, 0.19, 0.16], [0.15, 0.22, 0.24, 0.17, 0.18, 0.12, 0.12], [0.11, 0.16, 0.11, 0.12, 0.21, 0.06, 0.16], [0.17, 0.22, 0.15, 0.11, 0.24, 0.11, 0.17]]",0.13,0.24,141,"[0.09, 0.03, 0.01, 0.87]","[[0, 0, 9, 0, 0, 8, 0, 0], [0, 0, 0, 0, 0, 0, 0, 0], [0, 0, 0, 0, 0, 0, 0, 0], [0, 1, 2, 3, 4, 7, 5, 6]]",0.072
2804,0.0,1,"[[0.19, 0.12, 0.08, 0.18, 0.08, 0.2, 0.22], [0.05, 0.04, 0.19, 0.18, 0.18, 0.05, 0.1], [0.21, 0.13, 0.15, 0.13, 0.16, 0.15, 0.08], [0.19, 0.06, 0.09, 0.07, 0.04, 0.2, 0.08]]",0.13,0.19,141,"[0.16, 0.28, 0.23, 0.33]","[[0, 10, 0, 0, 0, 0, 11, 0], [0, 9, 0, 0, 0, 0, 8, 0], [0, 13, 0, 0, 0, 0, 12, 0], [0, 1, 2, 3, 4, 5, 6, 7]]",0.072
2805,0.0,1,"[[0.14, 0.15, 0.11, 0.2, 0.03, 0.13, 0.04], [0.03, 0.07, 0.1, 0.21, 0.1, 0.13, 0.08], [0.14, 0.03, 0.06, 0.05, 0.15, 0.08, 0.09], [0.13, 0.08, 0.16, 0.01, 0.21, 0.09, 0.05]]",0.13,0.14,141,"[0.06, 0.03, 0.86, 0.05]","[[0, 8, 0, 0, 0, 9, 0, 0], [0, 0, 0, 0, 0, 0, 0, 0], [0, 1, 2, 3, 4, 5, 6, 7], [0, 0, 0, 0, 0, 0, 0, 0]]",0.072
2806,0.0,1,"[[0.18, 0.08, 0.14, 0.2, 0.12, 0.1, 0.1], [0.1, 0.05, 0.2, 0.13, 0.11, 0.09, 0.04], [0.15, 0.11, 0.22, 0.09, 0.14, 0.12, 0.12], [0.17, 0.01, 0.14, 0.05, 0.14, 0.07, 0.08]]",0.13,0.1,141,"[0.3, 0.22, 0.27, 0.21]","[[0, 1, 2, 3, 4, 5, 6, 7], [0, 10, 0, 0, 11, 0, 0, 0], [0, 9, 0, 0, 8, 0, 0, 0], [0, 13, 0, 0, 12, 0, 0, 0]]",0.072
2807,0.0,5,"[[0.05, 0.17, 0.08, 0.07, 0.16, 0.13, 0.05], [0.1, 0.16, 0.24, 0.2, 0.19, 0.19, 0.23], [0.18, 0.13, 0.06, 0.19, 0.17, 0.21, 0.13], [0.16, 0.18, 0.2, 0.12, 0.19, 0.08, 0.19]]",0.13,0.16,141,"[0.85, 0.1, 0.02, 0.03]","[[0, 1, 2, 3, 4, 5, 6, 7], [0, 0, 9, 0, 0, 8, 10, 0], [0, 0, 0, 0, 0, 0, 0, 0], [0, 0, 0, 0, 0, 0, 0, 0]]",0.072
2808,0.0,6,"[[0.1, 0.1, 0.17, 0.08, 0.04, 0.09, 0.12], [0.18, 0.07, 0.12, 0.15, 0.14, 0.22, 0.18], [0.17, 0.02, 0.06, 0.16, 0.1, 0.2, 0.19], [0.23, 0.18, 0.17, 0.22, 0.21, 0.09, 0.19]]",0.13,0.09,141,"[0.21, 0.32, 0.34, 0.13]","[[0, 0, 0, 0, 0, 0, 10, 11], [0, 0, 0, 0, 0, 0, 8, 9], [0, 1, 2, 3, 4, 5, 6, 7], [0, 0, 0, 0, 0, 0, 0, 0]]",0.072
2809,0.0,4,"[[0.23, 0.06, 0.08, 0.13, 0.11, 0.05, 0.11], [0.17, 0.17, 0.17, 0.13, 0.09, 0.2, 0.07], [0.21, 0.11, 0.17, 0.05, 0.13, 0.11, 0.17], [0.16, 0.02, 0.2, 0.19, 0.23, 0.13, 0.13]]",0.13,0.13,141,"[0.24, 0.22, 0.21, 0.33]","[[0, 0, 0, 9, 10, 8, 0, 0], [0, 0, 0, 11, 13, 12, 0, 0], [0, 0, 0, 14, 15, 16, 0, 0], [0, 1, 2, 3, 4, 5, 6, 7]]",0.072
2810,0.0,6,"[[3.95, 8.96, 8.28, 6.18, 7.02, 4.65, 4.21], [7.39, 4.82, 4.44, 1.73, 7.35, 9.66, 2.04], [6.67, 2.62, 2.43, 7.24, 6.32, 7.33, 5.82], [4.75, 4.96, 2.68, 1.71, 6.22, 1.58, 9.11]]",5.0,9.66,141,"[0.25, 0.24, 0.28, 0.23]","[[0, 0, 0, 0, 8, 0, 9, 0], [0, 0, 0, 0, 10, 0, 11, 0], [0, 1, 2, 3, 4, 5, 6, 7], [0, 0, 0, 0, 13, 0, 12, 0]]",2.994
2811,0.0,5,"[[6.19, 1.85, 1.16, 4.28, 2.66, 3.25, 7.93], [4.16, 3.03, 5.34, 3.93, 5.82, 4.05, 2.14], [6.53, 8.89, 6.73, 7.28, 2.75, 0.6, 4.09], [4.95, 6.55, 6.81, 6.9, 1.07, 2.2, 5.26]]",5.0,5.82,141,"[0.03, 0.86, 0.04, 0.07]","[[0, 0, 0, 0, 0, 0, 0, 0], [0, 1, 2, 3, 4, 5, 6, 7], [0, 0, 0, 0, 0, 0, 0, 0], [0, 0, 0, 0, 0, 0, 0, 0]]",2.994
2812,0.0,3,"[[2.09, 7.52, 9.74, 6.72, 2.88, 5.9, 5.87], [6.25, 4.49, 6.66, 2.68, 2.62, 7.58, 4.86], [0.33, 4.49, 3.44, 6.0, 4.73, 0.87, 2.63], [7.63, 1.46, 3.24, 5.72, 7.53, 7.25, 3.01]]",5.0,3.24,141,"[0.34, 0.23, 0.2, 0.23]","[[0, 1, 2, 3, 4, 5, 6, 7], [0, 0, 8, 9, 0, 0, 0, 0], [0, 0, 0, 0, 0, 0, 0, 0], [0, 0, 10, 11, 0, 0, 0, 0]]",2.994
2813,0.0,5,"[[5.77, 3.99, 6.61, 4.81, 8.16, 4.87, 2.84], [5.38, 5.12, 5.88, 4.67, 7.45, 7.64, 1.41], [2.86, 1.79, 4.9, 7.89, 6.3, 3.05, 5.2], [5.28, 6.58, 1.34, 2.2, 4.69, 6.92, 5.01]]",5.0,4.69,141,"[0.34, 0.23, 0.11, 0.32]","[[0, 2, 3, 4, 5, 6, 7, 8], [0, 0, 0, 11, 0, 12, 0, 0], [0, 0, 0, 0, 0, 0, 0, 0], [0, 1, 0, 9, 0, 10, 0, 0]]",2.994
2814,0.0,2,"[[7.29, 4.26, 4.93, 3.96, 3.34, 8.54, 6.49], [0.79, 3.44, 2.71, 8.71, 2.86, 7.09, 3.94], [9.61, 8.74, 7.3, 3.82, 1.83, 1.17, 5.37], [2.04, 1.98, 8.39, 1.63, 1.8, 1.97, 7.71]]",5.0,8.74,141,"[0.21, 0.28, 0.29, 0.22]","[[0, 10, 11, 15, 0, 0, 0, 0], [0, 8, 9, 14, 0, 0, 0, 0], [0, 1, 2, 3, 4, 5, 6, 7], [0, 12, 13, 0, 0, 0, 0, 0]]",2.994
2815,0.0,2,"[[3.89, 7.03, 1.42, 3.85, 5.57, 3.85, 2.09], [1.42, 3.42, 3.49, 1.78, 8.76, 8.52, 6.88], [3.98, 7.53, 6.94, 2.68, 5.16, 4.6, 0.82], [7.43, 7.31, 6.36, 5.75, 9.0, 9.88, 3.78]]",5.0,7.03,141,"[0.86, 0.01, 0.02, 0.11]","[[0, 1, 2, 3, 4, 6, 5, 7], [0, 0, 0, 0, 0, 0, 0, 0], [0, 0, 0, 0, 0, 0, 0, 0], [0, 0, 8, 0, 0, 0, 0, 0]]",2.994
2816,0.0,4,"[[5.11, 2.17, 0.1, 9.47, 2.73, 6.4, 3.36], [4.31, 7.26, 6.36, 8.48, 2.98, 4.68, 5.77], [8.38, 2.0, 6.14, 7.53, 4.7, 1.99, 1.53], [7.09, 5.94, 3.03, 5.37, 2.51, 3.9, 2.79]]",5.0,7.53,141,"[0.31, 0.35, 0.15, 0.19]","[[0, 0, 0, 0, 9, 0, 0, 0], [0, 1, 2, 3, 4, 5, 6, 7], [0, 0, 0, 0, 0, 0, 0, 0], [0, 0, 0, 0, 8, 0, 0, 0]]",2.994
2817,0.0,7,"[[8.39, 1.9, 3.96, 5.78, 2.24, 5.8, 4.1], [0.94, 5.02, 2.49, 5.54, 6.54, 4.33, 9.65], [7.94, 7.8, 4.1, 9.82, 1.59, 4.84, 8.58], [8.96, 7.49, 1.94, 3.92, 0.76, 2.82, 6.17]]",5.0,9.65,141,"[0.11, 0.85, 0.02, 0.02]","[[0, 0, 0, 0, 8, 0, 0, 9], [0, 1, 2, 3, 4, 5, 6, 7], [0, 0, 0, 0, 0, 0, 0, 0], [0, 0, 0, 0, 0, 0, 0, 0]]",2.994
2818,0.0,7,"[[5.71, 4.0, 7.87, 3.26, 8.95, 9.97, 6.35], [4.81, 5.73, 5.74, 5.66, 5.51, 4.81, 7.59], [6.14, 5.62, 3.6, 6.94, 3.42, 3.6, 6.26], [1.09, 4.7, 1.56, 4.05, 2.65, 4.29, 5.33]]",5.0,5.33,141,"[0.02, 0.08, 0.03, 0.87]","[[0, 0, 0, 0, 0, 0, 0, 0], [0, 0, 8, 0, 0, 0, 0, 9], [0, 0, 0, 0, 0, 0, 0, 0], [0, 1, 2, 3, 4, 5, 6, 7]]",2.994
2819,0.0,1,"[[2.44, 7.36, 6.46, 5.15, 7.43, 1.32, 0.71], [3.96, 8.36, 4.6, 6.91, 2.69, 5.0, 1.64], [8.24, 5.23, 2.67, 1.92, 6.03, 2.88, 7.54], [1.43, 5.93, 6.77, 1.1, 3.47, 5.78, 6.1]]",5.0,8.24,141,"[0.02, 0.06, 0.89, 0.03]","[[0, 0, 0, 0, 0, 0, 0, 0], [0, 8, 0, 0, 0, 0, 0, 9], [0, 1, 2, 3, 4, 5, 6, 7], [0, 0, 0, 0, 0, 0, 0, 0]]",2.994
2820,0.0,2,"[[0.06, 0.22, 0.11, 0.12, 0.13, 0.09, 0.18], [0.2, 0.17, 0.05, 0.09, 0.17, 0.16, 0.24], [0.14, 0.03, 0.23, 0.14, 0.04, 0.13, 0.18], [0.16, 0.1, 0.17, 0.16, 0.14, 0.04, 0.05]]",0.13,0.22,142,"[0.87, 0.02, 0.1, 0.01]","[[0, 1, 2, 3, 4, 5, 6, 7], [0, 14, 13, 12, 11, 10, 9, 8], [0, 15, 16, 17, 18, 19, 20, 21], [0, 28, 27, 26, 25, 24, 23, 22]]",0.072
2821,0.0,6,"[[0.06, 0.11, 0.17, 0.23, 0.15, 0.14, 0.21], [0.16, 0.17, 0.08, 0.04, 0.07, 0.21, 0.12], [0.2, 0.19, 0.13, 0.12, 0.17, 0.2, 0.16], [0.1, 0.1, 0.12, 0.16, 0.01, 0.17, 0.09]]",0.13,0.17,142,"[0.23, 0.25, 0.3, 0.22]","[[0, 1, 2, 3, 4, 5, 6, 9], [0, 13, 12, 11, 14, 10, 8, 7], [0, 18, 17, 16, 15, 24, 25, 27], [0, 19, 22, 20, 21, 23, 26, 28]]",0.072
2822,0.0,4,"[[0.14, 0.15, 0.11, 0.2, 0.03, 0.13, 0.04], [0.03, 0.07, 0.1, 0.21, 0.1, 0.13, 0.08], [0.14, 0.03, 0.06, 0.05, 0.15, 0.08, 0.09], [0.13, 0.08, 0.16, 0.01, 0.21, 0.09, 0.05]]",0.13,0.05,142,"[0.06, 0.03, 0.86, 0.05]","[[0, 0, 0, 0, 0, 0, 0, 0], [0, 0, 0, 0, 0, 0, 0, 0], [0, 0, 0, 0, 0, 0, 0, 0], [0, 0, 0, 0, 0, 0, 0, 0]]",0.072
2823,0.0,6,"[[0.07, 0.07, 0.17, 0.05, 0.08, 0.18, 0.15], [0.19, 0.17, 0.06, 0.13, 0.2, 0.13, 0.2], [0.08, 0.18, 0.04, 0.21, 0.15, 0.15, 0.18], [0.06, 0.08, 0.09, 0.02, 0.12, 0.19, 0.09]]",0.13,0.18,142,"[0.31, 0.27, 0.19, 0.23]","[[0, 0, 0, 0, 0, 0, 0, 0], [0, 0, 0, 0, 0, 0, 0, 0], [0, 0, 0, 0, 0, 0, 0, 0], [0, 0, 0, 0, 0, 0, 0, 0]]",0.072
2824,0.0,7,"[[0.1, 0.1, 0.17, 0.08, 0.04, 0.09, 0.12], [0.18, 0.07, 0.12, 0.15, 0.14, 0.22, 0.18], [0.17, 0.02, 0.06, 0.16, 0.1, 0.2, 0.19], [0.23, 0.18, 0.17, 0.22, 0.21, 0.09, 0.19]]",0.13,0.12,142,"[0.21, 0.32, 0.34, 0.13]","[[0, 0, 0, 0, 0, 0, 0, 15], [0, 6, 2, 5, 7, 10, 11, 14], [0, 1, 3, 4, 8, 9, 12, 13], [0, 0, 0, 0, 0, 0, 0, 16]]",0.072
2825,0.0,1,"[[0.06, 0.1, 0.22, 0.17, 0.09, 0.03, 0.08], [0.24, 0.07, 0.1, 0.11, 0.11, 0.15, 0.16], [0.04, 0.05, 0.2, 0.13, 0.03, 0.1, 0.19], [0.2, 0.09, 0.17, 0.15, 0.2, 0.1, 0.15]]",0.13,0.2,142,"[0.01, 0.1, 0.04, 0.85]","[[0, 13, 0, 0, 0, 10, 0, 0], [0, 12, 0, 0, 0, 9, 0, 0], [0, 11, 0, 0, 0, 8, 0, 0], [0, 1, 2, 3, 4, 5, 6, 7]]",0.072
2826,0.0,4,"[[0.11, 0.18, 0.17, 0.05, 0.02, 0.11, 0.14], [0.16, 0.12, 0.11, 0.08, 0.11, 0.16, 0.08], [0.12, 0.16, 0.05, 0.23, 0.13, 0.08, 0.03], [0.17, 0.24, 0.1, 0.22, 0.06, 0.14, 0.05]]",0.13,0.23,142,"[0.01, 0.08, 0.86, 0.05]","[[0, 0, 15, 0, 9, 12, 0, 0], [0, 0, 14, 0, 8, 11, 0, 0], [0, 1, 2, 3, 4, 5, 6, 7], [0, 0, 16, 0, 10, 13, 0, 0]]",0.072
2827,0.0,6,"[[0.19, 0.12, 0.08, 0.18, 0.08, 0.2, 0.22], [0.05, 0.04, 0.19, 0.18, 0.18, 0.05, 0.1], [0.21, 0.13, 0.15, 0.13, 0.16, 0.15, 0.08], [0.19, 0.06, 0.09, 0.07, 0.04, 0.2, 0.08]]",0.13,0.05,142,"[0.16, 0.28, 0.23, 0.33]","[[0, 0, 0, 0, 0, 0, 0, 0], [0, 0, 0, 0, 0, 0, 0, 0], [0, 0, 0, 0, 0, 0, 0, 0], [0, 0, 0, 0, 0, 0, 0, 0]]",0.072
2828,0.0,7,"[[0.16, 0.21, 0.19, 0.12, 0.21, 0.05, 0.2], [0.14, 0.1, 0.04, 0.07, 0.08, 0.16, 0.22], [0.03, 0.17, 0.22, 0.13, 0.04, 0.22, 0.12], [0.16, 0.14, 0.16, 0.16, 0.18, 0.13, 0.14]]",0.13,0.22,142,"[0.06, 0.89, 0.04, 0.01]","[[0, 0, 0, 0, 0, 0, 0, 0], [0, 1, 2, 3, 4, 5, 6, 7], [0, 0, 0, 0, 0, 0, 0, 0], [0, 0, 0, 0, 0, 0, 0, 0]]",0.072
2829,0.0,3,"[[0.18, 0.08, 0.14, 0.2, 0.12, 0.1, 0.1], [0.1, 0.05, 0.2, 0.13, 0.11, 0.09, 0.04], [0.15, 0.11, 0.22, 0.09, 0.14, 0.12, 0.12], [0.17, 0.01, 0.14, 0.05, 0.14, 0.07, 0.08]]",0.13,0.14,142,"[0.3, 0.22, 0.27, 0.21]","[[0, 0, 0, 0, 0, 0, 0, 0], [0, 8, 9, 0, 0, 0, 0, 0], [0, 1, 2, 3, 4, 5, 6, 7], [0, 0, 0, 0, 0, 0, 0, 0]]",0.072
2830,0.0,6,"[[2.65, 1.66, 4.12, 6.28, 3.9, 4.24, 8.17], [4.84, 2.23, 5.57, 7.45, 3.35, 5.55, 3.39], [6.15, 3.53, 5.47, 2.82, 6.99, 9.09, 0.79], [2.47, 2.31, 1.36, 3.11, 4.52, 5.21, 3.31]]",5.0,5.21,142,"[0.01, 0.06, 0.02, 0.91]","[[0, 0, 0, 0, 0, 0, 0, 0], [0, 0, 0, 0, 0, 0, 0, 0], [0, 0, 0, 0, 0, 0, 0, 0], [0, 1, 2, 3, 4, 5, 6, 7]]",2.994
2831,0.0,5,"[[8.47, 2.82, 7.33, 4.03, 7.07, 2.75, 1.54], [4.68, 3.16, 0.97, 1.44, 5.2, 6.65, 9.25], [8.41, 7.04, 1.31, 3.23, 7.09, 7.67, 1.55], [6.28, 2.99, 4.33, 1.28, 9.25, 6.99, 2.35]]",5.0,9.25,142,"[0.01, 0.01, 0.01, 0.97]","[[0, 0, 0, 0, 0, 0, 0, 0], [0, 0, 0, 0, 0, 0, 0, 0], [0, 0, 0, 0, 0, 0, 0, 0], [0, 1, 3, 2, 4, 5, 6, 7]]",2.994
2832,0.0,3,"[[2.88, 2.6, 7.89, 4.77, 7.12, 4.23, 2.87], [3.29, 2.97, 3.82, 9.51, 9.45, 8.27, 5.42], [3.22, 3.81, 4.18, 2.52, 3.48, 3.16, 9.41], [1.89, 5.73, 6.1, 1.69, 4.58, 1.23, 3.5]]",5.0,4.18,142,"[0.2, 0.16, 0.26, 0.38]","[[0, 28, 26, 23, 21, 20, 17, 16], [0, 27, 25, 22, 24, 19, 18, 15], [0, 8, 9, 10, 11, 12, 13, 14], [0, 1, 2, 3, 4, 5, 6, 7]]",2.994
2833,0.0,4,"[[2.67, 1.86, 1.79, 5.75, 3.59, 3.3, 1.49], [1.18, 8.77, 6.89, 4.16, 3.25, 3.0, 9.34], [1.75, 2.03, 4.01, 8.67, 5.48, 1.04, 6.3], [4.37, 0.5, 5.19, 4.46, 0.43, 0.13, 6.06]]",5.0,8.67,142,"[0.24, 0.23, 0.24, 0.29]","[[0, 4, 5, 12, 13, 20, 21, 28], [0, 3, 6, 11, 14, 19, 22, 27], [0, 2, 7, 10, 16, 18, 23, 26], [0, 1, 8, 9, 15, 17, 24, 25]]",2.994
2834,0.0,2,"[[3.89, 7.03, 1.42, 3.85, 5.57, 3.85, 2.09], [1.42, 3.42, 3.49, 1.78, 8.76, 8.52, 6.88], [3.98, 7.53, 6.94, 2.68, 5.16, 4.6, 0.82], [7.43, 7.31, 6.36, 5.75, 9.0, 9.88, 3.78]]",5.0,7.03,142,"[0.86, 0.01, 0.02, 0.11]","[[0, 1, 2, 3, 4, 5, 6, 7], [0, 0, 0, 0, 0, 0, 0, 0], [0, 0, 0, 0, 0, 0, 0, 0], [0, 0, 0, 0, 0, 0, 0, 0]]",2.994
2835,0.0,5,"[[7.78, 7.83, 6.34, 3.49, 9.25, 4.1, 8.16], [4.02, 5.78, 4.37, 3.5, 3.65, 5.34, 1.1], [4.29, 1.52, 3.77, 7.63, 3.05, 0.82, 4.95], [8.46, 6.15, 6.73, 3.18, 8.15, 6.29, 5.32]]",5.0,8.15,142,"[0.2, 0.29, 0.22, 0.29]","[[0, 8, 9, 10, 11, 12, 13, 14], [0, 1, 2, 3, 4, 5, 7, 6], [0, 0, 0, 23, 22, 17, 16, 15], [0, 0, 0, 24, 21, 18, 19, 20]]",2.994
2836,0.0,7,"[[8.39, 1.9, 3.96, 5.78, 2.24, 5.8, 4.1], [0.94, 5.02, 2.49, 5.54, 6.54, 4.33, 9.65], [7.94, 7.8, 4.1, 9.82, 1.59, 4.84, 8.58], [8.96, 7.49, 1.94, 3.92, 0.76, 2.82, 6.17]]",5.0,9.65,142,"[0.11, 0.85, 0.02, 0.02]","[[0, 1, 0, 0, 0, 0, 0, 0], [0, 2, 3, 4, 5, 6, 7, 8], [0, 0, 0, 0, 0, 0, 0, 0], [0, 0, 0, 0, 0, 0, 0, 0]]",2.994
2837,0.0,5,"[[4.41, 7.98, 5.03, 0.94, 6.07, 7.96, 3.08], [7.18, 6.38, 1.11, 4.77, 7.21, 4.82, 4.9], [5.63, 7.2, 7.79, 1.19, 2.56, 6.05, 3.13], [2.67, 2.05, 5.91, 4.15, 9.55, 4.46, 9.22]]",5.0,9.55,142,"[0.04, 0.02, 0.05, 0.89]","[[0, 0, 0, 0, 0, 0, 0, 0], [0, 0, 0, 0, 0, 0, 0, 0], [0, 0, 0, 0, 0, 0, 0, 0], [0, 1, 2, 3, 4, 5, 6, 7]]",2.994
2838,0.0,4,"[[6.38, 4.4, 2.78, 4.02, 3.28, 4.56, 6.79], [6.89, 5.4, 5.87, 9.63, 0.42, 4.93, 4.29], [2.96, 2.23, 8.29, 4.74, 3.72, 2.39, 0.86], [5.36, 5.18, 6.28, 1.08, 2.81, 5.95, 9.65]]",5.0,1.08,142,"[0.2, 0.38, 0.3, 0.12]","[[0, 0, 0, 19, 16, 17, 0, 0], [0, 1, 4, 5, 8, 9, 12, 13], [0, 2, 3, 6, 7, 10, 11, 14], [0, 0, 0, 20, 15, 18, 0, 0]]",2.994
2839,0.0,6,"[[6.18, 4.93, 6.72, 3.3, 6.34, 6.06, 5.41], [7.2, 2.38, 3.93, 9.67, 4.79, 7.96, 3.99], [0.82, 2.25, 1.43, 2.43, 5.42, 7.07, 9.93], [9.97, 3.97, 5.79, 8.9, 4.27, 7.39, 5.81]]",5.0,7.96,142,"[0.28, 0.28, 0.19, 0.25]","[[0, 1, 8, 9, 16, 17, 24, 25], [0, 4, 5, 10, 15, 18, 23, 26], [0, 2, 6, 11, 14, 19, 22, 27], [0, 3, 7, 12, 13, 20, 21, 28]]",2.994
2840,0.0,4,"[[0.1, 0.1, 0.17, 0.08, 0.04, 0.09, 0.12], [0.18, 0.07, 0.12, 0.15, 0.14, 0.22, 0.18], [0.17, 0.02, 0.06, 0.16, 0.1, 0.2, 0.19], [0.23, 0.18, 0.17, 0.22, 0.21, 0.09, 0.19]]",0.13,0.15,143,"[0.21, 0.32, 0.34, 0.13]","[[0, 17, 18, 19, 15, 23, 25, 28], [0, 8, 9, 10, 11, 12, 13, 14], [0, 1, 2, 3, 4, 5, 6, 7], [0, 20, 21, 22, 16, 24, 26, 27]]",0.072
2841,0.0,1,"[[0.16, 0.14, 0.08, 0.14, 0.11, 0.13, 0.09], [0.19, 0.11, 0.19, 0.08, 0.11, 0.19, 0.13], [0.21, 0.23, 0.11, 0.11, 0.1, 0.18, 0.03], [0.04, 0.14, 0.12, 0.13, 0.05, 0.04, 0.05]]",0.13,0.21,143,"[0.31, 0.22, 0.18, 0.29]","[[0, 1, 2, 3, 4, 5, 6, 7], [0, 15, 16, 17, 18, 19, 20, 21], [0, 22, 23, 24, 25, 26, 27, 28], [0, 8, 9, 10, 11, 12, 13, 14]]",0.072
2842,0.0,5,"[[0.05, 0.08, 0.17, 0.15, 0.22, 0.07, 0.07], [0.06, 0.1, 0.12, 0.11, 0.19, 0.16, 0.05], [0.19, 0.16, 0.13, 0.06, 0.18, 0.04, 0.24], [0.15, 0.24, 0.11, 0.13, 0.14, 0.03, 0.01]]",0.13,0.22,143,"[0.86, 0.01, 0.05, 0.08]","[[0, 1, 2, 3, 4, 5, 6, 7], [0, 20, 17, 11, 14, 8, 0, 0], [0, 21, 18, 12, 15, 9, 0, 0], [0, 22, 19, 13, 16, 10, 0, 0]]",0.072
2843,0.0,5,"[[0.11, 0.22, 0.08, 0.2, 0.14, 0.03, 0.13], [0.17, 0.02, 0.02, 0.09, 0.21, 0.16, 0.15], [0.09, 0.18, 0.16, 0.17, 0.05, 0.09, 0.1], [0.18, 0.05, 0.09, 0.19, 0.24, 0.18, 0.12]]",0.13,0.21,143,"[0.33, 0.18, 0.11, 0.38]","[[0, 8, 9, 10, 11, 12, 13, 14], [0, 15, 0, 0, 0, 16, 0, 0], [0, 0, 0, 0, 0, 17, 0, 0], [0, 1, 2, 3, 4, 5, 6, 7]]",0.072
2844,0.0,4,"[[0.2, 0.21, 0.23, 0.23, 0.18, 0.14, 0.22], [0.2, 0.22, 0.22, 0.25, 0.05, 0.12, 0.09], [0.02, 0.05, 0.07, 0.23, 0.14, 0.19, 0.02], [0.12, 0.1, 0.13, 0.23, 0.18, 0.06, 0.24]]",0.13,0.23,143,"[0.08, 0.03, 0.87, 0.02]","[[0, 0, 0, 0, 9, 0, 0, 0], [0, 0, 0, 0, 8, 0, 0, 0], [0, 1, 2, 3, 4, 5, 6, 7], [0, 0, 0, 0, 10, 0, 0, 0]]",0.072
2845,0.0,5,"[[0.09, 0.06, 0.16, 0.11, 0.12, 0.22, 0.04], [0.11, 0.19, 0.13, 0.18, 0.2, 0.12, 0.12], [0.11, 0.08, 0.15, 0.06, 0.15, 0.13, 0.16], [0.08, 0.15, 0.2, 0.17, 0.24, 0.04, 0.12]]",0.13,0.2,143,"[0.15, 0.32, 0.21, 0.32]","[[0, 0, 0, 0, 0, 16, 0, 0], [0, 8, 9, 10, 11, 12, 13, 14], [0, 0, 0, 0, 0, 15, 0, 0], [0, 1, 2, 3, 4, 5, 6, 7]]",0.072
2846,0.0,5,"[[0.15, 0.17, 0.12, 0.06, 0.06, 0.22, 0.15], [0.19, 0.17, 0.21, 0.18, 0.06, 0.19, 0.04], [0.07, 0.13, 0.08, 0.09, 0.18, 0.11, 0.12], [0.16, 0.1, 0.02, 0.11, 0.21, 0.13, 0.19]]",0.13,0.21,143,"[0.09, 0.05, 0.01, 0.85]","[[0, 8, 0, 0, 0, 9, 0, 0], [0, 12, 0, 0, 0, 10, 0, 0], [0, 13, 0, 0, 0, 11, 0, 0], [0, 1, 2, 3, 4, 5, 6, 7]]",0.072
2847,0.0,4,"[[0.08, 0.23, 0.11, 0.15, 0.14, 0.16, 0.07], [0.19, 0.17, 0.09, 0.16, 0.14, 0.09, 0.03], [0.13, 0.11, 0.24, 0.17, 0.14, 0.06, 0.15], [0.09, 0.17, 0.09, 0.17, 0.19, 0.1, 0.17]]",0.13,0.17,143,"[0.01, 0.02, 0.11, 0.86]","[[0, 0, 16, 0, 10, 0, 0, 13], [0, 0, 15, 0, 9, 0, 0, 12], [0, 0, 14, 0, 8, 0, 0, 11], [0, 1, 2, 3, 4, 5, 6, 7]]",0.072
2848,0.0,2,"[[0.11, 0.18, 0.17, 0.05, 0.02, 0.11, 0.14], [0.16, 0.12, 0.11, 0.08, 0.11, 0.16, 0.08], [0.12, 0.16, 0.05, 0.23, 0.13, 0.08, 0.03], [0.17, 0.24, 0.1, 0.22, 0.06, 0.14, 0.05]]",0.13,0.12,143,"[0.01, 0.08, 0.86, 0.05]","[[0, 0, 12, 0, 13, 0, 0, 0], [0, 0, 8, 0, 9, 0, 0, 0], [0, 1, 2, 3, 4, 5, 6, 7], [0, 0, 10, 0, 11, 0, 0, 0]]",0.072
2849,0.0,1,"[[0.19, 0.12, 0.08, 0.18, 0.08, 0.2, 0.22], [0.05, 0.04, 0.19, 0.18, 0.18, 0.05, 0.1], [0.21, 0.13, 0.15, 0.13, 0.16, 0.15, 0.08], [0.19, 0.06, 0.09, 0.07, 0.04, 0.2, 0.08]]",0.13,0.05,143,"[0.16, 0.28, 0.23, 0.33]","[[0, 12, 16, 17, 20, 23, 13, 25], [0, 10, 15, 18, 21, 24, 11, 26], [0, 8, 14, 19, 22, 28, 9, 27], [0, 1, 2, 3, 4, 5, 6, 7]]",0.072
2850,0.0,5,"[[5.16, 3.84, 2.97, 6.89, 7.92, 3.02, 6.81], [6.93, 3.64, 5.33, 8.47, 3.82, 8.88, 7.83], [4.51, 5.38, 9.21, 3.79, 4.77, 9.29, 4.59], [3.55, 8.48, 4.66, 2.28, 3.95, 2.95, 5.67]]",5.0,3.82,143,"[0.86, 0.08, 0.05, 0.01]","[[0, 1, 2, 3, 4, 5, 6, 7], [0, 14, 0, 0, 11, 8, 0, 0], [0, 15, 0, 0, 12, 9, 0, 0], [0, 16, 0, 0, 13, 10, 0, 0]]",2.994
2851,0.0,4,"[[6.2, 4.19, 3.44, 8.27, 6.51, 4.65, 4.01], [2.89, 4.13, 4.82, 8.89, 9.25, 0.96, 6.04], [8.8, 2.84, 4.5, 4.81, 3.19, 0.46, 7.31], [5.12, 1.87, 1.91, 7.0, 2.08, 5.06, 2.86]]",5.0,8.89,143,"[0.15, 0.21, 0.3, 0.34]","[[0, 16, 0, 0, 18, 0, 20, 0], [0, 15, 0, 0, 17, 0, 19, 0], [0, 9, 10, 11, 8, 12, 13, 14], [0, 1, 2, 3, 4, 5, 6, 7]]",2.994
2852,0.0,3,"[[5.28, 9.9, 6.81, 1.61, 2.79, 8.92, 6.09], [3.46, 6.68, 6.44, 3.71, 3.55, 0.25, 8.07], [6.52, 2.17, 8.0, 8.5, 5.35, 1.81, 3.32], [5.89, 1.86, 6.44, 5.29, 3.29, 8.96, 7.12]]",5.0,6.81,143,"[0.23, 0.3, 0.24, 0.23]","[[0, 14, 12, 13, 17, 0, 0, 0], [0, 1, 2, 3, 4, 5, 6, 7], [0, 15, 8, 9, 18, 0, 0, 0], [0, 16, 10, 11, 19, 0, 0, 0]]",2.994
2853,0.0,6,"[[5.71, 4.0, 7.87, 3.26, 8.95, 9.97, 6.35], [4.81, 5.73, 5.74, 5.66, 5.51, 4.81, 7.59], [6.14, 5.62, 3.6, 6.94, 3.42, 3.6, 6.26], [1.09, 4.7, 1.56, 4.05, 2.65, 4.29, 5.33]]",5.0,4.29,143,"[0.02, 0.08, 0.03, 0.87]","[[0, 0, 0, 0, 10, 0, 13, 0], [0, 0, 0, 0, 9, 0, 12, 0], [0, 0, 0, 0, 8, 0, 11, 0], [0, 1, 2, 3, 4, 5, 6, 7]]",2.994
2854,0.0,1,"[[4.36, 8.7, 5.94, 4.41, 8.37, 5.83, 0.58], [9.58, 2.24, 8.49, 4.24, 4.63, 4.53, 5.29], [6.08, 4.31, 5.59, 3.3, 3.91, 4.21, 4.74], [9.25, 5.33, 1.67, 7.75, 5.64, 2.81, 3.02]]",5.0,9.25,143,"[0.31, 0.27, 0.14, 0.28]","[[0, 2, 3, 4, 5, 6, 7, 8], [0, 15, 16, 17, 18, 19, 20, 21], [0, 24, 23, 25, 26, 22, 27, 28], [0, 1, 9, 10, 11, 12, 13, 14]]",2.994
2855,0.0,3,"[[5.12, 1.51, 5.2, 6.71, 2.69, 8.45, 7.56], [1.26, 6.81, 6.02, 6.85, 3.83, 2.04, 5.15], [0.77, 1.29, 6.67, 1.6, 1.63, 0.54, 0.89], [4.2, 5.58, 3.29, 3.97, 3.54, 6.37, 4.95]]",5.0,6.67,143,"[0.21, 0.27, 0.19, 0.33]","[[0, 15, 16, 17, 18, 19, 20, 21], [0, 8, 9, 10, 11, 12, 13, 14], [0, 22, 23, 24, 25, 26, 27, 28], [0, 1, 2, 3, 4, 5, 6, 7]]",2.994
2856,0.0,1,"[[3.54, 3.18, 6.26, 3.39, 3.52, 5.47, 1.42], [3.13, 1.91, 7.14, 3.81, 4.58, 6.9, 8.39], [7.48, 1.27, 5.41, 7.63, 6.12, 1.81, 6.34], [6.09, 3.7, 4.25, 4.91, 0.8, 7.46, 7.59]]",5.0,7.48,143,"[0.04, 0.07, 0.88, 0.01]","[[0, 11, 12, 13, 14, 15, 16, 17], [0, 10, 21, 20, 8, 9, 19, 18], [0, 1, 2, 4, 3, 5, 6, 7], [0, 22, 23, 24, 25, 26, 27, 28]]",2.994
2857,0.0,7,"[[8.39, 1.9, 3.96, 5.78, 2.24, 5.8, 4.1], [0.94, 5.02, 2.49, 5.54, 6.54, 4.33, 9.65], [7.94, 7.8, 4.1, 9.82, 1.59, 4.84, 8.58], [8.96, 7.49, 1.94, 3.92, 0.76, 2.82, 6.17]]",5.0,9.65,143,"[0.11, 0.85, 0.02, 0.02]","[[0, 26, 23, 20, 17, 11, 14, 8], [0, 1, 2, 3, 4, 5, 6, 7], [0, 27, 24, 21, 18, 12, 15, 9], [0, 28, 25, 22, 19, 13, 16, 10]]",2.994
2858,0.0,3,"[[7.29, 4.26, 4.93, 3.96, 3.34, 8.54, 6.49], [0.79, 3.44, 2.71, 8.71, 2.86, 7.09, 3.94], [9.61, 8.74, 7.3, 3.82, 1.83, 1.17, 5.37], [2.04, 1.98, 8.39, 1.63, 1.8, 1.97, 7.71]]",5.0,2.71,143,"[0.21, 0.28, 0.29, 0.22]","[[0, 27, 13, 14, 24, 23, 18, 17], [0, 8, 9, 10, 25, 22, 19, 16], [0, 1, 2, 3, 4, 5, 6, 7], [0, 28, 11, 12, 26, 21, 20, 15]]",2.994
2859,0.0,3,"[[3.74, 4.35, 1.03, 5.02, 2.48, 7.72, 3.91], [9.52, 3.82, 4.46, 2.55, 5.65, 6.25, 0.76], [2.96, 5.49, 2.32, 7.63, 0.35, 8.21, 6.51], [4.09, 2.1, 9.56, 8.08, 0.89, 1.16, 4.1]]",5.0,9.56,143,"[0.04, 0.08, 0.02, 0.86]","[[0, 13, 28, 10, 16, 19, 22, 25], [0, 12, 27, 9, 15, 18, 21, 24], [0, 11, 26, 8, 14, 17, 20, 23], [0, 1, 2, 3, 4, 5, 6, 7]]",2.994
2860,0.0,7,"[[5.63, 2.91, 6.84, 6.5, 2.65, 5.91, 4.09], [5.16, 0.83, 2.41, 5.99, 6.15, 3.67, 6.12], [5.67, 9.08, 3.93, 7.57, 5.62, 2.51, 2.61], [4.59, 1.2, 4.42, 1.16, 8.17, 8.27, 1.11]]",5.0,4.09,144,"[0.14, 0.34, 0.35, 0.17]","[[0, 1, 2, 9, 16, 17, 24, 0], [0, 5, 8, 10, 15, 18, 23, 25], [0, 6, 3, 11, 14, 19, 22, 26], [0, 7, 4, 12, 13, 20, 21, 27]]",2.994
2861,0.0,7,"[[9.88, 3.37, 6.84, 6.02, 5.72, 2.47, 6.83], [4.66, 3.57, 1.89, 8.02, 4.52, 4.58, 0.56], [5.57, 8.71, 8.98, 7.3, 1.41, 5.09, 6.3], [2.79, 3.58, 9.87, 3.61, 3.51, 7.13, 2.78]]",5.0,2.78,144,"[0.02, 0.05, 0.05, 0.88]","[[0, 2, 8, 9, 16, 17, 24, 25], [0, 1, 7, 10, 15, 18, 23, 26], [0, 3, 6, 11, 14, 19, 22, 28], [0, 4, 5, 12, 13, 20, 21, 27]]",2.994
2862,0.0,4,"[[2.44, 7.36, 6.46, 5.15, 7.43, 1.32, 0.71], [3.96, 8.36, 4.6, 6.91, 2.69, 5.0, 1.64], [8.24, 5.23, 2.67, 1.92, 6.03, 2.88, 7.54], [1.43, 5.93, 6.77, 1.1, 3.47, 5.78, 6.1]]",5.0,1.92,144,"[0.02, 0.06, 0.89, 0.03]","[[0, 8, 20, 1, 16, 11, 27, 5], [0, 21, 28, 17, 15, 6, 12, 26], [0, 3, 9, 19, 2, 24, 14, 4], [0, 22, 10, 18, 23, 7, 13, 25]]",2.994
2863,0.0,5,"[[7.17, 3.46, 5.58, 3.93, 3.7, 2.49, 5.53], [9.77, 5.93, 5.47, 2.25, 8.04, 7.17, 0.39], [7.48, 1.53, 5.91, 7.74, 1.59, 6.73, 3.86], [5.1, 6.8, 2.11, 7.09, 7.57, 6.62, 8.34]]",5.0,3.7,144,"[0.88, 0.05, 0.05, 0.02]","[[0, 0, 0, 2, 0, 0, 0, 5], [0, 0, 0, 0, 1, 0, 0, 6], [0, 0, 0, 0, 0, 7, 0, 0], [0, 0, 3, 0, 0, 4, 0, 0]]",2.994
2864,0.0,3,"[[8.47, 2.82, 7.33, 4.03, 7.07, 2.75, 1.54], [4.68, 3.16, 0.97, 1.44, 5.2, 6.65, 9.25], [8.41, 7.04, 1.31, 3.23, 7.09, 7.67, 1.55], [6.28, 2.99, 4.33, 1.28, 9.25, 6.99, 2.35]]",5.0,4.33,144,"[0.01, 0.01, 0.01, 0.97]","[[0, 0, 0, 0, 0, 0, 0, 0], [0, 0, 0, 0, 1, 0, 0, 0], [0, 0, 0, 0, 2, 0, 0, 0], [0, 0, 0, 0, 3, 4, 6, 5]]",2.994
2865,0.0,3,"[[5.77, 3.99, 6.61, 4.81, 8.16, 4.87, 2.84], [5.38, 5.12, 5.88, 4.67, 7.45, 7.64, 1.41], [2.86, 1.79, 4.9, 7.89, 6.3, 3.05, 5.2], [5.28, 6.58, 1.34, 2.2, 4.69, 6.92, 5.01]]",5.0,6.61,144,"[0.34, 0.23, 0.11, 0.32]","[[0, 0, 0, 1, 0, 0, 0, 0], [0, 0, 0, 0, 0, 0, 0, 0], [0, 0, 0, 0, 0, 0, 0, 0], [0, 0, 0, 0, 0, 0, 0, 0]]",2.994
2866,0.0,3,"[[4.36, 8.7, 5.94, 4.41, 8.37, 5.83, 0.58], [9.58, 2.24, 8.49, 4.24, 4.63, 4.53, 5.29], [6.08, 4.31, 5.59, 3.3, 3.91, 4.21, 4.74], [9.25, 5.33, 1.67, 7.75, 5.64, 2.81, 3.02]]",5.0,5.94,144,"[0.31, 0.27, 0.14, 0.28]","[[0, 0, 0, 1, 0, 0, 0, 0], [0, 0, 0, 0, 0, 0, 0, 0], [0, 0, 0, 0, 0, 0, 0, 0], [0, 0, 0, 0, 0, 0, 0, 0]]",2.994
2867,0.0,4,"[[7.11, 5.78, 4.85, 4.33, 7.33, 7.89, 5.26], [5.95, 7.87, 3.44, 7.0, 6.97, 5.22, 6.26], [3.72, 9.35, 7.04, 6.38, 7.42, 6.47, 5.89], [5.94, 4.84, 1.39, 4.52, 3.41, 2.82, 3.73]]",5.0,6.38,144,"[0.33, 0.2, 0.24, 0.23]","[[0, 0, 0, 0, 0, 0, 0, 0], [0, 0, 0, 0, 1, 0, 0, 0], [0, 0, 0, 0, 0, 0, 0, 0], [0, 0, 0, 0, 0, 0, 0, 0]]",2.994
2868,0.0,3,"[[2.65, 1.66, 4.12, 6.28, 3.9, 4.24, 8.17], [4.84, 2.23, 5.57, 7.45, 3.35, 5.55, 3.39], [6.15, 3.53, 5.47, 2.82, 6.99, 9.09, 0.79], [2.47, 2.31, 1.36, 3.11, 4.52, 5.21, 3.31]]",5.0,1.36,144,"[0.01, 0.06, 0.02, 0.91]","[[0, 0, 0, 1, 0, 0, 0, 0], [0, 0, 0, 0, 0, 0, 0, 0], [0, 0, 0, 0, 0, 0, 0, 0], [0, 0, 0, 2, 0, 3, 0, 0]]",2.994
2869,0.0,7,"[[3.95, 8.96, 8.28, 6.18, 7.02, 4.65, 4.21], [7.39, 4.82, 4.44, 1.73, 7.35, 9.66, 2.04], [6.67, 2.62, 2.43, 7.24, 6.32, 7.33, 5.82], [4.75, 4.96, 2.68, 1.71, 6.22, 1.58, 9.11]]",5.0,9.11,144,"[0.25, 0.24, 0.28, 0.23]","[[0, 0, 0, 0, 0, 0, 0, 0], [0, 0, 0, 0, 0, 0, 0, 0], [0, 0, 0, 0, 0, 0, 0, 0], [0, 0, 0, 0, 0, 0, 0, 1]]",2.994
2870,0.0,5,"[[0.14, 0.12, 0.08, 0.02, 0.14, 0.19, 0.09], [0.2, 0.01, 0.13, 0.03, 0.11, 0.06, 0.23], [0.19, 0.12, 0.16, 0.15, 0.16, 0.07, 0.21], [0.09, 0.14, 0.24, 0.12, 0.1, 0.2, 0.16]]",0.13,0.11,144,"[0.36, 0.17, 0.12, 0.35]","[[0, 0, 0, 0, 0, 0, 0, 0], [0, 0, 0, 0, 0, 0, 0, 0], [0, 0, 0, 0, 0, 0, 0, 0], [0, 0, 0, 0, 0, 1, 0, 0]]",0.072
2871,0.0,3,"[[0.05, 0.17, 0.08, 0.07, 0.16, 0.13, 0.05], [0.1, 0.16, 0.24, 0.2, 0.19, 0.19, 0.23], [0.18, 0.13, 0.06, 0.19, 0.17, 0.21, 0.13], [0.16, 0.18, 0.2, 0.12, 0.19, 0.08, 0.19]]",0.13,0.08,144,"[0.85, 0.1, 0.02, 0.03]","[[0, 0, 0, 0, 0, 0, 0, 0], [0, 0, 0, 1, 0, 0, 0, 0], [0, 0, 0, 0, 0, 0, 0, 0], [0, 0, 0, 0, 0, 0, 0, 0]]",0.072
2872,0.0,3,"[[0.16, 0.14, 0.08, 0.14, 0.11, 0.13, 0.09], [0.19, 0.11, 0.19, 0.08, 0.11, 0.19, 0.13], [0.21, 0.23, 0.11, 0.11, 0.1, 0.18, 0.03], [0.04, 0.14, 0.12, 0.13, 0.05, 0.04, 0.05]]",0.13,0.19,144,"[0.31, 0.22, 0.18, 0.29]","[[0, 0, 0, 1, 0, 0, 0, 0], [0, 0, 0, 0, 0, 0, 0, 0], [0, 0, 0, 0, 0, 0, 0, 0], [0, 0, 0, 0, 0, 0, 0, 0]]",0.072
2873,0.0,4,"[[0.19, 0.11, 0.24, 0.23, 0.21, 0.14, 0.16], [0.12, 0.1, 0.02, 0.19, 0.1, 0.08, 0.14], [0.05, 0.21, 0.07, 0.2, 0.09, 0.02, 0.23], [0.09, 0.04, 0.09, 0.14, 0.18, 0.2, 0.23]]",0.13,0.2,144,"[0.03, 0.01, 0.92, 0.04]","[[0, 0, 0, 0, 0, 0, 0, 0], [0, 0, 0, 0, 0, 0, 0, 0], [0, 0, 0, 0, 1, 0, 0, 0], [0, 0, 0, 0, 0, 0, 0, 0]]",0.072
2874,0.0,4,"[[0.14, 0.07, 0.05, 0.18, 0.03, 0.01, 0.18], [0.19, 0.23, 0.07, 0.1, 0.08, 0.19, 0.2], [0.17, 0.24, 0.03, 0.21, 0.19, 0.07, 0.21], [0.14, 0.09, 0.21, 0.08, 0.19, 0.05, 0.09]]",0.13,0.08,144,"[0.15, 0.26, 0.26, 0.33]","[[0, 0, 0, 0, 0, 0, 0, 0], [0, 0, 10, 9, 0, 0, 0, 0], [0, 8, 0, 0, 11, 12, 13, 0], [0, 1, 2, 4, 3, 5, 6, 7]]",0.072
2875,0.0,3,"[[0.12, 0.04, 0.15, 0.03, 0.12, 0.21, 0.16], [0.15, 0.15, 0.1, 0.11, 0.22, 0.11, 0.06], [0.06, 0.07, 0.19, 0.11, 0.05, 0.07, 0.16], [0.05, 0.12, 0.14, 0.09, 0.12, 0.13, 0.02]]",0.13,0.19,144,"[0.04, 0.05, 0.89, 0.02]","[[0, 0, 0, 0, 0, 0, 0, 0], [0, 0, 0, 8, 0, 0, 0, 0], [0, 5, 6, 7, 1, 2, 3, 4], [0, 0, 0, 0, 0, 0, 0, 0]]",0.072
2876,0.0,3,"[[0.01, 0.19, 0.1, 0.03, 0.13, 0.15, 0.13], [0.17, 0.18, 0.07, 0.17, 0.17, 0.12, 0.12], [0.11, 0.17, 0.18, 0.22, 0.08, 0.06, 0.07], [0.12, 0.02, 0.07, 0.16, 0.17, 0.14, 0.04]]",0.13,0.18,144,"[0.3, 0.29, 0.13, 0.28]","[[0, 0, 0, 1, 0, 0, 0, 0], [0, 0, 0, 0, 0, 0, 0, 0], [0, 0, 0, 0, 0, 0, 0, 0], [0, 0, 0, 0, 0, 0, 0, 0]]",0.072
2877,0.0,3,"[[0.17, 0.04, 0.18, 0.09, 0.04, 0.16, 0.22], [0.22, 0.14, 0.04, 0.11, 0.04, 0.23, 0.13], [0.09, 0.1, 0.01, 0.06, 0.15, 0.17, 0.05], [0.04, 0.06, 0.1, 0.03, 0.1, 0.03, 0.15]]",0.13,0.1,144,"[0.35, 0.15, 0.13, 0.37]","[[0, 0, 0, 0, 0, 0, 0, 0], [0, 0, 0, 1, 0, 0, 0, 0], [0, 0, 0, 0, 0, 0, 0, 0], [0, 0, 0, 0, 0, 0, 0, 0]]",0.072
2878,0.0,3,"[[0.02, 0.18, 0.09, 0.13, 0.07, 0.12, 0.08], [0.15, 0.12, 0.24, 0.14, 0.1, 0.01, 0.14], [0.2, 0.14, 0.24, 0.13, 0.22, 0.23, 0.18], [0.11, 0.21, 0.18, 0.07, 0.12, 0.14, 0.14]]",0.13,0.09,144,"[0.85, 0.02, 0.03, 0.1]","[[0, 7, 8, 2, 3, 4, 5, 6], [0, 0, 0, 1, 0, 0, 0, 0], [0, 0, 0, 0, 0, 0, 0, 0], [0, 0, 0, 0, 0, 0, 0, 0]]",0.072
2879,0.0,3,"[[0.19, 0.09, 0.13, 0.2, 0.03, 0.17, 0.2], [0.08, 0.14, 0.18, 0.15, 0.19, 0.11, 0.07], [0.15, 0.06, 0.07, 0.11, 0.19, 0.02, 0.14], [0.12, 0.04, 0.06, 0.04, 0.06, 0.19, 0.09]]",0.13,0.18,144,"[0.02, 0.85, 0.05, 0.08]","[[0, 0, 0, 1, 0, 0, 0, 0], [0, 5, 4, 3, 2, 6, 7, 8], [0, 0, 0, 0, 0, 0, 0, 0], [0, 0, 0, 0, 0, 0, 0, 0]]",0.072
2880,0.0,4,"[[3.54, 3.18, 6.26, 3.39, 3.52, 5.47, 1.42], [3.13, 1.91, 7.14, 3.81, 4.58, 6.9, 8.39], [7.48, 1.27, 5.41, 7.63, 6.12, 1.81, 6.34], [6.09, 3.7, 4.25, 4.91, 0.8, 7.46, 7.59]]",5.0,7.63,145,"[0.04, 0.07, 0.88, 0.01]","[[0, 0, 0, 0, 0, 0, 0, 0], [0, 0, 0, 0, 0, 0, 0, 0], [0, 0, 0, 0, 4, 0, 0, 0], [0, 2, 1, 3, 5, 0, 0, 0]]",2.994
2881,0.0,4,"[[5.16, 3.84, 2.97, 6.89, 7.92, 3.02, 6.81], [6.93, 3.64, 5.33, 8.47, 3.82, 8.88, 7.83], [4.51, 5.38, 9.21, 3.79, 4.77, 9.29, 4.59], [3.55, 8.48, 4.66, 2.28, 3.95, 2.95, 5.67]]",5.0,6.89,145,"[0.86, 0.08, 0.05, 0.01]","[[0, 0, 0, 1, 5, 0, 0, 0], [0, 0, 0, 0, 2, 0, 0, 0], [0, 0, 0, 0, 3, 0, 0, 0], [0, 0, 0, 0, 4, 0, 0, 0]]",2.994
2882,0.0,1,"[[1.63, 4.7, 3.32, 2.64, 8.47, 3.24, 4.54], [8.67, 5.47, 1.74, 1.77, 1.06, 7.43, 3.25], [4.05, 4.33, 1.96, 6.68, 6.28, 9.52, 7.64], [3.95, 5.24, 1.85, 2.91, 0.64, 2.21, 1.85]]",5.0,4.05,145,"[0.05, 0.89, 0.05, 0.01]","[[0, 22, 1, 2, 11, 10, 7, 5], [0, 16, 17, 3, 12, 8, 6, 24], [0, 18, 20, 4, 13, 9, 0, 0], [0, 19, 21, 23, 15, 14, 0, 0]]",2.994
2883,0.0,5,"[[7.74, 3.22, 6.43, 3.71, 7.81, 4.87, 5.0], [6.79, 7.24, 2.38, 4.86, 3.87, 6.17, 4.92], [3.15, 9.58, 2.44, 5.2, 8.45, 2.58, 2.29], [4.2, 1.81, 5.9, 9.47, 8.69, 2.45, 6.94]]",5.0,7.81,145,"[0.15, 0.38, 0.14, 0.33]","[[0, 1, 2, 0, 0, 3, 0, 0], [0, 4, 7, 8, 10, 12, 14, 16], [0, 0, 0, 0, 0, 0, 0, 0], [0, 5, 6, 9, 11, 13, 15, 17]]",2.994
2884,0.0,3,"[[5.12, 1.51, 5.2, 6.71, 2.69, 8.45, 7.56], [1.26, 6.81, 6.02, 6.85, 3.83, 2.04, 5.15], [0.77, 1.29, 6.67, 1.6, 1.63, 0.54, 0.89], [4.2, 5.58, 3.29, 3.97, 3.54, 6.37, 4.95]]",5.0,6.67,145,"[0.21, 0.27, 0.19, 0.33]","[[0, 0, 4, 5, 9, 13, 0, 0], [0, 0, 2, 6, 12, 14, 0, 0], [0, 0, 3, 8, 10, 16, 0, 0], [0, 0, 1, 7, 11, 15, 0, 0]]",2.994
2885,0.0,2,"[[1.92, 6.77, 0.18, 0.58, 7.09, 4.34, 4.61], [2.63, 2.6, 4.89, 2.52, 8.42, 2.23, 4.37], [6.54, 7.27, 4.71, 3.86, 8.83, 4.81, 5.31], [5.47, 8.91, 3.37, 8.65, 6.85, 1.47, 5.12]]",5.0,7.27,145,"[0.31, 0.2, 0.17, 0.32]","[[0, 2, 3, 5, 0, 0, 0, 0], [0, 0, 8, 0, 0, 0, 0, 0], [0, 0, 7, 0, 0, 0, 0, 0], [0, 1, 4, 6, 0, 0, 0, 0]]",2.994
2886,0.0,4,"[[1.32, 1.79, 4.74, 6.52, 9.55, 1.49, 3.36], [2.67, 2.3, 3.39, 7.85, 3.89, 7.4, 8.55], [4.18, 0.46, 4.32, 2.27, 3.18, 8.62, 2.94], [6.02, 2.09, 4.16, 3.95, 2.34, 3.36, 2.27]]",5.0,2.27,145,"[0.16, 0.11, 0.34, 0.39]","[[0, 20, 0, 24, 17, 18, 14, 0], [0, 22, 21, 25, 16, 19, 13, 0], [0, 23, 3, 5, 15, 12, 11, 10], [0, 1, 2, 4, 6, 7, 8, 9]]",2.994
2887,0.0,3,"[[3.25, 0.97, 8.64, 8.18, 2.13, 6.22, 0.77], [5.88, 7.57, 5.25, 3.43, 6.13, 3.52, 3.61], [5.54, 4.65, 8.68, 9.8, 7.31, 3.42, 4.37], [7.14, 2.83, 7.59, 3.91, 6.6, 1.41, 1.96]]",5.0,7.59,145,"[0.06, 0.03, 0.01, 0.9]","[[0, 0, 0, 0, 0, 0, 0, 0], [0, 0, 0, 0, 0, 0, 0, 0], [0, 0, 0, 0, 0, 0, 0, 0], [0, 7, 6, 1, 5, 2, 4, 3]]",2.994
2888,0.0,7,"[[8.39, 1.9, 3.96, 5.78, 2.24, 5.8, 4.1], [0.94, 5.02, 2.49, 5.54, 6.54, 4.33, 9.65], [7.94, 7.8, 4.1, 9.82, 1.59, 4.84, 8.58], [8.96, 7.49, 1.94, 3.92, 0.76, 2.82, 6.17]]",5.0,9.65,145,"[0.11, 0.85, 0.02, 0.02]","[[0, 0, 0, 0, 0, 0, 0, 10], [0, 7, 1, 2, 3, 4, 5, 6], [0, 0, 0, 0, 0, 0, 0, 8], [0, 0, 0, 0, 0, 0, 0, 9]]",2.994
2889,0.0,3,"[[2.09, 7.52, 9.74, 6.72, 2.88, 5.9, 5.87], [6.25, 4.49, 6.66, 2.68, 2.62, 7.58, 4.86], [0.33, 4.49, 3.44, 6.0, 4.73, 0.87, 2.63], [7.63, 1.46, 3.24, 5.72, 7.53, 7.25, 3.01]]",5.0,6.66,145,"[0.34, 0.23, 0.2, 0.23]","[[0, 1, 2, 5, 3, 4, 6, 7], [0, 0, 8, 11, 0, 0, 0, 0], [0, 0, 9, 12, 0, 0, 0, 0], [0, 0, 10, 13, 0, 0, 0, 0]]",2.994
2890,0.0,3,"[[0.11, 0.06, 0.11, 0.08, 0.17, 0.11, 0.11], [0.14, 0.12, 0.06, 0.14, 0.09, 0.14, 0.12], [0.04, 0.15, 0.09, 0.13, 0.15, 0.18, 0.21], [0.1, 0.08, 0.17, 0.08, 0.19, 0.13, 0.19]]",0.13,0.17,145,"[0.26, 0.2, 0.27, 0.27]","[[0, 3, 5, 12, 0, 0, 0, 0], [0, 4, 6, 10, 0, 0, 0, 0], [0, 2, 7, 11, 0, 0, 0, 0], [0, 1, 8, 9, 0, 0, 0, 0]]",0.072
2891,0.0,2,"[[0.15, 0.08, 0.15, 0.12, 0.15, 0.08, 0.22], [0.12, 0.2, 0.22, 0.16, 0.25, 0.12, 0.11], [0.19, 0.22, 0.15, 0.08, 0.12, 0.14, 0.2], [0.21, 0.16, 0.09, 0.16, 0.22, 0.15, 0.19]]",0.13,0.22,145,"[0.05, 0.07, 0.86, 0.02]","[[0, 0, 0, 0, 0, 0, 0, 0], [0, 0, 0, 0, 0, 0, 0, 0], [0, 2, 1, 4, 3, 5, 6, 7], [0, 0, 0, 0, 0, 0, 0, 0]]",0.072
2892,0.0,5,"[[0.15, 0.17, 0.12, 0.06, 0.06, 0.22, 0.15], [0.19, 0.17, 0.21, 0.18, 0.06, 0.19, 0.04], [0.07, 0.13, 0.08, 0.09, 0.18, 0.11, 0.12], [0.16, 0.1, 0.02, 0.11, 0.21, 0.13, 0.19]]",0.13,0.21,145,"[0.09, 0.05, 0.01, 0.85]","[[0, 0, 0, 0, 0, 0, 0, 0], [0, 0, 0, 0, 0, 0, 0, 0], [0, 0, 0, 0, 0, 0, 0, 0], [0, 1, 2, 3, 4, 5, 6, 7]]",0.072
2893,0.0,4,"[[0.19, 0.11, 0.24, 0.23, 0.21, 0.14, 0.16], [0.12, 0.1, 0.02, 0.19, 0.1, 0.08, 0.14], [0.05, 0.21, 0.07, 0.2, 0.09, 0.02, 0.23], [0.09, 0.04, 0.09, 0.14, 0.18, 0.2, 0.23]]",0.13,0.2,145,"[0.03, 0.01, 0.92, 0.04]","[[0, 0, 0, 0, 0, 0, 0, 0], [0, 0, 0, 0, 0, 0, 0, 0], [0, 1, 2, 3, 5, 4, 6, 7], [0, 0, 0, 0, 0, 0, 0, 0]]",0.072
2894,0.0,7,"[[0.15, 0.2, 0.21, 0.14, 0.15, 0.21, 0.2], [0.1, 0.12, 0.15, 0.05, 0.19, 0.19, 0.19], [0.2, 0.18, 0.22, 0.07, 0.23, 0.17, 0.15], [0.25, 0.17, 0.14, 0.07, 0.06, 0.14, 0.21]]",0.13,0.19,145,"[0.33, 0.32, 0.13, 0.22]","[[0, 1, 4, 0, 0, 6, 7, 8], [0, 3, 2, 5, 0, 0, 10, 9], [0, 0, 0, 0, 0, 0, 13, 11], [0, 0, 0, 0, 0, 0, 14, 12]]",0.072
2895,0.0,5,"[[0.12, 0.17, 0.14, 0.13, 0.11, 0.07, 0.23], [0.21, 0.03, 0.18, 0.17, 0.22, 0.07, 0.12], [0.06, 0.15, 0.14, 0.1, 0.11, 0.15, 0.22], [0.13, 0.03, 0.18, 0.17, 0.07, 0.25, 0.1]]",0.13,0.07,145,"[0.39, 0.18, 0.15, 0.28]","[[0, 1, 2, 3, 6, 4, 5, 7], [0, 0, 0, 0, 20, 17, 16, 0], [0, 0, 0, 0, 19, 18, 15, 0], [0, 8, 9, 11, 10, 14, 12, 13]]",0.072
2896,0.0,3,"[[0.12, 0.04, 0.15, 0.03, 0.12, 0.21, 0.16], [0.15, 0.15, 0.1, 0.11, 0.22, 0.11, 0.06], [0.06, 0.07, 0.19, 0.11, 0.05, 0.07, 0.16], [0.05, 0.12, 0.14, 0.09, 0.12, 0.13, 0.02]]",0.13,0.19,145,"[0.04, 0.05, 0.89, 0.02]","[[0, 0, 0, 0, 0, 0, 0, 0], [0, 0, 0, 0, 0, 0, 0, 0], [0, 1, 3, 2, 4, 5, 6, 7], [0, 0, 10, 9, 11, 8, 0, 0]]",0.072
2897,0.0,5,"[[0.19, 0.09, 0.13, 0.2, 0.03, 0.17, 0.2], [0.08, 0.14, 0.18, 0.15, 0.19, 0.11, 0.07], [0.15, 0.06, 0.07, 0.11, 0.19, 0.02, 0.14], [0.12, 0.04, 0.06, 0.04, 0.06, 0.19, 0.09]]",0.13,0.19,145,"[0.02, 0.85, 0.05, 0.08]","[[0, 0, 0, 0, 0, 0, 0, 0], [0, 1, 2, 3, 4, 7, 6, 5], [0, 0, 0, 0, 0, 0, 0, 0], [0, 0, 0, 0, 0, 0, 0, 0]]",0.072
2898,0.0,7,"[[0.19, 0.12, 0.08, 0.18, 0.08, 0.2, 0.22], [0.05, 0.04, 0.19, 0.18, 0.18, 0.05, 0.1], [0.21, 0.13, 0.15, 0.13, 0.16, 0.15, 0.08], [0.19, 0.06, 0.09, 0.07, 0.04, 0.2, 0.08]]",0.13,0.1,145,"[0.16, 0.28, 0.23, 0.33]","[[0, 0, 0, 0, 0, 0, 11, 12], [0, 1, 0, 0, 0, 0, 9, 14], [0, 0, 0, 0, 0, 0, 10, 13], [0, 2, 3, 4, 5, 8, 6, 7]]",0.072
2899,0.0,6,"[[0.01, 0.19, 0.1, 0.03, 0.13, 0.15, 0.13], [0.17, 0.18, 0.07, 0.17, 0.17, 0.12, 0.12], [0.11, 0.17, 0.18, 0.22, 0.08, 0.06, 0.07], [0.12, 0.02, 0.07, 0.16, 0.17, 0.14, 0.04]]",0.13,0.12,145,"[0.3, 0.29, 0.13, 0.28]","[[0, 1, 6, 2, 5, 4, 3, 0], [0, 7, 8, 0, 9, 0, 10, 0], [0, 0, 0, 0, 0, 0, 0, 0], [0, 0, 0, 0, 0, 0, 0, 0]]",0.072
2900,0.0,1,"[[4.41, 7.98, 5.03, 0.94, 6.07, 7.96, 3.08], [7.18, 6.38, 1.11, 4.77, 7.21, 4.82, 4.9], [5.63, 7.2, 7.79, 1.19, 2.56, 6.05, 3.13], [2.67, 2.05, 5.91, 4.15, 9.55, 4.46, 9.22]]",5.0,2.67,146,"[0.04, 0.02, 0.05, 0.89]","[[0, 1, 0, 0, 0, 0, 0, 0], [0, 0, 0, 2, 0, 0, 0, 0], [0, 0, 0, 10, 0, 9, 7, 8], [0, 3, 4, 5, 11, 12, 6, 13]]",2.994
2901,0.0,7,"[[5.16, 3.84, 2.97, 6.89, 7.92, 3.02, 6.81], [6.93, 3.64, 5.33, 8.47, 3.82, 8.88, 7.83], [4.51, 5.38, 9.21, 3.79, 4.77, 9.29, 4.59], [3.55, 8.48, 4.66, 2.28, 3.95, 2.95, 5.67]]",5.0,6.81,146,"[0.86, 0.08, 0.05, 0.01]","[[0, 0, 0, 0, 11, 8, 1, 2], [0, 0, 3, 4, 12, 9, 0, 5], [0, 0, 0, 0, 13, 10, 0, 6], [0, 0, 0, 0, 14, 0, 0, 7]]",2.994
2902,0.0,2,"[[1.92, 6.77, 0.18, 0.58, 7.09, 4.34, 4.61], [2.63, 2.6, 4.89, 2.52, 8.42, 2.23, 4.37], [6.54, 7.27, 4.71, 3.86, 8.83, 4.81, 5.31], [5.47, 8.91, 3.37, 8.65, 6.85, 1.47, 5.12]]",5.0,6.77,146,"[0.31, 0.2, 0.17, 0.32]","[[0, 0, 1, 0, 0, 0, 0, 0], [0, 0, 6, 2, 0, 0, 0, 0], [0, 0, 5, 3, 0, 0, 0, 0], [0, 0, 4, 0, 0, 0, 0, 0]]",2.994
2903,0.0,3,"[[7.04, 7.27, 1.99, 4.87, 6.53, 6.34, 1.47], [5.29, 2.16, 9.06, 4.67, 7.92, 5.41, 7.56], [6.95, 5.35, 1.7, 4.81, 6.84, 1.21, 8.92], [6.63, 5.53, 4.35, 1.42, 5.69, 5.92, 4.12]]",5.0,9.06,146,"[0.07, 0.87, 0.03, 0.03]","[[0, 0, 0, 11, 0, 0, 1, 0], [0, 9, 8, 7, 10, 4, 2, 3], [0, 0, 0, 12, 0, 0, 5, 0], [0, 0, 0, 13, 0, 0, 6, 0]]",2.994
2904,0.0,2,"[[3.89, 7.03, 1.42, 3.85, 5.57, 3.85, 2.09], [1.42, 3.42, 3.49, 1.78, 8.76, 8.52, 6.88], [3.98, 7.53, 6.94, 2.68, 5.16, 4.6, 0.82], [7.43, 7.31, 6.36, 5.75, 9.0, 9.88, 3.78]]",5.0,7.03,146,"[0.86, 0.01, 0.02, 0.11]","[[0, 10, 9, 8, 1, 7, 2, 6], [0, 0, 0, 0, 0, 0, 3, 0], [0, 0, 0, 0, 0, 0, 5, 0], [0, 0, 0, 0, 0, 0, 4, 0]]",2.994
2905,0.0,4,"[[5.12, 1.51, 5.2, 6.71, 2.69, 8.45, 7.56], [1.26, 6.81, 6.02, 6.85, 3.83, 2.04, 5.15], [0.77, 1.29, 6.67, 1.6, 1.63, 0.54, 0.89], [4.2, 5.58, 3.29, 3.97, 3.54, 6.37, 4.95]]",5.0,6.71,146,"[0.21, 0.27, 0.19, 0.33]","[[0, 0, 8, 9, 1, 0, 0, 0], [0, 0, 7, 11, 5, 0, 0, 0], [0, 0, 6, 12, 4, 0, 0, 0], [0, 0, 2, 10, 3, 0, 0, 0]]",2.994
2906,0.0,7,"[[3.55, 2.94, 0.08, 3.13, 2.15, 9.59, 4.77], [4.35, 5.83, 1.82, 2.79, 3.6, 4.35, 6.66], [4.91, 4.62, 9.06, 2.02, 4.04, 2.21, 7.62], [0.78, 5.9, 1.77, 4.45, 7.63, 4.39, 2.86]]",5.0,4.77,146,"[0.34, 0.11, 0.27, 0.28]","[[0, 0, 0, 0, 1, 0, 3, 4], [0, 0, 0, 0, 0, 0, 5, 7], [0, 0, 0, 0, 0, 0, 2, 8], [0, 0, 0, 0, 0, 0, 6, 9]]",2.994
2907,0.0,5,"[[3.95, 8.96, 8.28, 6.18, 7.02, 4.65, 4.21], [7.39, 4.82, 4.44, 1.73, 7.35, 9.66, 2.04], [6.67, 2.62, 2.43, 7.24, 6.32, 7.33, 5.82], [4.75, 4.96, 2.68, 1.71, 6.22, 1.58, 9.11]]",5.0,7.02,146,"[0.25, 0.24, 0.28, 0.23]","[[0, 0, 0, 0, 3, 6, 0, 0], [0, 0, 0, 0, 2, 7, 0, 0], [0, 0, 0, 0, 4, 8, 0, 0], [0, 0, 0, 1, 5, 9, 0, 0]]",2.994
2908,0.0,1,"[[2.44, 7.36, 6.46, 5.15, 7.43, 1.32, 0.71], [3.96, 8.36, 4.6, 6.91, 2.69, 5.0, 1.64], [8.24, 5.23, 2.67, 1.92, 6.03, 2.88, 7.54], [1.43, 5.93, 6.77, 1.1, 3.47, 5.78, 6.1]]",5.0,8.24,146,"[0.02, 0.06, 0.89, 0.03]","[[0, 16, 0, 0, 0, 0, 7, 1], [0, 15, 0, 0, 0, 0, 8, 2], [0, 13, 12, 11, 10, 9, 5, 4], [0, 14, 0, 0, 0, 0, 6, 3]]",2.994
2909,0.0,3,"[[7.29, 4.26, 4.93, 3.96, 3.34, 8.54, 6.49], [0.79, 3.44, 2.71, 8.71, 2.86, 7.09, 3.94], [9.61, 8.74, 7.3, 3.82, 1.83, 1.17, 5.37], [2.04, 1.98, 8.39, 1.63, 1.8, 1.97, 7.71]]",5.0,7.3,146,"[0.21, 0.28, 0.29, 0.22]","[[0, 25, 24, 17, 1, 14, 9, 5], [0, 26, 22, 18, 16, 13, 3, 4], [0, 27, 23, 20, 2, 12, 7, 6], [0, 28, 21, 19, 15, 11, 8, 10]]",2.994
2910,0.0,3,"[[0.15, 0.17, 0.12, 0.06, 0.06, 0.22, 0.15], [0.19, 0.17, 0.21, 0.18, 0.06, 0.19, 0.04], [0.07, 0.13, 0.08, 0.09, 0.18, 0.11, 0.12], [0.16, 0.1, 0.02, 0.11, 0.21, 0.13, 0.19]]",0.13,0.02,146,"[0.09, 0.05, 0.01, 0.85]","[[0, 0, 0, 2, 0, 0, 0, 0], [0, 0, 3, 1, 0, 0, 0, 0], [0, 0, 0, 0, 0, 0, 0, 0], [0, 0, 0, 0, 0, 0, 0, 0]]",0.072
2911,0.0,4,"[[0.04, 0.14, 0.09, 0.06, 0.18, 0.1, 0.07], [0.09, 0.13, 0.01, 0.23, 0.07, 0.19, 0.05], [0.08, 0.2, 0.08, 0.21, 0.07, 0.04, 0.22], [0.12, 0.1, 0.09, 0.18, 0.18, 0.04, 0.15]]",0.13,0.18,146,"[0.05, 0.03, 0.07, 0.85]","[[0, 0, 0, 0, 0, 0, 0, 0], [0, 0, 0, 0, 0, 0, 0, 0], [0, 0, 0, 0, 0, 0, 0, 0], [0, 7, 1, 2, 6, 3, 4, 5]]",0.072
2912,0.0,6,"[[0.16, 0.14, 0.08, 0.14, 0.11, 0.13, 0.09], [0.19, 0.11, 0.19, 0.08, 0.11, 0.19, 0.13], [0.21, 0.23, 0.11, 0.11, 0.1, 0.18, 0.03], [0.04, 0.14, 0.12, 0.13, 0.05, 0.04, 0.05]]",0.13,0.19,146,"[0.31, 0.22, 0.18, 0.29]","[[0, 4, 5, 7, 8, 6, 9, 10], [0, 0, 3, 0, 11, 13, 16, 0], [0, 0, 0, 2, 12, 14, 18, 0], [0, 0, 0, 0, 1, 15, 17, 0]]",0.072
2913,0.0,3,"[[0.14, 0.07, 0.05, 0.18, 0.03, 0.01, 0.18], [0.19, 0.23, 0.07, 0.1, 0.08, 0.19, 0.2], [0.17, 0.24, 0.03, 0.21, 0.19, 0.07, 0.21], [0.14, 0.09, 0.21, 0.08, 0.19, 0.05, 0.09]]",0.13,0.21,146,"[0.15, 0.26, 0.26, 0.33]","[[0, 0, 14, 10, 6, 3, 0, 0], [0, 0, 13, 9, 4, 2, 0, 0], [0, 0, 12, 1, 5, 0, 0, 0], [0, 0, 11, 8, 7, 0, 0, 0]]",0.072
2914,0.0,7,"[[0.2, 0.14, 0.16, 0.12, 0.21, 0.18, 0.23], [0.06, 0.09, 0.16, 0.16, 0.14, 0.12, 0.15], [0.23, 0.08, 0.17, 0.11, 0.04, 0.14, 0.15], [0.06, 0.12, 0.16, 0.23, 0.08, 0.11, 0.15]]",0.13,0.15,146,"[0.33, 0.18, 0.11, 0.38]","[[0, 4, 3, 2, 5, 6, 7, 8], [0, 0, 0, 0, 1, 10, 0, 9], [0, 0, 0, 0, 0, 0, 0, 11], [0, 0, 0, 0, 0, 0, 0, 12]]",0.072
2915,0.0,3,"[[0.15, 0.08, 0.16, 0.16, 0.12, 0.04, 0.13], [0.17, 0.17, 0.2, 0.1, 0.06, 0.16, 0.12], [0.04, 0.25, 0.2, 0.11, 0.04, 0.11, 0.24], [0.15, 0.14, 0.05, 0.11, 0.22, 0.22, 0.2]]",0.13,0.2,146,"[0.01, 0.89, 0.09, 0.01]","[[0, 0, 0, 15, 0, 2, 0, 0], [0, 5, 4, 3, 6, 1, 8, 7], [0, 0, 14, 12, 10, 9, 0, 0], [0, 0, 13, 11, 0, 0, 0, 0]]",0.072
2916,0.0,3,"[[0.15, 0.2, 0.21, 0.14, 0.15, 0.21, 0.2], [0.1, 0.12, 0.15, 0.05, 0.19, 0.19, 0.19], [0.2, 0.18, 0.22, 0.07, 0.23, 0.17, 0.15], [0.25, 0.17, 0.14, 0.07, 0.06, 0.14, 0.21]]",0.13,0.15,146,"[0.33, 0.32, 0.13, 0.22]","[[0, 0, 10, 5, 8, 0, 3, 0], [0, 0, 9, 6, 7, 2, 4, 0], [0, 0, 0, 11, 0, 1, 0, 0], [0, 0, 0, 12, 0, 0, 0, 0]]",0.072
2917,0.0,3,"[[0.02, 0.18, 0.09, 0.13, 0.07, 0.12, 0.08], [0.15, 0.12, 0.24, 0.14, 0.1, 0.01, 0.14], [0.2, 0.14, 0.24, 0.13, 0.22, 0.23, 0.18], [0.11, 0.21, 0.18, 0.07, 0.12, 0.14, 0.14]]",0.13,0.09,146,"[0.85, 0.02, 0.03, 0.1]","[[0, 3, 2, 4, 5, 6, 7, 8], [0, 0, 13, 1, 16, 17, 19, 23], [0, 0, 12, 14, 0, 15, 18, 22], [0, 0, 11, 10, 9, 0, 20, 21]]",0.072
2918,0.0,1,"[[0.14, 0.12, 0.08, 0.02, 0.14, 0.19, 0.09], [0.2, 0.01, 0.13, 0.03, 0.11, 0.06, 0.23], [0.19, 0.12, 0.16, 0.15, 0.16, 0.07, 0.21], [0.09, 0.14, 0.24, 0.12, 0.1, 0.2, 0.16]]",0.13,0.14,146,"[0.36, 0.17, 0.12, 0.35]","[[0, 6, 7, 8, 9, 12, 10, 11], [0, 13, 0, 0, 1, 0, 0, 0], [0, 3, 0, 2, 0, 0, 0, 0], [0, 4, 5, 0, 0, 0, 0, 0]]",0.072
2919,0.0,4,"[[0.11, 0.18, 0.17, 0.05, 0.02, 0.11, 0.14], [0.16, 0.12, 0.11, 0.08, 0.11, 0.16, 0.08], [0.12, 0.16, 0.05, 0.23, 0.13, 0.08, 0.03], [0.17, 0.24, 0.1, 0.22, 0.06, 0.14, 0.05]]",0.13,0.23,146,"[0.01, 0.08, 0.86, 0.05]","[[0, 0, 0, 0, 1, 0, 0, 0], [0, 0, 0, 2, 11, 0, 0, 0], [0, 4, 3, 5, 6, 9, 7, 8], [0, 0, 0, 0, 10, 0, 0, 0]]",0.072
2920,0.0,1,"[[0.14, 0.15, 0.11, 0.2, 0.03, 0.13, 0.04], [0.03, 0.07, 0.1, 0.21, 0.1, 0.13, 0.08], [0.14, 0.03, 0.06, 0.05, 0.15, 0.08, 0.09], [0.13, 0.08, 0.16, 0.01, 0.21, 0.09, 0.05]]",0.13,0.14,147,"[0.06, 0.03, 0.86, 0.05]","[[0, 10, 11, 16, 17, 0, 0, 0], [0, 9, 12, 15, 18, 0, 0, 0], [0, 1, 2, 3, 4, 5, 6, 7], [0, 8, 13, 14, 19, 20, 0, 0]]",0.072
2921,0.0,1,"[[0.15, 0.06, 0.09, 0.11, 0.16, 0.04, 0.14], [0.13, 0.19, 0.06, 0.21, 0.14, 0.09, 0.14], [0.16, 0.13, 0.11, 0.14, 0.1, 0.12, 0.12], [0.2, 0.09, 0.2, 0.06, 0.12, 0.09, 0.16]]",0.13,0.16,147,"[0.08, 0.04, 0.87, 0.01]","[[0, 8, 9, 10, 11, 12, 13, 14], [0, 15, 0, 0, 0, 0, 0, 0], [0, 1, 2, 3, 4, 5, 6, 7], [0, 16, 0, 0, 0, 0, 0, 0]]",0.072
2922,0.0,3,"[[0.2, 0.14, 0.16, 0.12, 0.21, 0.18, 0.23], [0.06, 0.09, 0.16, 0.16, 0.14, 0.12, 0.15], [0.23, 0.08, 0.17, 0.11, 0.04, 0.14, 0.15], [0.06, 0.12, 0.16, 0.23, 0.08, 0.11, 0.15]]",0.13,0.16,147,"[0.33, 0.18, 0.11, 0.38]","[[0, 8, 9, 10, 11, 12, 13, 14], [0, 15, 16, 17, 18, 19, 20, 21], [0, 22, 23, 24, 25, 26, 0, 0], [0, 1, 2, 3, 4, 5, 6, 7]]",0.072
2923,0.0,1,"[[0.23, 0.06, 0.08, 0.13, 0.11, 0.05, 0.11], [0.17, 0.17, 0.17, 0.13, 0.09, 0.2, 0.07], [0.21, 0.11, 0.17, 0.05, 0.13, 0.11, 0.17], [0.16, 0.02, 0.2, 0.19, 0.23, 0.13, 0.13]]",0.13,0.23,147,"[0.24, 0.22, 0.21, 0.33]","[[0, 8, 9, 10, 11, 12, 13, 14], [0, 15, 0, 0, 0, 18, 0, 0], [0, 16, 0, 0, 0, 17, 0, 0], [0, 1, 2, 3, 4, 5, 6, 7]]",0.072
2924,0.0,6,"[[0.18, 0.08, 0.04, 0.19, 0.05, 0.05, 0.16], [0.09, 0.22, 0.23, 0.17, 0.13, 0.24, 0.18], [0.21, 0.2, 0.1, 0.14, 0.11, 0.11, 0.19], [0.23, 0.14, 0.16, 0.18, 0.12, 0.18, 0.03]]",0.13,0.24,147,"[0.02, 0.92, 0.02, 0.04]","[[0, 0, 16, 13, 0, 0, 10, 0], [0, 1, 2, 3, 4, 5, 6, 7], [0, 0, 15, 12, 0, 0, 9, 0], [0, 0, 14, 11, 0, 0, 8, 0]]",0.072
2925,0.0,2,"[[0.12, 0.13, 0.12, 0.14, 0.05, 0.1, 0.25], [0.16, 0.2, 0.2, 0.14, 0.09, 0.17, 0.09], [0.11, 0.12, 0.11, 0.11, 0.08, 0.05, 0.17], [0.19, 0.2, 0.07, 0.21, 0.07, 0.13, 0.2]]",0.13,0.12,147,"[0.17, 0.35, 0.31, 0.17]","[[0, 17, 16, 0, 0, 0, 0, 0], [0, 1, 2, 3, 4, 5, 6, 7], [0, 13, 14, 12, 11, 10, 9, 8], [0, 18, 15, 0, 0, 0, 0, 0]]",0.072
2926,0.0,5,"[[0.08, 0.23, 0.11, 0.15, 0.14, 0.16, 0.07], [0.19, 0.17, 0.09, 0.16, 0.14, 0.09, 0.03], [0.13, 0.11, 0.24, 0.17, 0.14, 0.06, 0.15], [0.09, 0.17, 0.09, 0.17, 0.19, 0.1, 0.17]]",0.13,0.19,147,"[0.01, 0.02, 0.11, 0.86]","[[0, 0, 0, 0, 0, 0, 0, 0], [0, 0, 0, 0, 0, 0, 0, 0], [0, 8, 9, 10, 11, 12, 13, 14], [0, 1, 2, 3, 4, 5, 6, 7]]",0.072
2927,0.0,5,"[[0.07, 0.16, 0.11, 0.2, 0.2, 0.19, 0.16], [0.15, 0.22, 0.24, 0.17, 0.18, 0.12, 0.12], [0.11, 0.16, 0.11, 0.12, 0.21, 0.06, 0.16], [0.17, 0.22, 0.15, 0.11, 0.24, 0.11, 0.17]]",0.13,0.24,147,"[0.09, 0.03, 0.01, 0.87]","[[0, 14, 13, 12, 11, 10, 9, 8], [0, 0, 0, 0, 0, 0, 0, 0], [0, 0, 0, 0, 0, 0, 0, 0], [0, 1, 2, 3, 4, 5, 6, 7]]",0.072
2928,0.0,2,"[[0.14, 0.16, 0.16, 0.21, 0.14, 0.04, 0.08], [0.06, 0.2, 0.17, 0.04, 0.15, 0.07, 0.15], [0.13, 0.19, 0.14, 0.02, 0.08, 0.23, 0.1], [0.15, 0.03, 0.13, 0.07, 0.13, 0.07, 0.19]]",0.13,0.03,147,"[0.26, 0.28, 0.24, 0.22]","[[0, 1, 2, 3, 4, 5, 6, 7], [0, 17, 11, 14, 8, 20, 0, 0], [0, 18, 12, 15, 9, 21, 0, 0], [0, 19, 13, 16, 10, 22, 0, 0]]",0.072
2929,0.0,6,"[[0.1, 0.1, 0.17, 0.08, 0.04, 0.09, 0.12], [0.18, 0.07, 0.12, 0.15, 0.14, 0.22, 0.18], [0.17, 0.02, 0.06, 0.16, 0.1, 0.2, 0.19], [0.23, 0.18, 0.17, 0.22, 0.21, 0.09, 0.19]]",0.13,0.09,147,"[0.21, 0.32, 0.34, 0.13]","[[0, 17, 0, 0, 0, 0, 16, 0], [0, 1, 2, 3, 4, 5, 6, 7], [0, 14, 13, 12, 11, 10, 9, 8], [0, 18, 0, 0, 0, 0, 15, 0]]",0.072
2930,0.0,5,"[[4.41, 7.98, 5.03, 0.94, 6.07, 7.96, 3.08], [7.18, 6.38, 1.11, 4.77, 7.21, 4.82, 4.9], [5.63, 7.2, 7.79, 1.19, 2.56, 6.05, 3.13], [2.67, 2.05, 5.91, 4.15, 9.55, 4.46, 9.22]]",5.0,9.55,147,"[0.04, 0.02, 0.05, 0.89]","[[0, 0, 0, 0, 0, 11, 0, 13], [0, 0, 0, 0, 0, 10, 0, 12], [0, 0, 0, 0, 0, 8, 0, 9], [0, 1, 2, 3, 4, 5, 6, 7]]",2.994
2931,0.0,6,"[[1.89, 1.68, 4.82, 0.64, 6.72, 5.82, 3.47], [2.81, 5.64, 4.93, 5.88, 1.19, 6.58, 2.91], [6.88, 4.96, 4.06, 5.77, 1.03, 4.24, 5.62], [0.22, 1.89, 4.63, 5.2, 4.1, 3.36, 6.44]]",5.0,4.24,147,"[0.25, 0.26, 0.31, 0.18]","[[0, 21, 20, 19, 18, 17, 16, 15], [0, 8, 9, 10, 11, 12, 13, 14], [0, 1, 2, 3, 4, 5, 6, 7], [0, 0, 0, 0, 0, 0, 22, 0]]",2.994
2932,0.0,3,"[[3.74, 4.35, 1.03, 5.02, 2.48, 7.72, 3.91], [9.52, 3.82, 4.46, 2.55, 5.65, 6.25, 0.76], [2.96, 5.49, 2.32, 7.63, 0.35, 8.21, 6.51], [4.09, 2.1, 9.56, 8.08, 0.89, 1.16, 4.1]]",5.0,9.56,147,"[0.04, 0.08, 0.02, 0.86]","[[0, 17, 0, 10, 0, 0, 0, 0], [0, 11, 12, 9, 13, 14, 15, 16], [0, 18, 0, 8, 0, 0, 0, 0], [0, 1, 2, 3, 4, 5, 6, 7]]",2.994
2933,0.0,1,"[[6.2, 4.19, 3.44, 8.27, 6.51, 4.65, 4.01], [2.89, 4.13, 4.82, 8.89, 9.25, 0.96, 6.04], [8.8, 2.84, 4.5, 4.81, 3.19, 0.46, 7.31], [5.12, 1.87, 1.91, 7.0, 2.08, 5.06, 2.86]]",5.0,6.2,147,"[0.15, 0.21, 0.3, 0.34]","[[0, 28, 16, 27, 26, 25, 24, 23], [0, 15, 17, 18, 19, 20, 21, 22], [0, 14, 13, 12, 11, 10, 9, 8], [0, 1, 2, 3, 4, 5, 6, 7]]",2.994
2934,0.0,6,"[[3.55, 2.94, 0.08, 3.13, 2.15, 9.59, 4.77], [4.35, 5.83, 1.82, 2.79, 3.6, 4.35, 6.66], [4.91, 4.62, 9.06, 2.02, 4.04, 2.21, 7.62], [0.78, 5.9, 1.77, 4.45, 7.63, 4.39, 2.86]]",5.0,2.21,147,"[0.34, 0.11, 0.27, 0.28]","[[0, 1, 2, 3, 4, 5, 6, 7], [0, 28, 27, 26, 25, 24, 23, 22], [0, 15, 16, 17, 18, 19, 20, 21], [0, 14, 13, 12, 11, 10, 9, 8]]",2.994
2935,0.0,4,"[[2.54, 7.44, 2.24, 4.32, 2.76, 9.01, 8.48], [1.82, 8.34, 6.23, 3.89, 6.94, 3.11, 6.18], [7.6, 3.71, 5.31, 9.83, 1.09, 3.87, 7.81], [7.76, 7.0, 2.77, 7.48, 3.83, 0.31, 3.13]]",5.0,4.32,147,"[0.04, 0.07, 0.03, 0.86]","[[0, 15, 16, 17, 18, 19, 20, 21], [0, 8, 9, 10, 11, 12, 13, 14], [0, 28, 27, 26, 25, 24, 23, 22], [0, 1, 2, 3, 4, 5, 6, 7]]",2.994
2936,0.0,2,"[[5.92, 9.68, 5.15, 2.59, 5.89, 7.38, 2.85], [1.22, 5.64, 6.3, 3.82, 9.13, 6.51, 3.36], [6.72, 1.0, 8.86, 8.25, 8.82, 6.13, 4.12], [7.5, 7.75, 5.39, 3.9, 7.48, 3.23, 1.98]]",5.0,1.0,147,"[0.3, 0.17, 0.24, 0.29]","[[0, 14, 13, 12, 11, 10, 9, 8], [0, 28, 27, 26, 25, 24, 23, 22], [0, 15, 16, 17, 18, 19, 20, 21], [0, 1, 2, 3, 4, 5, 6, 7]]",2.994
2937,0.0,4,"[[3.54, 3.18, 6.26, 3.39, 3.52, 5.47, 1.42], [3.13, 1.91, 7.14, 3.81, 4.58, 6.9, 8.39], [7.48, 1.27, 5.41, 7.63, 6.12, 1.81, 6.34], [6.09, 3.7, 4.25, 4.91, 0.8, 7.46, 7.59]]",5.0,7.63,147,"[0.04, 0.07, 0.88, 0.01]","[[0, 15, 16, 17, 18, 19, 20, 21], [0, 14, 13, 12, 11, 10, 9, 8], [0, 1, 2, 3, 4, 5, 6, 7], [0, 0, 0, 0, 0, 0, 0, 0]]",2.994
2938,0.0,4,"[[6.26, 0.19, 5.42, 8.23, 3.15, 1.79, 3.82], [4.19, 3.39, 2.75, 9.2, 5.7, 3.44, 3.56], [5.45, 5.72, 8.61, 4.63, 8.16, 8.36, 7.19], [3.14, 2.27, 7.83, 9.11, 0.69, 3.38, 9.35]]",5.0,9.11,147,"[0.1, 0.01, 0.01, 0.88]","[[0, 14, 13, 12, 11, 10, 9, 8], [0, 0, 0, 0, 16, 0, 0, 18], [0, 0, 0, 0, 15, 0, 0, 17], [0, 1, 2, 3, 4, 5, 6, 7]]",2.994
2939,0.0,4,"[[5.11, 2.17, 0.1, 9.47, 2.73, 6.4, 3.36], [4.31, 7.26, 6.36, 8.48, 2.98, 4.68, 5.77], [8.38, 2.0, 6.14, 7.53, 4.7, 1.99, 1.53], [7.09, 5.94, 3.03, 5.37, 2.51, 3.9, 2.79]]",5.0,5.37,147,"[0.31, 0.35, 0.15, 0.19]","[[0, 14, 13, 12, 11, 9, 10, 8], [0, 1, 2, 3, 4, 5, 6, 7], [0, 28, 27, 26, 25, 24, 23, 22], [0, 15, 16, 17, 18, 19, 20, 21]]",2.994
2940,0.0,2,"[[0.06, 0.22, 0.11, 0.12, 0.13, 0.09, 0.18], [0.2, 0.17, 0.05, 0.09, 0.17, 0.16, 0.24], [0.14, 0.03, 0.23, 0.14, 0.04, 0.13, 0.18], [0.16, 0.1, 0.17, 0.16, 0.14, 0.04, 0.05]]",0.13,0.22,148,"[0.87, 0.02, 0.1, 0.01]","[[0, 1, 2, 3, 4, 5, 6, 7], [0, 8, 9, 10, 11, 0, 0, 0], [0, 0, 0, 0, 0, 0, 0, 0], [0, 0, 0, 0, 0, 0, 0, 0]]",0.072
2941,0.0,5,"[[0.05, 0.08, 0.17, 0.15, 0.22, 0.07, 0.07], [0.06, 0.1, 0.12, 0.11, 0.19, 0.16, 0.05], [0.19, 0.16, 0.13, 0.06, 0.18, 0.04, 0.24], [0.15, 0.24, 0.11, 0.13, 0.14, 0.03, 0.01]]",0.13,0.22,148,"[0.86, 0.01, 0.05, 0.08]","[[0, 1, 2, 3, 4, 5, 6, 7], [0, 14, 13, 12, 11, 10, 9, 8], [0, 15, 0, 0, 0, 0, 0, 0], [0, 0, 0, 0, 0, 0, 0, 0]]",0.072
2942,0.0,3,"[[0.15, 0.08, 0.16, 0.16, 0.12, 0.04, 0.13], [0.17, 0.17, 0.2, 0.1, 0.06, 0.16, 0.12], [0.04, 0.25, 0.2, 0.11, 0.04, 0.11, 0.24], [0.15, 0.14, 0.05, 0.11, 0.22, 0.22, 0.2]]",0.13,0.2,148,"[0.01, 0.89, 0.09, 0.01]","[[0, 1, 0, 0, 0, 0, 0, 0], [0, 2, 3, 4, 5, 6, 7, 8], [0, 15, 14, 13, 12, 11, 10, 9], [0, 16, 17, 18, 19, 20, 21, 22]]",0.072
2943,0.0,6,"[[0.06, 0.11, 0.17, 0.23, 0.15, 0.14, 0.21], [0.16, 0.17, 0.08, 0.04, 0.07, 0.21, 0.12], [0.2, 0.19, 0.13, 0.12, 0.17, 0.2, 0.16], [0.1, 0.1, 0.12, 0.16, 0.01, 0.17, 0.09]]",0.13,0.17,148,"[0.23, 0.25, 0.3, 0.22]","[[0, 0, 0, 0, 0, 0, 0, 0], [0, 9, 10, 11, 12, 13, 14, 15], [0, 1, 2, 3, 4, 5, 6, 7], [0, 0, 0, 0, 0, 0, 0, 8]]",0.072
2944,0.0,6,"[[0.07, 0.07, 0.17, 0.05, 0.08, 0.18, 0.15], [0.19, 0.17, 0.06, 0.13, 0.2, 0.13, 0.2], [0.08, 0.18, 0.04, 0.21, 0.15, 0.15, 0.18], [0.06, 0.08, 0.09, 0.02, 0.12, 0.19, 0.09]]",0.13,0.13,148,"[0.31, 0.27, 0.19, 0.23]","[[0, 1, 15, 14, 13, 12, 11, 10], [0, 2, 3, 4, 5, 6, 7, 8], [0, 0, 0, 0, 0, 0, 0, 0], [0, 0, 0, 0, 0, 0, 0, 9]]",0.072
2945,0.0,2,"[[0.12, 0.13, 0.12, 0.14, 0.05, 0.1, 0.25], [0.16, 0.2, 0.2, 0.14, 0.09, 0.17, 0.09], [0.11, 0.12, 0.11, 0.11, 0.08, 0.05, 0.17], [0.19, 0.2, 0.07, 0.21, 0.07, 0.13, 0.2]]",0.13,0.13,148,"[0.17, 0.35, 0.31, 0.17]","[[0, 0, 0, 0, 0, 0, 0, 0], [0, 1, 2, 3, 4, 5, 6, 7], [0, 14, 13, 12, 11, 10, 9, 8], [0, 0, 0, 0, 0, 0, 0, 0]]",0.072
2946,0.0,7,"[[0.11, 0.13, 0.2, 0.15, 0.12, 0.07, 0.12], [0.17, 0.14, 0.08, 0.03, 0.14, 0.12, 0.21], [0.15, 0.05, 0.06, 0.08, 0.07, 0.16, 0.13], [0.11, 0.11, 0.13, 0.18, 0.08, 0.12, 0.15]]",0.13,0.21,148,"[0.11, 0.38, 0.34, 0.17]","[[0, 0, 0, 0, 0, 0, 0, 0], [0, 1, 2, 3, 4, 5, 6, 7], [0, 14, 13, 12, 11, 10, 9, 8], [0, 0, 0, 0, 0, 0, 0, 0]]",0.072
2947,0.0,4,"[[0.2, 0.21, 0.23, 0.23, 0.18, 0.14, 0.22], [0.2, 0.22, 0.22, 0.25, 0.05, 0.12, 0.09], [0.02, 0.05, 0.07, 0.23, 0.14, 0.19, 0.02], [0.12, 0.1, 0.13, 0.23, 0.18, 0.06, 0.24]]",0.13,0.23,148,"[0.08, 0.03, 0.87, 0.02]","[[0, 0, 0, 0, 0, 0, 0, 0], [0, 0, 0, 0, 0, 0, 0, 0], [0, 1, 2, 3, 4, 5, 6, 7], [0, 0, 0, 0, 0, 0, 0, 0]]",0.072
2948,0.0,3,"[[0.16, 0.11, 0.08, 0.09, 0.11, 0.11, 0.06], [0.14, 0.14, 0.15, 0.18, 0.2, 0.23, 0.09], [0.09, 0.18, 0.2, 0.13, 0.05, 0.16, 0.07], [0.08, 0.02, 0.16, 0.15, 0.1, 0.09, 0.12]]",0.13,0.2,148,"[0.08, 0.02, 0.89, 0.01]","[[0, 0, 0, 0, 0, 0, 0, 0], [0, 0, 0, 0, 0, 0, 0, 0], [0, 1, 2, 3, 4, 5, 6, 7], [0, 0, 0, 0, 0, 0, 0, 0]]",0.072
2949,0.0,2,"[[0.01, 0.19, 0.1, 0.03, 0.13, 0.15, 0.13], [0.17, 0.18, 0.07, 0.17, 0.17, 0.12, 0.12], [0.11, 0.17, 0.18, 0.22, 0.08, 0.06, 0.07], [0.12, 0.02, 0.07, 0.16, 0.17, 0.14, 0.04]]",0.13,0.02,148,"[0.3, 0.29, 0.13, 0.28]","[[0, 1, 2, 3, 4, 5, 6, 7], [0, 14, 13, 12, 11, 10, 9, 8], [0, 0, 0, 0, 0, 0, 0, 0], [0, 15, 16, 17, 18, 19, 20, 21]]",0.072
2950,0.0,3,"[[2.88, 2.6, 7.89, 4.77, 7.12, 4.23, 2.87], [3.29, 2.97, 3.82, 9.51, 9.45, 8.27, 5.42], [3.22, 3.81, 4.18, 2.52, 3.48, 3.16, 9.41], [1.89, 5.73, 6.1, 1.69, 4.58, 1.23, 3.5]]",5.0,4.18,148,"[0.2, 0.16, 0.26, 0.38]","[[0, 0, 0, 0, 0, 0, 0, 0], [0, 8, 9, 10, 11, 0, 0, 0], [0, 0, 0, 0, 0, 0, 0, 0], [0, 1, 2, 3, 4, 5, 6, 7]]",2.994
2951,0.0,2,"[[3.95, 8.96, 8.28, 6.18, 7.02, 4.65, 4.21], [7.39, 4.82, 4.44, 1.73, 7.35, 9.66, 2.04], [6.67, 2.62, 2.43, 7.24, 6.32, 7.33, 5.82], [4.75, 4.96, 2.68, 1.71, 6.22, 1.58, 9.11]]",5.0,4.96,148,"[0.25, 0.24, 0.28, 0.23]","[[0, 1, 2, 3, 4, 5, 6, 7], [0, 14, 13, 12, 11, 10, 9, 8], [0, 0, 0, 0, 0, 0, 0, 0], [0, 0, 0, 0, 0, 0, 0, 0]]",2.994
2952,0.0,5,"[[7.11, 5.78, 4.85, 4.33, 7.33, 7.89, 5.26], [5.95, 7.87, 3.44, 7.0, 6.97, 5.22, 6.26], [3.72, 9.35, 7.04, 6.38, 7.42, 6.47, 5.89], [5.94, 4.84, 1.39, 4.52, 3.41, 2.82, 3.73]]",5.0,7.33,148,"[0.33, 0.2, 0.24, 0.23]","[[0, 1, 2, 4, 3, 5, 6, 7], [0, 0, 0, 0, 0, 0, 0, 0], [0, 14, 13, 12, 11, 10, 9, 8], [0, 21, 20, 19, 16, 15, 17, 18]]",2.994
2953,0.0,1,"[[6.2, 4.19, 3.44, 8.27, 6.51, 4.65, 4.01], [2.89, 4.13, 4.82, 8.89, 9.25, 0.96, 6.04], [8.8, 2.84, 4.5, 4.81, 3.19, 0.46, 7.31], [5.12, 1.87, 1.91, 7.0, 2.08, 5.06, 2.86]]",5.0,5.12,148,"[0.15, 0.21, 0.3, 0.34]","[[0, 0, 0, 0, 0, 0, 0, 0], [0, 0, 0, 0, 0, 0, 0, 0], [0, 14, 13, 12, 11, 10, 9, 8], [0, 1, 2, 3, 4, 5, 6, 7]]",2.994
2954,0.0,5,"[[0.95, 2.78, 3.25, 5.38, 7.09, 3.77, 4.83], [7.13, 8.96, 5.39, 2.27, 8.34, 7.96, 4.55], [9.77, 5.61, 8.97, 8.09, 6.52, 2.37, 9.08], [8.52, 1.84, 1.06, 3.62, 0.7, 3.27, 0.14]]",5.0,7.09,148,"[0.85, 0.07, 0.07, 0.01]","[[0, 1, 2, 3, 4, 5, 6, 7], [0, 0, 0, 0, 0, 8, 0, 0], [0, 0, 0, 0, 0, 9, 0, 0], [0, 0, 0, 0, 0, 10, 0, 0]]",2.994
2955,0.0,7,"[[8.39, 1.9, 3.96, 5.78, 2.24, 5.8, 4.1], [0.94, 5.02, 2.49, 5.54, 6.54, 4.33, 9.65], [7.94, 7.8, 4.1, 9.82, 1.59, 4.84, 8.58], [8.96, 7.49, 1.94, 3.92, 0.76, 2.82, 6.17]]",5.0,9.65,148,"[0.11, 0.85, 0.02, 0.02]","[[0, 16, 15, 14, 13, 12, 11, 8], [0, 1, 2, 3, 4, 5, 6, 7], [0, 0, 0, 0, 0, 0, 0, 9], [0, 0, 0, 0, 0, 0, 0, 10]]",2.994
2956,0.0,3,"[[6.19, 1.85, 1.16, 4.28, 2.66, 3.25, 7.93], [4.16, 3.03, 5.34, 3.93, 5.82, 4.05, 2.14], [6.53, 8.89, 6.73, 7.28, 2.75, 0.6, 4.09], [4.95, 6.55, 6.81, 6.9, 1.07, 2.2, 5.26]]",5.0,6.81,148,"[0.03, 0.86, 0.04, 0.07]","[[0, 0, 0, 0, 0, 0, 0, 0], [0, 1, 2, 3, 4, 5, 6, 7], [0, 0, 0, 0, 0, 0, 0, 0], [0, 0, 0, 8, 0, 9, 0, 0]]",2.994
2957,0.0,3,"[[3.25, 0.97, 8.64, 8.18, 2.13, 6.22, 0.77], [5.88, 7.57, 5.25, 3.43, 6.13, 3.52, 3.61], [5.54, 4.65, 8.68, 9.8, 7.31, 3.42, 4.37], [7.14, 2.83, 7.59, 3.91, 6.6, 1.41, 1.96]]",5.0,8.64,148,"[0.06, 0.03, 0.01, 0.9]","[[0, 14, 13, 12, 11, 10, 9, 8], [0, 0, 0, 0, 0, 0, 0, 0], [0, 0, 0, 0, 0, 0, 0, 0], [0, 1, 2, 3, 4, 5, 6, 7]]",2.994
2958,0.0,1,"[[7.91, 1.03, 5.87, 7.52, 6.88, 7.18, 6.1], [5.88, 5.55, 1.78, 3.0, 4.69, 4.52, 8.75], [5.71, 1.25, 6.22, 6.17, 8.38, 7.26, 4.32], [6.4, 8.88, 5.28, 4.23, 1.08, 0.7, 3.39]]",5.0,5.88,148,"[0.3, 0.18, 0.2, 0.32]","[[0, 14, 13, 12, 11, 10, 9, 8], [0, 0, 0, 0, 0, 0, 0, 0], [0, 15, 16, 17, 18, 19, 20, 21], [0, 1, 2, 3, 4, 5, 6, 7]]",2.994
2959,0.0,6,"[[2.65, 1.66, 4.12, 6.28, 3.9, 4.24, 8.17], [4.84, 2.23, 5.57, 7.45, 3.35, 5.55, 3.39], [6.15, 3.53, 5.47, 2.82, 6.99, 9.09, 0.79], [2.47, 2.31, 1.36, 3.11, 4.52, 5.21, 3.31]]",5.0,5.21,148,"[0.01, 0.06, 0.02, 0.91]","[[0, 0, 0, 0, 0, 0, 0, 0], [0, 14, 13, 12, 11, 10, 9, 8], [0, 0, 0, 0, 0, 0, 0, 0], [0, 1, 2, 3, 4, 5, 6, 7]]",2.994
2960,0.01,6,"[[2.65, 1.66, 4.12, 6.28, 3.9, 4.24, 8.17], [4.84, 2.23, 5.57, 7.45, 3.35, 5.55, 3.39], [6.15, 3.53, 5.47, 2.82, 6.99, 9.09, 0.79], [2.47, 2.31, 1.36, 3.11, 4.52, 5.21, 3.31]]",5.0,5.21,149,"[0.01, 0.06, 0.02, 0.91]","[[0, 0, 0, 0, 1, 0, 2, 0], [0, 0, 0, 0, 0, 0, 0, 0], [0, 0, 0, 0, 0, 0, 0, 0], [0, 7, 4, 3, 6, 0, 5, 0]]",2.994
2961,0.01,7,"[[5.71, 4.0, 7.87, 3.26, 8.95, 9.97, 6.35], [4.81, 5.73, 5.74, 5.66, 5.51, 4.81, 7.59], [6.14, 5.62, 3.6, 6.94, 3.42, 3.6, 6.26], [1.09, 4.7, 1.56, 4.05, 2.65, 4.29, 5.33]]",5.0,5.33,149,"[0.02, 0.08, 0.03, 0.87]","[[0, 0, 0, 0, 0, 0, 0, 0], [0, 0, 0, 0, 0, 0, 0, 0], [0, 0, 7, 8, 0, 0, 0, 0], [0, 1, 0, 2, 5, 4, 3, 6]]",2.994
2962,0.01,1,"[[2.54, 7.44, 2.24, 4.32, 2.76, 9.01, 8.48], [1.82, 8.34, 6.23, 3.89, 6.94, 3.11, 6.18], [7.6, 3.71, 5.31, 9.83, 1.09, 3.87, 7.81], [7.76, 7.0, 2.77, 7.48, 3.83, 0.31, 3.13]]",5.0,7.76,149,"[0.04, 0.07, 0.03, 0.86]","[[0, 0, 0, 0, 0, 0, 0, 0], [0, 0, 0, 0, 0, 0, 0, 0], [0, 0, 0, 0, 0, 0, 0, 0], [0, 4, 3, 0, 0, 2, 0, 1]]",2.994
2963,0.01,2,"[[2.09, 7.52, 9.74, 6.72, 2.88, 5.9, 5.87], [6.25, 4.49, 6.66, 2.68, 2.62, 7.58, 4.86], [0.33, 4.49, 3.44, 6.0, 4.73, 0.87, 2.63], [7.63, 1.46, 3.24, 5.72, 7.53, 7.25, 3.01]]",5.0,4.49,149,"[0.34, 0.23, 0.2, 0.23]","[[0, 0, 3, 0, 0, 2, 1, 0], [0, 0, 0, 0, 0, 0, 0, 0], [0, 0, 0, 0, 0, 0, 0, 0], [0, 0, 0, 4, 0, 0, 0, 5]]",2.994
2964,0.01,1,"[[4.36, 8.7, 5.94, 4.41, 8.37, 5.83, 0.58], [9.58, 2.24, 8.49, 4.24, 4.63, 4.53, 5.29], [6.08, 4.31, 5.59, 3.3, 3.91, 4.21, 4.74], [9.25, 5.33, 1.67, 7.75, 5.64, 2.81, 3.02]]",5.0,4.36,149,"[0.31, 0.27, 0.14, 0.28]","[[0, 0, 0, 0, 0, 0, 5, 0], [0, 0, 0, 2, 0, 0, 0, 0], [0, 0, 0, 0, 0, 0, 0, 0], [0, 1, 0, 0, 4, 0, 0, 3]]",2.994
2965,0.01,7,"[[8.39, 1.9, 3.96, 5.78, 2.24, 5.8, 4.1], [0.94, 5.02, 2.49, 5.54, 6.54, 4.33, 9.65], [7.94, 7.8, 4.1, 9.82, 1.59, 4.84, 8.58], [8.96, 7.49, 1.94, 3.92, 0.76, 2.82, 6.17]]",5.0,4.1,149,"[0.11, 0.85, 0.02, 0.02]","[[0, 0, 0, 0, 0, 0, 0, 0], [0, 3, 0, 0, 2, 0, 4, 1], [0, 0, 0, 0, 0, 0, 0, 0], [0, 0, 0, 0, 0, 0, 0, 0]]",2.994
2966,0.01,5,"[[6.19, 1.85, 1.16, 4.28, 2.66, 3.25, 7.93], [4.16, 3.03, 5.34, 3.93, 5.82, 4.05, 2.14], [6.53, 8.89, 6.73, 7.28, 2.75, 0.6, 4.09], [4.95, 6.55, 6.81, 6.9, 1.07, 2.2, 5.26]]",5.0,5.82,149,"[0.03, 0.86, 0.04, 0.07]","[[0, 0, 0, 0, 0, 0, 0, 0], [0, 4, 3, 5, 0, 2, 6, 1], [0, 0, 0, 0, 0, 0, 0, 0], [0, 0, 0, 0, 0, 0, 0, 0]]",2.994
2967,0.01,5,"[[8.51, 2.86, 5.22, 3.29, 7.8, 7.12, 2.91], [7.85, 5.63, 4.76, 5.73, 4.36, 4.99, 0.21], [1.1, 2.64, 4.86, 7.57, 7.15, 0.31, 2.34], [6.38, 5.91, 3.08, 6.0, 7.58, 3.85, 6.26]]",5.0,4.36,149,"[0.19, 0.32, 0.23, 0.26]","[[0, 0, 0, 0, 0, 0, 0, 0], [0, 0, 0, 0, 0, 0, 0, 0], [0, 0, 0, 4, 0, 3, 2, 1], [0, 0, 0, 0, 0, 0, 0, 0]]",2.994
2968,0.01,7,"[[5.12, 1.51, 5.2, 6.71, 2.69, 8.45, 7.56], [1.26, 6.81, 6.02, 6.85, 3.83, 2.04, 5.15], [0.77, 1.29, 6.67, 1.6, 1.63, 0.54, 0.89], [4.2, 5.58, 3.29, 3.97, 3.54, 6.37, 4.95]]",5.0,0.89,149,"[0.21, 0.27, 0.19, 0.33]","[[0, 0, 0, 0, 0, 0, 0, 0], [0, 0, 0, 0, 0, 0, 0, 0], [0, 0, 0, 0, 0, 0, 0, 0], [0, 1, 0, 2, 0, 3, 0, 4]]",2.994
2969,0.01,5,"[[2.67, 1.86, 1.79, 5.75, 3.59, 3.3, 1.49], [1.18, 8.77, 6.89, 4.16, 3.25, 3.0, 9.34], [1.75, 2.03, 4.01, 8.67, 5.48, 1.04, 6.3], [4.37, 0.5, 5.19, 4.46, 0.43, 0.13, 6.06]]",5.0,5.48,149,"[0.24, 0.23, 0.24, 0.29]","[[0, 0, 0, 7, 0, 0, 0, 1], [0, 0, 0, 5, 4, 0, 0, 0], [0, 0, 0, 0, 0, 0, 0, 0], [0, 0, 2, 6, 0, 0, 3, 0]]",2.994
2970,0.01,3,"[[0.16, 0.11, 0.08, 0.09, 0.11, 0.11, 0.06], [0.14, 0.14, 0.15, 0.18, 0.2, 0.23, 0.09], [0.09, 0.18, 0.2, 0.13, 0.05, 0.16, 0.07], [0.08, 0.02, 0.16, 0.15, 0.1, 0.09, 0.12]]",0.13,0.2,149,"[0.08, 0.02, 0.89, 0.01]","[[0, 0, 0, 0, 1, 0, 0, 0], [0, 0, 0, 0, 0, 0, 3, 0], [0, 6, 0, 5, 2, 0, 0, 4], [0, 0, 0, 0, 0, 0, 0, 0]]",0.072
2971,0.01,4,"[[0.18, 0.08, 0.14, 0.2, 0.12, 0.1, 0.1], [0.1, 0.05, 0.2, 0.13, 0.11, 0.09, 0.04], [0.15, 0.11, 0.22, 0.09, 0.14, 0.12, 0.12], [0.17, 0.01, 0.14, 0.05, 0.14, 0.07, 0.08]]",0.13,0.05,149,"[0.3, 0.22, 0.27, 0.21]","[[0, 0, 0, 0, 1, 3, 0, 0], [0, 0, 0, 0, 0, 4, 0, 0], [0, 0, 0, 0, 2, 0, 0, 0], [0, 0, 0, 0, 0, 0, 0, 0]]",0.072
2972,0.01,4,"[[0.11, 0.22, 0.08, 0.2, 0.14, 0.03, 0.13], [0.17, 0.02, 0.02, 0.09, 0.21, 0.16, 0.15], [0.09, 0.18, 0.16, 0.17, 0.05, 0.09, 0.1], [0.18, 0.05, 0.09, 0.19, 0.24, 0.18, 0.12]]",0.13,0.09,149,"[0.33, 0.18, 0.11, 0.38]","[[0, 0, 1, 0, 0, 0, 0, 0], [0, 0, 0, 0, 0, 0, 0, 0], [0, 0, 0, 0, 0, 0, 0, 0], [0, 0, 2, 0, 4, 0, 3, 0]]",0.072
2973,0.01,4,"[[0.11, 0.06, 0.11, 0.08, 0.17, 0.11, 0.11], [0.14, 0.12, 0.06, 0.14, 0.09, 0.14, 0.12], [0.04, 0.15, 0.09, 0.13, 0.15, 0.18, 0.21], [0.1, 0.08, 0.17, 0.08, 0.19, 0.13, 0.19]]",0.13,0.13,149,"[0.26, 0.2, 0.27, 0.27]","[[0, 0, 0, 0, 0, 0, 0, 0], [0, 0, 0, 0, 0, 0, 0, 0], [0, 0, 0, 0, 0, 0, 0, 0], [0, 0, 0, 0, 0, 0, 0, 0]]",0.072
2974,0.01,7,"[[0.02, 0.1, 0.05, 0.19, 0.09, 0.05, 0.06], [0.03, 0.12, 0.22, 0.08, 0.02, 0.07, 0.12], [0.18, 0.19, 0.1, 0.18, 0.18, 0.13, 0.15], [0.08, 0.17, 0.23, 0.11, 0.13, 0.16, 0.07]]",0.13,0.07,149,"[0.06, 0.06, 0.03, 0.85]","[[0, 0, 0, 0, 0, 0, 0, 0], [0, 0, 0, 0, 0, 0, 0, 0], [0, 0, 0, 0, 0, 0, 0, 0], [0, 0, 0, 0, 0, 0, 0, 0]]",0.072
2975,0.01,2,"[[0.19, 0.09, 0.13, 0.2, 0.03, 0.17, 0.2], [0.08, 0.14, 0.18, 0.15, 0.19, 0.11, 0.07], [0.15, 0.06, 0.07, 0.11, 0.19, 0.02, 0.14], [0.12, 0.04, 0.06, 0.04, 0.06, 0.19, 0.09]]",0.13,0.14,149,"[0.02, 0.85, 0.05, 0.08]","[[0, 0, 0, 0, 0, 0, 0, 0], [0, 0, 0, 0, 0, 0, 0, 0], [0, 0, 0, 0, 0, 0, 0, 0], [0, 0, 0, 0, 0, 0, 0, 0]]",0.072
2976,0.01,1,"[[0.14, 0.15, 0.11, 0.2, 0.03, 0.13, 0.04], [0.03, 0.07, 0.1, 0.21, 0.1, 0.13, 0.08], [0.14, 0.03, 0.06, 0.05, 0.15, 0.08, 0.09], [0.13, 0.08, 0.16, 0.01, 0.21, 0.09, 0.05]]",0.13,0.14,149,"[0.06, 0.03, 0.86, 0.05]","[[0, 1, 0, 0, 0, 0, 0, 0], [0, 0, 0, 0, 0, 0, 0, 0], [0, 0, 0, 0, 0, 0, 0, 0], [0, 0, 0, 0, 0, 0, 0, 0]]",0.072
2977,0.01,4,"[[0.21, 0.14, 0.05, 0.18, 0.12, 0.1, 0.15], [0.03, 0.07, 0.04, 0.14, 0.13, 0.15, 0.2], [0.05, 0.14, 0.08, 0.16, 0.04, 0.13, 0.08], [0.19, 0.12, 0.09, 0.06, 0.18, 0.05, 0.09]]",0.13,0.16,149,"[0.01, 0.02, 0.88, 0.09]","[[0, 0, 0, 0, 0, 0, 0, 0], [0, 0, 0, 0, 0, 0, 0, 0], [0, 0, 0, 0, 0, 0, 0, 0], [0, 0, 0, 0, 0, 0, 0, 0]]",0.072
2978,0.01,6,"[[0.22, 0.12, 0.18, 0.2, 0.04, 0.04, 0.16], [0.19, 0.18, 0.17, 0.17, 0.18, 0.2, 0.15], [0.03, 0.13, 0.18, 0.12, 0.17, 0.16, 0.08], [0.21, 0.09, 0.16, 0.11, 0.25, 0.1, 0.16]]",0.13,0.16,149,"[0.34, 0.12, 0.22, 0.32]","[[0, 0, 0, 0, 0, 0, 0, 0], [0, 0, 0, 0, 0, 0, 0, 0], [0, 0, 0, 0, 0, 0, 0, 0], [0, 0, 0, 0, 0, 0, 0, 0]]",0.072
2979,0.01,3,"[[0.16, 0.14, 0.08, 0.14, 0.11, 0.13, 0.09], [0.19, 0.11, 0.19, 0.08, 0.11, 0.19, 0.13], [0.21, 0.23, 0.11, 0.11, 0.1, 0.18, 0.03], [0.04, 0.14, 0.12, 0.13, 0.05, 0.04, 0.05]]",0.13,0.19,149,"[0.31, 0.22, 0.18, 0.29]","[[0, 0, 0, 0, 0, 0, 0, 0], [0, 0, 0, 0, 0, 0, 0, 0], [0, 0, 0, 0, 0, 0, 0, 0], [0, 0, 0, 0, 0, 0, 0, 0]]",0.072
2980,0.01,1,"[[7.78, 7.83, 6.34, 3.49, 9.25, 4.1, 8.16], [4.02, 5.78, 4.37, 3.5, 3.65, 5.34, 1.1], [4.29, 1.52, 3.77, 7.63, 3.05, 0.82, 4.95], [8.46, 6.15, 6.73, 3.18, 8.15, 6.29, 5.32]]",5.0,8.46,150,"[0.2, 0.29, 0.22, 0.29]","[[0, 4, 5, 12, 13, 20, 21, 28], [0, 3, 6, 11, 14, 19, 22, 27], [0, 2, 7, 10, 15, 18, 23, 26], [0, 1, 8, 9, 16, 17, 24, 25]]",2.994
2981,0.01,6,"[[6.18, 4.93, 6.72, 3.3, 6.34, 6.06, 5.41], [7.2, 2.38, 3.93, 9.67, 4.79, 7.96, 3.99], [0.82, 2.25, 1.43, 2.43, 5.42, 7.07, 9.93], [9.97, 3.97, 5.79, 8.9, 4.27, 7.39, 5.81]]",5.0,7.96,150,"[0.28, 0.28, 0.19, 0.25]","[[0, 4, 5, 12, 13, 20, 21, 28], [0, 3, 6, 11, 14, 19, 22, 27], [0, 2, 7, 10, 15, 18, 23, 26], [0, 1, 8, 9, 16, 17, 24, 25]]",2.994
2982,0.01,4,"[[7.74, 3.22, 6.43, 3.71, 7.81, 4.87, 5.0], [6.79, 7.24, 2.38, 4.86, 3.87, 6.17, 4.92], [3.15, 9.58, 2.44, 5.2, 8.45, 2.58, 2.29], [4.2, 1.81, 5.9, 9.47, 8.69, 2.45, 6.94]]",5.0,4.86,150,"[0.15, 0.38, 0.14, 0.33]","[[0, 16, 18, 20, 21, 24, 26, 27], [0, 1, 2, 3, 4, 5, 6, 7], [0, 15, 17, 19, 22, 23, 25, 28], [0, 14, 13, 12, 11, 10, 9, 8]]",2.994
2983,0.01,3,"[[7.04, 7.27, 1.99, 4.87, 6.53, 6.34, 1.47], [5.29, 2.16, 9.06, 4.67, 7.92, 5.41, 7.56], [6.95, 5.35, 1.7, 4.81, 6.84, 1.21, 8.92], [6.63, 5.53, 4.35, 1.42, 5.69, 5.92, 4.12]]",5.0,9.06,150,"[0.07, 0.87, 0.03, 0.03]","[[0, 0, 0, 10, 0, 14, 0, 17], [0, 1, 2, 3, 4, 5, 6, 7], [0, 0, 0, 8, 0, 12, 0, 16], [0, 0, 0, 9, 0, 13, 11, 15]]",2.994
2984,0.01,5,"[[5.77, 3.99, 6.61, 4.81, 8.16, 4.87, 2.84], [5.38, 5.12, 5.88, 4.67, 7.45, 7.64, 1.41], [2.86, 1.79, 4.9, 7.89, 6.3, 3.05, 5.2], [5.28, 6.58, 1.34, 2.2, 4.69, 6.92, 5.01]]",5.0,4.69,150,"[0.34, 0.23, 0.11, 0.32]","[[0, 1, 8, 9, 14, 20, 21, 28], [0, 2, 7, 10, 15, 19, 22, 27], [0, 3, 6, 11, 13, 18, 23, 26], [0, 4, 5, 12, 16, 17, 24, 25]]",2.994
2985,0.01,3,"[[9.88, 3.37, 6.84, 6.02, 5.72, 2.47, 6.83], [4.66, 3.57, 1.89, 8.02, 4.52, 4.58, 0.56], [5.57, 8.71, 8.98, 7.3, 1.41, 5.09, 6.3], [2.79, 3.58, 9.87, 3.61, 3.51, 7.13, 2.78]]",5.0,9.87,150,"[0.02, 0.05, 0.05, 0.88]","[[0, 0, 0, 10, 0, 0, 13, 0], [0, 0, 0, 9, 0, 0, 12, 0], [0, 0, 0, 8, 0, 0, 11, 0], [0, 1, 2, 3, 4, 5, 6, 7]]",2.994
2986,0.01,4,"[[5.11, 2.17, 0.1, 9.47, 2.73, 6.4, 3.36], [4.31, 7.26, 6.36, 8.48, 2.98, 4.68, 5.77], [8.38, 2.0, 6.14, 7.53, 4.7, 1.99, 1.53], [7.09, 5.94, 3.03, 5.37, 2.51, 3.9, 2.79]]",5.0,5.37,150,"[0.31, 0.35, 0.15, 0.19]","[[0, 2, 6, 5, 8, 10, 12, 14], [0, 1, 3, 4, 7, 9, 11, 13], [0, 0, 0, 0, 15, 0, 0, 0], [0, 0, 0, 0, 16, 0, 0, 0]]",2.994
2987,0.01,4,"[[7.32, 4.38, 4.99, 7.76, 5.0, 5.94, 2.36], [8.4, 3.61, 8.45, 4.23, 7.02, 4.36, 9.23], [1.69, 3.23, 3.54, 3.86, 3.72, 2.06, 0.61], [7.94, 7.02, 6.73, 4.28, 8.5, 0.13, 2.63]]",5.0,7.76,150,"[0.85, 0.03, 0.11, 0.01]","[[0, 1, 2, 3, 4, 5, 6, 7], [0, 8, 0, 0, 11, 0, 0, 0], [0, 9, 0, 0, 12, 0, 0, 0], [0, 10, 0, 0, 13, 0, 0, 0]]",2.994
2988,0.01,5,"[[0.95, 2.78, 3.25, 5.38, 7.09, 3.77, 4.83], [7.13, 8.96, 5.39, 2.27, 8.34, 7.96, 4.55], [9.77, 5.61, 8.97, 8.09, 6.52, 2.37, 9.08], [8.52, 1.84, 1.06, 3.62, 0.7, 3.27, 0.14]]",5.0,7.09,150,"[0.85, 0.07, 0.07, 0.01]","[[0, 1, 2, 3, 4, 5, 6, 7], [0, 0, 0, 0, 0, 8, 0, 0], [0, 0, 0, 0, 0, 9, 0, 0], [0, 0, 0, 0, 0, 10, 0, 0]]",2.994
2989,0.01,3,"[[3.74, 4.35, 1.03, 5.02, 2.48, 7.72, 3.91], [9.52, 3.82, 4.46, 2.55, 5.65, 6.25, 0.76], [2.96, 5.49, 2.32, 7.63, 0.35, 8.21, 6.51], [4.09, 2.1, 9.56, 8.08, 0.89, 1.16, 4.1]]",5.0,9.56,150,"[0.04, 0.08, 0.02, 0.86]","[[0, 0, 0, 10, 13, 0, 0, 0], [0, 0, 0, 9, 12, 0, 0, 0], [0, 0, 0, 8, 11, 0, 0, 0], [0, 1, 2, 3, 4, 5, 6, 7]]",2.994
2990,0.01,5,"[[0.07, 0.16, 0.11, 0.2, 0.2, 0.19, 0.16], [0.15, 0.22, 0.24, 0.17, 0.18, 0.12, 0.12], [0.11, 0.16, 0.11, 0.12, 0.21, 0.06, 0.16], [0.17, 0.22, 0.15, 0.11, 0.24, 0.11, 0.17]]",0.13,0.2,150,"[0.09, 0.03, 0.01, 0.87]","[[0, 0, 0, 0, 0, 0, 0, 0], [0, 0, 0, 0, 0, 0, 0, 0], [0, 0, 0, 0, 0, 0, 0, 0], [0, 1, 2, 3, 4, 5, 6, 7]]",0.072
2991,0.01,3,"[[0.14, 0.16, 0.16, 0.21, 0.14, 0.04, 0.08], [0.06, 0.2, 0.17, 0.04, 0.15, 0.07, 0.15], [0.13, 0.19, 0.14, 0.02, 0.08, 0.23, 0.1], [0.15, 0.03, 0.13, 0.07, 0.13, 0.07, 0.19]]",0.13,0.13,150,"[0.26, 0.28, 0.24, 0.22]","[[0, 0, 0, 0, 0, 0, 0, 0], [0, 0, 0, 0, 0, 0, 0, 0], [0, 0, 0, 0, 0, 0, 0, 0], [0, 0, 0, 0, 0, 0, 0, 0]]",0.072
2992,0.01,6,"[[0.12, 0.13, 0.12, 0.14, 0.05, 0.1, 0.25], [0.16, 0.2, 0.2, 0.14, 0.09, 0.17, 0.09], [0.11, 0.12, 0.11, 0.11, 0.08, 0.05, 0.17], [0.19, 0.2, 0.07, 0.21, 0.07, 0.13, 0.2]]",0.13,0.05,150,"[0.17, 0.35, 0.31, 0.17]","[[0, 0, 0, 0, 0, 0, 0, 0], [0, 0, 0, 0, 0, 1, 0, 0], [0, 0, 0, 0, 0, 0, 0, 0], [0, 0, 0, 0, 0, 0, 0, 0]]",0.072
2993,0.01,7,"[[0.16, 0.21, 0.19, 0.12, 0.21, 0.05, 0.2], [0.14, 0.1, 0.04, 0.07, 0.08, 0.16, 0.22], [0.03, 0.17, 0.22, 0.13, 0.04, 0.22, 0.12], [0.16, 0.14, 0.16, 0.16, 0.18, 0.13, 0.14]]",0.13,0.22,150,"[0.06, 0.89, 0.04, 0.01]","[[0, 0, 0, 0, 0, 0, 0, 0], [0, 1, 2, 3, 4, 5, 6, 7], [0, 0, 0, 0, 0, 0, 0, 0], [0, 0, 0, 0, 0, 0, 0, 0]]",0.072
2994,0.01,1,"[[0.06, 0.1, 0.22, 0.17, 0.09, 0.03, 0.08], [0.24, 0.07, 0.1, 0.11, 0.11, 0.15, 0.16], [0.04, 0.05, 0.2, 0.13, 0.03, 0.1, 0.19], [0.2, 0.09, 0.17, 0.15, 0.2, 0.1, 0.15]]",0.13,0.2,150,"[0.01, 0.1, 0.04, 0.85]","[[0, 0, 0, 0, 0, 0, 0, 0], [0, 8, 0, 0, 0, 0, 0, 0], [0, 0, 0, 0, 0, 0, 0, 0], [0, 1, 2, 3, 4, 5, 6, 7]]",0.072
2995,0.01,4,"[[0.04, 0.14, 0.09, 0.06, 0.18, 0.1, 0.07], [0.09, 0.13, 0.01, 0.23, 0.07, 0.19, 0.05], [0.08, 0.2, 0.08, 0.21, 0.07, 0.04, 0.22], [0.12, 0.1, 0.09, 0.18, 0.18, 0.04, 0.15]]",0.13,0.18,150,"[0.05, 0.03, 0.07, 0.85]","[[0, 0, 0, 0, 0, 0, 0, 0], [0, 0, 0, 0, 0, 0, 0, 0], [0, 0, 0, 0, 0, 0, 0, 0], [0, 1, 2, 3, 4, 5, 6, 7]]",0.072
2996,0.01,3,"[[0.16, 0.11, 0.08, 0.09, 0.11, 0.11, 0.06], [0.14, 0.14, 0.15, 0.18, 0.2, 0.23, 0.09], [0.09, 0.18, 0.2, 0.13, 0.05, 0.16, 0.07], [0.08, 0.02, 0.16, 0.15, 0.1, 0.09, 0.12]]",0.13,0.2,150,"[0.08, 0.02, 0.89, 0.01]","[[0, 0, 0, 0, 0, 0, 0, 0], [0, 0, 0, 0, 0, 0, 0, 0], [0, 1, 2, 3, 4, 5, 6, 7], [0, 0, 0, 0, 0, 0, 0, 0]]",0.072
2997,0.01,1,"[[0.11, 0.13, 0.2, 0.15, 0.12, 0.07, 0.12], [0.17, 0.14, 0.08, 0.03, 0.14, 0.12, 0.21], [0.15, 0.05, 0.06, 0.08, 0.07, 0.16, 0.13], [0.11, 0.11, 0.13, 0.18, 0.08, 0.12, 0.15]]",0.13,0.15,150,"[0.11, 0.38, 0.34, 0.17]","[[0, 0, 0, 0, 0, 0, 0, 0], [0, 4, 0, 0, 0, 2, 0, 0], [0, 0, 0, 1, 0, 0, 3, 0], [0, 0, 0, 0, 0, 0, 0, 0]]",0.072
2998,0.01,3,"[[0.18, 0.08, 0.14, 0.2, 0.12, 0.1, 0.1], [0.1, 0.05, 0.2, 0.13, 0.11, 0.09, 0.04], [0.15, 0.11, 0.22, 0.09, 0.14, 0.12, 0.12], [0.17, 0.01, 0.14, 0.05, 0.14, 0.07, 0.08]]",0.13,0.2,150,"[0.3, 0.22, 0.27, 0.21]","[[0, 0, 0, 0, 0, 0, 0, 0], [0, 0, 0, 0, 0, 0, 0, 0], [0, 0, 0, 0, 0, 0, 0, 0], [0, 0, 0, 0, 0, 0, 0, 0]]",0.072
2999,0.01,6,"[[0.11, 0.17, 0.16, 0.1, 0.16, 0.08, 0.16], [0.14, 0.11, 0.1, 0.17, 0.15, 0.09, 0.15], [0.18, 0.13, 0.06, 0.09, 0.04, 0.12, 0.18], [0.24, 0.17, 0.23, 0.17, 0.08, 0.13, 0.06]]",0.13,0.09,150,"[0.26, 0.27, 0.3, 0.17]","[[0, 0, 0, 0, 0, 0, 0, 0], [0, 0, 0, 0, 0, 0, 0, 0], [0, 0, 0, 2, 0, 0, 1, 0], [0, 0, 0, 0, 0, 0, 0, 0]]",0.072
3000,0.0,5,"[[5.77, 3.99, 6.61, 4.81, 8.16, 4.87, 2.84], [5.38, 5.12, 5.88, 4.67, 7.45, 7.64, 1.41], [2.86, 1.79, 4.9, 7.89, 6.3, 3.05, 5.2], [5.28, 6.58, 1.34, 2.2, 4.69, 6.92, 5.01]]",5.0,8.16,151,"[0.34, 0.23, 0.11, 0.32]","[[0, 0, 0, 1, 9, 8, 10, 11], [0, 0, 0, 0, 2, 7, 6, 12], [0, 0, 0, 0, 0, 3, 5, 13], [0, 0, 0, 0, 0, 15, 4, 14]]",2.994
3001,0.0,2,"[[3.89, 7.03, 1.42, 3.85, 5.57, 3.85, 2.09], [1.42, 3.42, 3.49, 1.78, 8.76, 8.52, 6.88], [3.98, 7.53, 6.94, 2.68, 5.16, 4.6, 0.82], [7.43, 7.31, 6.36, 5.75, 9.0, 9.88, 3.78]]",5.0,7.03,151,"[0.86, 0.01, 0.02, 0.11]","[[0, 1, 2, 3, 4, 5, 6, 7], [0, 0, 13, 12, 11, 9, 8, 10], [0, 0, 14, 0, 0, 0, 0, 0], [0, 0, 15, 0, 0, 0, 0, 0]]",2.994
3002,0.0,2,"[[4.36, 8.7, 5.94, 4.41, 8.37, 5.83, 0.58], [9.58, 2.24, 8.49, 4.24, 4.63, 4.53, 5.29], [6.08, 4.31, 5.59, 3.3, 3.91, 4.21, 4.74], [9.25, 5.33, 1.67, 7.75, 5.64, 2.81, 3.02]]",5.0,8.7,151,"[0.31, 0.27, 0.14, 0.28]","[[0, 17, 1, 8, 9, 18, 19, 20], [0, 21, 2, 7, 10, 0, 0, 0], [0, 0, 3, 6, 11, 0, 0, 0], [0, 16, 4, 5, 12, 13, 15, 14]]",2.994
3003,0.0,6,"[[2.65, 1.66, 4.12, 6.28, 3.9, 4.24, 8.17], [4.84, 2.23, 5.57, 7.45, 3.35, 5.55, 3.39], [6.15, 3.53, 5.47, 2.82, 6.99, 9.09, 0.79], [2.47, 2.31, 1.36, 3.11, 4.52, 5.21, 3.31]]",5.0,5.21,151,"[0.01, 0.06, 0.02, 0.91]","[[0, 0, 0, 0, 19, 13, 10, 16], [0, 0, 0, 0, 18, 12, 9, 15], [0, 0, 0, 0, 17, 11, 8, 14], [0, 1, 2, 3, 4, 5, 6, 7]]",2.994
3004,0.0,5,"[[4.41, 7.98, 5.03, 0.94, 6.07, 7.96, 3.08], [7.18, 6.38, 1.11, 4.77, 7.21, 4.82, 4.9], [5.63, 7.2, 7.79, 1.19, 2.56, 6.05, 3.13], [2.67, 2.05, 5.91, 4.15, 9.55, 4.46, 9.22]]",5.0,9.55,151,"[0.04, 0.02, 0.05, 0.89]","[[0, 0, 0, 0, 19, 10, 13, 16], [0, 0, 0, 0, 18, 9, 12, 15], [0, 0, 0, 0, 17, 8, 11, 14], [0, 1, 2, 3, 4, 5, 6, 7]]",2.994
3005,0.0,5,"[[5.63, 2.91, 6.84, 6.5, 2.65, 5.91, 4.09], [5.16, 0.83, 2.41, 5.99, 6.15, 3.67, 6.12], [5.67, 9.08, 3.93, 7.57, 5.62, 2.51, 2.61], [4.59, 1.2, 4.42, 1.16, 8.17, 8.27, 1.11]]",5.0,5.62,151,"[0.14, 0.34, 0.35, 0.17]","[[0, 0, 0, 0, 0, 0, 0, 0], [0, 2, 4, 6, 8, 10, 11, 14], [0, 1, 3, 5, 7, 9, 12, 13], [0, 0, 0, 0, 0, 0, 0, 0]]",2.994
3006,0.0,4,"[[5.11, 2.17, 0.1, 9.47, 2.73, 6.4, 3.36], [4.31, 7.26, 6.36, 8.48, 2.98, 4.68, 5.77], [8.38, 2.0, 6.14, 7.53, 4.7, 1.99, 1.53], [7.09, 5.94, 3.03, 5.37, 2.51, 3.9, 2.79]]",5.0,8.48,151,"[0.31, 0.35, 0.15, 0.19]","[[0, 14, 13, 12, 11, 10, 9, 8], [0, 1, 2, 3, 4, 5, 6, 7], [0, 0, 0, 0, 0, 0, 0, 0], [0, 0, 0, 0, 0, 0, 0, 0]]",2.994
3007,0.0,3,"[[9.88, 3.37, 6.84, 6.02, 5.72, 2.47, 6.83], [4.66, 3.57, 1.89, 8.02, 4.52, 4.58, 0.56], [5.57, 8.71, 8.98, 7.3, 1.41, 5.09, 6.3], [2.79, 3.58, 9.87, 3.61, 3.51, 7.13, 2.78]]",5.0,9.87,151,"[0.02, 0.05, 0.05, 0.88]","[[0, 0, 0, 10, 13, 16, 19, 22], [0, 0, 0, 9, 12, 15, 18, 21], [0, 0, 0, 8, 11, 14, 17, 20], [0, 1, 2, 3, 4, 5, 6, 7]]",2.994
3008,0.0,1,"[[7.11, 5.78, 4.85, 4.33, 7.33, 7.89, 5.26], [5.95, 7.87, 3.44, 7.0, 6.97, 5.22, 6.26], [3.72, 9.35, 7.04, 6.38, 7.42, 6.47, 5.89], [5.94, 4.84, 1.39, 4.52, 3.41, 2.82, 3.73]]",5.0,5.94,151,"[0.33, 0.2, 0.24, 0.23]","[[0, 2, 3, 4, 5, 6, 7, 8], [0, 12, 0, 0, 0, 0, 9, 0], [0, 13, 0, 0, 0, 0, 10, 0], [0, 1, 0, 0, 0, 0, 11, 0]]",2.994
3009,0.0,4,"[[7.32, 4.38, 4.99, 7.76, 5.0, 5.94, 2.36], [8.4, 3.61, 8.45, 4.23, 7.02, 4.36, 9.23], [1.69, 3.23, 3.54, 3.86, 3.72, 2.06, 0.61], [7.94, 7.02, 6.73, 4.28, 8.5, 0.13, 2.63]]",5.0,3.86,151,"[0.85, 0.03, 0.11, 0.01]","[[0, 1, 2, 3, 4, 5, 6, 7], [0, 11, 0, 0, 8, 0, 0, 0], [0, 12, 0, 0, 9, 0, 0, 0], [0, 13, 0, 0, 10, 0, 0, 0]]",2.994
3010,0.0,2,"[[0.12, 0.13, 0.12, 0.14, 0.05, 0.1, 0.25], [0.16, 0.2, 0.2, 0.14, 0.09, 0.17, 0.09], [0.11, 0.12, 0.11, 0.11, 0.08, 0.05, 0.17], [0.19, 0.2, 0.07, 0.21, 0.07, 0.13, 0.2]]",0.13,0.2,151,"[0.17, 0.35, 0.31, 0.17]","[[0, 0, 0, 0, 0, 0, 0, 0], [0, 1, 3, 6, 7, 10, 11, 14], [0, 2, 4, 5, 8, 9, 12, 13], [0, 0, 0, 0, 0, 0, 0, 0]]",0.072
3011,0.0,6,"[[0.1, 0.1, 0.17, 0.08, 0.04, 0.09, 0.12], [0.18, 0.07, 0.12, 0.15, 0.14, 0.22, 0.18], [0.17, 0.02, 0.06, 0.16, 0.1, 0.2, 0.19], [0.23, 0.18, 0.17, 0.22, 0.21, 0.09, 0.19]]",0.13,0.22,151,"[0.21, 0.32, 0.34, 0.13]","[[0, 0, 0, 0, 0, 0, 10, 13], [0, 1, 2, 3, 4, 5, 6, 7], [0, 0, 0, 0, 0, 0, 8, 12], [0, 0, 0, 0, 0, 0, 9, 11]]",0.072
3012,0.0,7,"[[0.12, 0.17, 0.14, 0.13, 0.11, 0.07, 0.23], [0.21, 0.03, 0.18, 0.17, 0.22, 0.07, 0.12], [0.06, 0.15, 0.14, 0.1, 0.11, 0.15, 0.22], [0.13, 0.03, 0.18, 0.17, 0.07, 0.25, 0.1]]",0.13,0.12,151,"[0.39, 0.18, 0.15, 0.28]","[[0, 1, 5, 6, 7, 8, 9, 10], [0, 2, 0, 0, 19, 16, 14, 11], [0, 3, 0, 0, 20, 17, 15, 12], [0, 4, 0, 0, 21, 18, 0, 13]]",0.072
3013,0.0,4,"[[0.18, 0.08, 0.14, 0.2, 0.12, 0.1, 0.1], [0.1, 0.05, 0.2, 0.13, 0.11, 0.09, 0.04], [0.15, 0.11, 0.22, 0.09, 0.14, 0.12, 0.12], [0.17, 0.01, 0.14, 0.05, 0.14, 0.07, 0.08]]",0.13,0.2,151,"[0.3, 0.22, 0.27, 0.21]","[[0, 1, 5, 6, 7, 8, 9, 10], [0, 2, 16, 0, 11, 0, 0, 0], [0, 3, 15, 0, 12, 0, 0, 0], [0, 4, 14, 17, 13, 18, 19, 20]]",0.072
3014,0.0,1,"[[0.06, 0.1, 0.22, 0.17, 0.09, 0.03, 0.08], [0.24, 0.07, 0.1, 0.11, 0.11, 0.15, 0.16], [0.04, 0.05, 0.2, 0.13, 0.03, 0.1, 0.19], [0.2, 0.09, 0.17, 0.15, 0.2, 0.1, 0.15]]",0.13,0.2,151,"[0.01, 0.1, 0.04, 0.85]","[[0, 11, 0, 0, 0, 10, 0, 0], [0, 12, 0, 0, 0, 9, 0, 0], [0, 13, 0, 0, 0, 8, 0, 0], [0, 1, 2, 3, 4, 5, 6, 7]]",0.072
3015,0.0,4,"[[0.21, 0.14, 0.05, 0.18, 0.12, 0.1, 0.15], [0.03, 0.07, 0.04, 0.14, 0.13, 0.15, 0.2], [0.05, 0.14, 0.08, 0.16, 0.04, 0.13, 0.08], [0.19, 0.12, 0.09, 0.06, 0.18, 0.05, 0.09]]",0.13,0.16,151,"[0.01, 0.02, 0.88, 0.09]","[[0, 0, 13, 0, 9, 0, 16, 0], [0, 0, 12, 0, 8, 0, 15, 0], [0, 1, 2, 3, 4, 5, 6, 7], [0, 0, 11, 0, 10, 0, 14, 0]]",0.072
3016,0.0,5,"[[0.15, 0.17, 0.12, 0.06, 0.06, 0.22, 0.15], [0.19, 0.17, 0.21, 0.18, 0.06, 0.19, 0.04], [0.07, 0.13, 0.08, 0.09, 0.18, 0.11, 0.12], [0.16, 0.1, 0.02, 0.11, 0.21, 0.13, 0.19]]",0.13,0.21,151,"[0.09, 0.05, 0.01, 0.85]","[[0, 0, 0, 0, 0, 10, 0, 0], [0, 0, 0, 0, 0, 9, 0, 0], [0, 0, 0, 0, 0, 8, 0, 0], [0, 1, 2, 3, 4, 5, 7, 6]]",0.072
3017,0.0,5,"[[0.05, 0.08, 0.17, 0.15, 0.22, 0.07, 0.07], [0.06, 0.1, 0.12, 0.11, 0.19, 0.16, 0.05], [0.19, 0.16, 0.13, 0.06, 0.18, 0.04, 0.24], [0.15, 0.24, 0.11, 0.13, 0.14, 0.03, 0.01]]",0.13,0.22,151,"[0.86, 0.01, 0.05, 0.08]","[[0, 1, 2, 3, 4, 5, 6, 7], [0, 0, 19, 16, 13, 8, 22, 0], [0, 0, 18, 15, 12, 9, 21, 0], [0, 0, 17, 14, 11, 10, 20, 0]]",0.072
3018,0.0,7,"[[0.17, 0.04, 0.18, 0.09, 0.04, 0.16, 0.22], [0.22, 0.14, 0.04, 0.11, 0.04, 0.23, 0.13], [0.09, 0.1, 0.01, 0.06, 0.15, 0.17, 0.05], [0.04, 0.06, 0.1, 0.03, 0.1, 0.03, 0.15]]",0.13,0.15,151,"[0.35, 0.15, 0.13, 0.37]","[[0, 14, 13, 12, 11, 10, 9, 8], [0, 0, 0, 0, 0, 0, 0, 16], [0, 0, 0, 0, 0, 0, 0, 15], [0, 1, 2, 3, 4, 5, 6, 7]]",0.072
3019,0.0,6,"[[0.18, 0.08, 0.04, 0.19, 0.05, 0.05, 0.16], [0.09, 0.22, 0.23, 0.17, 0.13, 0.24, 0.18], [0.21, 0.2, 0.1, 0.14, 0.11, 0.11, 0.19], [0.23, 0.14, 0.16, 0.18, 0.12, 0.18, 0.03]]",0.13,0.24,151,"[0.02, 0.92, 0.02, 0.04]","[[0, 0, 11, 12, 0, 0, 8, 0], [0, 1, 2, 3, 4, 5, 6, 7], [0, 0, 13, 14, 0, 0, 9, 0], [0, 0, 15, 16, 0, 0, 10, 0]]",0.072
3020,0.01,1,"[[0.19, 0.12, 0.08, 0.18, 0.08, 0.2, 0.22], [0.05, 0.04, 0.19, 0.18, 0.18, 0.05, 0.1], [0.21, 0.13, 0.15, 0.13, 0.16, 0.15, 0.08], [0.19, 0.06, 0.09, 0.07, 0.04, 0.2, 0.08]]",0.13,0.19,152,"[0.16, 0.28, 0.23, 0.33]","[[0, 0, 0, 0, 0, 0, 0, 0], [0, 0, 0, 0, 0, 0, 0, 0], [0, 0, 0, 0, 0, 0, 0, 0], [0, 0, 0, 0, 0, 0, 0, 0]]",0.072
3021,0.01,4,"[[0.1, 0.1, 0.03, 0.13, 0.2, 0.08, 0.11], [0.08, 0.05, 0.11, 0.15, 0.22, 0.2, 0.17], [0.16, 0.24, 0.08, 0.04, 0.05, 0.19, 0.14], [0.1, 0.18, 0.15, 0.14, 0.18, 0.07, 0.19]]",0.13,0.15,152,"[0.36, 0.26, 0.19, 0.19]","[[0, 1, 2, 0, 0, 0, 0, 0], [0, 0, 0, 0, 0, 0, 0, 0], [0, 0, 0, 0, 0, 0, 0, 0], [0, 0, 0, 0, 0, 0, 0, 0]]",0.072
3022,0.01,3,"[[0.08, 0.23, 0.16, 0.14, 0.22, 0.12, 0.2], [0.17, 0.2, 0.03, 0.17, 0.21, 0.17, 0.07], [0.08, 0.2, 0.14, 0.22, 0.1, 0.13, 0.17], [0.07, 0.12, 0.01, 0.11, 0.05, 0.12, 0.17]]",0.13,0.16,152,"[0.86, 0.03, 0.04, 0.07]","[[0, 1, 0, 0, 0, 2, 0, 0], [0, 0, 0, 0, 0, 0, 0, 0], [0, 0, 0, 0, 0, 0, 0, 0], [0, 0, 0, 0, 0, 0, 0, 0]]",0.072
3023,0.01,4,"[[0.02, 0.1, 0.05, 0.19, 0.09, 0.05, 0.06], [0.03, 0.12, 0.22, 0.08, 0.02, 0.07, 0.12], [0.18, 0.19, 0.1, 0.18, 0.18, 0.13, 0.15], [0.08, 0.17, 0.23, 0.11, 0.13, 0.16, 0.07]]",0.13,0.19,152,"[0.06, 0.06, 0.03, 0.85]","[[0, 0, 0, 0, 0, 0, 0, 0], [0, 0, 0, 0, 0, 0, 0, 0], [0, 0, 0, 0, 0, 0, 0, 0], [0, 1, 2, 3, 4, 5, 6, 7]]",0.072
3024,0.01,1,"[[0.17, 0.04, 0.18, 0.09, 0.04, 0.16, 0.22], [0.22, 0.14, 0.04, 0.11, 0.04, 0.23, 0.13], [0.09, 0.1, 0.01, 0.06, 0.15, 0.17, 0.05], [0.04, 0.06, 0.1, 0.03, 0.1, 0.03, 0.15]]",0.13,0.17,152,"[0.35, 0.15, 0.13, 0.37]","[[0, 0, 0, 0, 0, 0, 0, 0], [0, 0, 0, 0, 0, 0, 0, 0], [0, 0, 0, 0, 0, 0, 0, 0], [0, 0, 0, 0, 0, 0, 0, 0]]",0.072
3025,0.01,3,"[[0.08, 0.23, 0.11, 0.15, 0.14, 0.16, 0.07], [0.19, 0.17, 0.09, 0.16, 0.14, 0.09, 0.03], [0.13, 0.11, 0.24, 0.17, 0.14, 0.06, 0.15], [0.09, 0.17, 0.09, 0.17, 0.19, 0.1, 0.17]]",0.13,0.09,152,"[0.01, 0.02, 0.11, 0.86]","[[0, 0, 0, 0, 0, 0, 0, 0], [0, 0, 0, 0, 0, 0, 0, 0], [0, 0, 0, 0, 0, 0, 0, 0], [0, 0, 0, 0, 0, 0, 0, 0]]",0.072
3026,0.01,1,"[[0.01, 0.19, 0.1, 0.03, 0.13, 0.15, 0.13], [0.17, 0.18, 0.07, 0.17, 0.17, 0.12, 0.12], [0.11, 0.17, 0.18, 0.22, 0.08, 0.06, 0.07], [0.12, 0.02, 0.07, 0.16, 0.17, 0.14, 0.04]]",0.13,0.17,152,"[0.3, 0.29, 0.13, 0.28]","[[0, 0, 0, 0, 0, 0, 0, 0], [0, 0, 0, 0, 0, 0, 0, 0], [0, 0, 0, 0, 0, 0, 0, 0], [0, 0, 0, 0, 0, 0, 0, 0]]",0.072
3027,0.01,4,"[[0.15, 0.08, 0.16, 0.16, 0.12, 0.04, 0.13], [0.17, 0.17, 0.2, 0.1, 0.06, 0.16, 0.12], [0.04, 0.25, 0.2, 0.11, 0.04, 0.11, 0.24], [0.15, 0.14, 0.05, 0.11, 0.22, 0.22, 0.2]]",0.13,0.11,152,"[0.01, 0.89, 0.09, 0.01]","[[0, 0, 0, 0, 0, 0, 0, 0], [0, 0, 0, 0, 0, 0, 0, 0], [0, 0, 0, 0, 0, 0, 0, 0], [0, 0, 0, 0, 0, 0, 0, 0]]",0.072
3028,0.01,2,"[[0.05, 0.17, 0.08, 0.07, 0.16, 0.13, 0.05], [0.1, 0.16, 0.24, 0.2, 0.19, 0.19, 0.23], [0.18, 0.13, 0.06, 0.19, 0.17, 0.21, 0.13], [0.16, 0.18, 0.2, 0.12, 0.19, 0.08, 0.19]]",0.13,0.18,152,"[0.85, 0.1, 0.02, 0.03]","[[0, 0, 0, 0, 0, 0, 0, 0], [0, 0, 0, 0, 0, 0, 0, 0], [0, 0, 0, 0, 0, 0, 0, 0], [0, 0, 0, 0, 0, 0, 0, 0]]",0.072
3029,0.01,2,"[[0.16, 0.14, 0.08, 0.14, 0.11, 0.13, 0.09], [0.19, 0.11, 0.19, 0.08, 0.11, 0.19, 0.13], [0.21, 0.23, 0.11, 0.11, 0.1, 0.18, 0.03], [0.04, 0.14, 0.12, 0.13, 0.05, 0.04, 0.05]]",0.13,0.14,152,"[0.31, 0.22, 0.18, 0.29]","[[0, 0, 0, 0, 0, 0, 0, 0], [0, 0, 0, 0, 0, 0, 0, 0], [0, 0, 0, 0, 0, 0, 0, 0], [0, 0, 0, 0, 0, 0, 0, 0]]",0.072
3030,0.01,2,"[[3.74, 4.35, 1.03, 5.02, 2.48, 7.72, 3.91], [9.52, 3.82, 4.46, 2.55, 5.65, 6.25, 0.76], [2.96, 5.49, 2.32, 7.63, 0.35, 8.21, 6.51], [4.09, 2.1, 9.56, 8.08, 0.89, 1.16, 4.1]]",5.0,2.1,152,"[0.04, 0.08, 0.02, 0.86]","[[0, 0, 0, 0, 0, 0, 0, 0], [0, 0, 0, 0, 0, 0, 0, 0], [0, 0, 0, 0, 0, 0, 0, 0], [0, 0, 0, 0, 0, 0, 0, 0]]",2.994
3031,0.01,3,"[[4.41, 7.98, 5.03, 0.94, 6.07, 7.96, 3.08], [7.18, 6.38, 1.11, 4.77, 7.21, 4.82, 4.9], [5.63, 7.2, 7.79, 1.19, 2.56, 6.05, 3.13], [2.67, 2.05, 5.91, 4.15, 9.55, 4.46, 9.22]]",5.0,5.91,152,"[0.04, 0.02, 0.05, 0.89]","[[0, 0, 0, 0, 0, 0, 0, 0], [0, 0, 0, 0, 0, 0, 0, 0], [0, 0, 0, 0, 0, 0, 0, 0], [0, 1, 2, 3, 4, 0, 0, 0]]",2.994
3032,0.01,7,"[[5.71, 4.0, 7.87, 3.26, 8.95, 9.97, 6.35], [4.81, 5.73, 5.74, 5.66, 5.51, 4.81, 7.59], [6.14, 5.62, 3.6, 6.94, 3.42, 3.6, 6.26], [1.09, 4.7, 1.56, 4.05, 2.65, 4.29, 5.33]]",5.0,7.59,152,"[0.02, 0.08, 0.03, 0.87]","[[0, 0, 0, 0, 0, 0, 0, 0], [0, 0, 0, 0, 0, 0, 0, 0], [0, 0, 0, 0, 0, 0, 0, 0], [0, 1, 2, 3, 4, 5, 6, 7]]",2.994
3033,0.01,5,"[[8.02, 3.92, 3.11, 4.49, 4.13, 7.86, 3.71], [5.5, 3.12, 4.78, 4.63, 5.83, 9.55, 5.01], [6.87, 6.07, 1.32, 5.58, 8.22, 5.74, 5.54], [4.62, 3.36, 5.75, 5.59, 2.34, 1.7, 6.64]]",5.0,5.83,152,"[0.25, 0.27, 0.24, 0.24]","[[0, 0, 0, 0, 0, 0, 0, 0], [0, 0, 0, 0, 0, 0, 0, 0], [0, 0, 0, 0, 0, 0, 0, 0], [0, 0, 0, 0, 0, 0, 0, 0]]",2.994
3034,0.01,1,"[[7.78, 7.83, 6.34, 3.49, 9.25, 4.1, 8.16], [4.02, 5.78, 4.37, 3.5, 3.65, 5.34, 1.1], [4.29, 1.52, 3.77, 7.63, 3.05, 0.82, 4.95], [8.46, 6.15, 6.73, 3.18, 8.15, 6.29, 5.32]]",5.0,4.02,152,"[0.2, 0.29, 0.22, 0.29]","[[0, 0, 0, 0, 0, 0, 0, 0], [0, 0, 0, 0, 0, 0, 0, 0], [0, 0, 0, 0, 0, 0, 0, 0], [0, 0, 0, 0, 0, 0, 0, 0]]",2.994
3035,0.01,2,"[[3.89, 7.03, 1.42, 3.85, 5.57, 3.85, 2.09], [1.42, 3.42, 3.49, 1.78, 8.76, 8.52, 6.88], [3.98, 7.53, 6.94, 2.68, 5.16, 4.6, 0.82], [7.43, 7.31, 6.36, 5.75, 9.0, 9.88, 3.78]]",5.0,7.03,152,"[0.86, 0.01, 0.02, 0.11]","[[0, 1, 2, 0, 0, 0, 0, 0], [0, 0, 3, 0, 0, 0, 0, 0], [0, 0, 4, 0, 0, 0, 0, 0], [0, 0, 5, 0, 0, 0, 0, 0]]",2.994
3036,0.01,1,"[[3.95, 8.96, 8.28, 6.18, 7.02, 4.65, 4.21], [7.39, 4.82, 4.44, 1.73, 7.35, 9.66, 2.04], [6.67, 2.62, 2.43, 7.24, 6.32, 7.33, 5.82], [4.75, 4.96, 2.68, 1.71, 6.22, 1.58, 9.11]]",5.0,7.39,152,"[0.25, 0.24, 0.28, 0.23]","[[0, 4, 0, 0, 0, 0, 0, 0], [0, 3, 0, 0, 0, 0, 0, 0], [0, 2, 0, 0, 0, 0, 0, 0], [0, 1, 0, 0, 0, 0, 0, 0]]",2.994
3037,0.01,7,"[[2.65, 1.66, 4.12, 6.28, 3.9, 4.24, 8.17], [4.84, 2.23, 5.57, 7.45, 3.35, 5.55, 3.39], [6.15, 3.53, 5.47, 2.82, 6.99, 9.09, 0.79], [2.47, 2.31, 1.36, 3.11, 4.52, 5.21, 3.31]]",5.0,3.31,152,"[0.01, 0.06, 0.02, 0.91]","[[0, 0, 0, 0, 0, 0, 0, 0], [0, 0, 0, 0, 0, 0, 0, 0], [0, 0, 0, 0, 0, 0, 0, 0], [0, 1, 2, 3, 4, 5, 6, 7]]",2.994
3038,0.01,1,"[[6.18, 4.93, 6.72, 3.3, 6.34, 6.06, 5.41], [7.2, 2.38, 3.93, 9.67, 4.79, 7.96, 3.99], [0.82, 2.25, 1.43, 2.43, 5.42, 7.07, 9.93], [9.97, 3.97, 5.79, 8.9, 4.27, 7.39, 5.81]]",5.0,0.82,152,"[0.28, 0.28, 0.19, 0.25]","[[0, 1, 0, 0, 0, 0, 0, 0], [0, 2, 0, 0, 0, 0, 0, 0], [0, 3, 0, 0, 0, 0, 0, 0], [0, 4, 0, 0, 0, 0, 0, 0]]",2.994
3039,0.01,1,"[[4.36, 8.7, 5.94, 4.41, 8.37, 5.83, 0.58], [9.58, 2.24, 8.49, 4.24, 4.63, 4.53, 5.29], [6.08, 4.31, 5.59, 3.3, 3.91, 4.21, 4.74], [9.25, 5.33, 1.67, 7.75, 5.64, 2.81, 3.02]]",5.0,9.25,152,"[0.31, 0.27, 0.14, 0.28]","[[0, 1, 0, 0, 0, 0, 0, 0], [0, 2, 0, 0, 0, 0, 0, 0], [0, 3, 0, 0, 0, 0, 0, 0], [0, 4, 0, 0, 0, 0, 0, 0]]",2.994
3040,0.01,3,"[[3.74, 4.35, 1.03, 5.02, 2.48, 7.72, 3.91], [9.52, 3.82, 4.46, 2.55, 5.65, 6.25, 0.76], [2.96, 5.49, 2.32, 7.63, 0.35, 8.21, 6.51], [4.09, 2.1, 9.56, 8.08, 0.89, 1.16, 4.1]]",5.0,9.56,153,"[0.04, 0.08, 0.02, 0.86]","[[0, 0, 0, 0, 0, 0, 0, 0], [0, 0, 0, 0, 0, 0, 0, 0], [0, 0, 0, 0, 0, 0, 0, 0], [0, 1, 2, 3, 5, 4, 6, 7]]",2.994
3041,0.01,1,"[[2.54, 7.44, 2.24, 4.32, 2.76, 9.01, 8.48], [1.82, 8.34, 6.23, 3.89, 6.94, 3.11, 6.18], [7.6, 3.71, 5.31, 9.83, 1.09, 3.87, 7.81], [7.76, 7.0, 2.77, 7.48, 3.83, 0.31, 3.13]]",5.0,7.76,153,"[0.04, 0.07, 0.03, 0.86]","[[0, 0, 0, 0, 0, 0, 0, 0], [0, 0, 0, 0, 0, 0, 0, 0], [0, 0, 0, 0, 0, 0, 0, 0], [0, 1, 2, 3, 7, 4, 6, 5]]",2.994
3042,0.01,1,"[[7.78, 7.83, 6.34, 3.49, 9.25, 4.1, 8.16], [4.02, 5.78, 4.37, 3.5, 3.65, 5.34, 1.1], [4.29, 1.52, 3.77, 7.63, 3.05, 0.82, 4.95], [8.46, 6.15, 6.73, 3.18, 8.15, 6.29, 5.32]]",5.0,7.78,153,"[0.2, 0.29, 0.22, 0.29]","[[0, 3, 8, 21, 0, 14, 15, 0], [0, 1, 7, 19, 23, 12, 17, 18], [0, 4, 9, 22, 0, 13, 24, 0], [0, 2, 6, 20, 5, 11, 16, 10]]",2.994
3043,0.01,1,"[[5.93, 4.61, 6.44, 6.58, 0.77, 6.66, 0.58], [1.24, 4.91, 5.63, 0.45, 3.38, 4.94, 3.12], [7.83, 1.4, 2.04, 7.87, 6.09, 6.31, 5.4], [6.34, 6.33, 4.75, 6.81, 8.3, 6.3, 9.27]]",5.0,7.83,153,"[0.01, 0.1, 0.87, 0.02]","[[0, 0, 0, 0, 0, 0, 0, 0], [0, 8, 0, 0, 9, 0, 0, 0], [0, 1, 7, 2, 3, 4, 6, 5], [0, 0, 0, 0, 0, 0, 0, 0]]",2.994
3044,0.01,4,"[[2.67, 1.86, 1.79, 5.75, 3.59, 3.3, 1.49], [1.18, 8.77, 6.89, 4.16, 3.25, 3.0, 9.34], [1.75, 2.03, 4.01, 8.67, 5.48, 1.04, 6.3], [4.37, 0.5, 5.19, 4.46, 0.43, 0.13, 6.06]]",5.0,4.46,153,"[0.24, 0.23, 0.24, 0.29]","[[0, 0, 0, 12, 15, 0, 14, 8], [0, 19, 18, 10, 16, 0, 0, 13], [0, 0, 0, 11, 17, 0, 0, 9], [0, 1, 3, 4, 2, 5, 6, 7]]",2.994
3045,0.01,6,"[[3.55, 2.94, 0.08, 3.13, 2.15, 9.59, 4.77], [4.35, 5.83, 1.82, 2.79, 3.6, 4.35, 6.66], [4.91, 4.62, 9.06, 2.02, 4.04, 2.21, 7.62], [0.78, 5.9, 1.77, 4.45, 7.63, 4.39, 2.86]]",5.0,4.35,153,"[0.34, 0.11, 0.27, 0.28]","[[0, 2, 1, 10, 3, 9, 5, 4], [0, 0, 0, 0, 0, 0, 8, 0], [0, 0, 0, 0, 0, 0, 7, 0], [0, 0, 0, 0, 0, 0, 6, 0]]",2.994
3046,0.01,3,"[[9.88, 3.37, 6.84, 6.02, 5.72, 2.47, 6.83], [4.66, 3.57, 1.89, 8.02, 4.52, 4.58, 0.56], [5.57, 8.71, 8.98, 7.3, 1.41, 5.09, 6.3], [2.79, 3.58, 9.87, 3.61, 3.51, 7.13, 2.78]]",5.0,9.87,153,"[0.02, 0.05, 0.05, 0.88]","[[0, 0, 0, 6, 0, 0, 0, 0], [0, 0, 0, 5, 0, 0, 0, 0], [0, 0, 0, 4, 0, 0, 0, 0], [0, 1, 2, 3, 10, 7, 8, 9]]",2.994
3047,0.01,7,"[[0.94, 9.58, 9.58, 1.68, 3.99, 3.26, 9.98], [7.2, 6.69, 3.6, 6.35, 1.28, 0.52, 9.84], [4.59, 4.33, 3.41, 2.69, 0.89, 3.28, 2.91], [7.61, 5.48, 8.81, 6.78, 0.6, 7.91, 3.87]]",5.0,9.84,153,"[0.01, 0.89, 0.08, 0.02]","[[0, 12, 0, 0, 0, 0, 0, 10], [0, 1, 2, 3, 4, 5, 6, 7], [0, 11, 0, 0, 0, 0, 0, 8], [0, 13, 0, 0, 0, 0, 0, 9]]",2.994
3048,0.01,4,"[[6.38, 4.4, 2.78, 4.02, 3.28, 4.56, 6.79], [6.89, 5.4, 5.87, 9.63, 0.42, 4.93, 4.29], [2.96, 2.23, 8.29, 4.74, 3.72, 2.39, 0.86], [5.36, 5.18, 6.28, 1.08, 2.81, 5.95, 9.65]]",5.0,1.08,153,"[0.2, 0.38, 0.3, 0.12]","[[0, 0, 0, 0, 5, 0, 0, 0], [0, 1, 2, 10, 3, 7, 8, 9], [0, 0, 0, 0, 4, 0, 0, 0], [0, 0, 0, 0, 6, 0, 0, 0]]",2.994
3049,0.01,3,"[[5.12, 1.51, 5.2, 6.71, 2.69, 8.45, 7.56], [1.26, 6.81, 6.02, 6.85, 3.83, 2.04, 5.15], [0.77, 1.29, 6.67, 1.6, 1.63, 0.54, 0.89], [4.2, 5.58, 3.29, 3.97, 3.54, 6.37, 4.95]]",5.0,3.29,153,"[0.21, 0.27, 0.19, 0.33]","[[0, 0, 10, 22, 16, 19, 0, 12], [0, 14, 9, 21, 15, 18, 8, 11], [0, 0, 0, 23, 17, 20, 0, 13], [0, 1, 2, 3, 4, 5, 6, 7]]",2.994
3050,0.01,5,"[[0.05, 0.17, 0.08, 0.07, 0.16, 0.13, 0.05], [0.1, 0.16, 0.24, 0.2, 0.19, 0.19, 0.23], [0.18, 0.13, 0.06, 0.19, 0.17, 0.21, 0.13], [0.16, 0.18, 0.2, 0.12, 0.19, 0.08, 0.19]]",0.13,0.16,153,"[0.85, 0.1, 0.02, 0.03]","[[0, 0, 0, 0, 0, 1, 0, 0], [0, 0, 0, 0, 0, 0, 0, 0], [0, 0, 0, 0, 0, 0, 0, 0], [0, 0, 0, 0, 0, 0, 0, 0]]",0.072
3051,0.01,2,"[[0.09, 0.06, 0.16, 0.11, 0.12, 0.22, 0.04], [0.11, 0.19, 0.13, 0.18, 0.2, 0.12, 0.12], [0.11, 0.08, 0.15, 0.06, 0.15, 0.13, 0.16], [0.08, 0.15, 0.2, 0.17, 0.24, 0.04, 0.12]]",0.13,0.08,153,"[0.15, 0.32, 0.21, 0.32]","[[0, 0, 0, 0, 0, 0, 0, 0], [0, 0, 0, 0, 0, 0, 0, 0], [0, 0, 0, 0, 0, 0, 0, 0], [0, 0, 0, 0, 0, 0, 0, 0]]",0.072
3052,0.01,3,"[[0.11, 0.13, 0.2, 0.15, 0.12, 0.07, 0.12], [0.17, 0.14, 0.08, 0.03, 0.14, 0.12, 0.21], [0.15, 0.05, 0.06, 0.08, 0.07, 0.16, 0.13], [0.11, 0.11, 0.13, 0.18, 0.08, 0.12, 0.15]]",0.13,0.06,153,"[0.11, 0.38, 0.34, 0.17]","[[0, 0, 0, 0, 0, 0, 0, 0], [0, 0, 0, 0, 0, 0, 0, 0], [0, 0, 0, 0, 0, 0, 0, 0], [0, 0, 0, 0, 0, 0, 0, 0]]",0.072
3053,0.01,1,"[[0.15, 0.06, 0.09, 0.11, 0.16, 0.04, 0.14], [0.13, 0.19, 0.06, 0.21, 0.14, 0.09, 0.14], [0.16, 0.13, 0.11, 0.14, 0.1, 0.12, 0.12], [0.2, 0.09, 0.2, 0.06, 0.12, 0.09, 0.16]]",0.13,0.16,153,"[0.08, 0.04, 0.87, 0.01]","[[0, 0, 0, 0, 0, 0, 0, 0], [0, 0, 0, 0, 0, 0, 0, 0], [0, 6, 3, 4, 5, 1, 7, 2], [0, 0, 0, 0, 0, 0, 0, 0]]",0.072
3054,0.01,6,"[[0.16, 0.14, 0.08, 0.14, 0.11, 0.13, 0.09], [0.19, 0.11, 0.19, 0.08, 0.11, 0.19, 0.13], [0.21, 0.23, 0.11, 0.11, 0.1, 0.18, 0.03], [0.04, 0.14, 0.12, 0.13, 0.05, 0.04, 0.05]]",0.13,0.19,153,"[0.31, 0.22, 0.18, 0.29]","[[0, 0, 0, 0, 0, 0, 0, 0], [0, 0, 0, 0, 0, 0, 0, 0], [0, 0, 0, 0, 0, 0, 0, 0], [0, 0, 0, 0, 0, 0, 0, 0]]",0.072
3055,0.01,7,"[[0.02, 0.1, 0.05, 0.19, 0.09, 0.05, 0.06], [0.03, 0.12, 0.22, 0.08, 0.02, 0.07, 0.12], [0.18, 0.19, 0.1, 0.18, 0.18, 0.13, 0.15], [0.08, 0.17, 0.23, 0.11, 0.13, 0.16, 0.07]]",0.13,0.07,153,"[0.06, 0.06, 0.03, 0.85]","[[0, 0, 0, 0, 0, 0, 0, 0], [0, 0, 0, 0, 0, 0, 0, 0], [0, 0, 0, 0, 0, 0, 0, 0], [0, 0, 0, 0, 0, 1, 0, 0]]",0.072
3056,0.01,6,"[[0.16, 0.21, 0.19, 0.12, 0.21, 0.05, 0.2], [0.14, 0.1, 0.04, 0.07, 0.08, 0.16, 0.22], [0.03, 0.17, 0.22, 0.13, 0.04, 0.22, 0.12], [0.16, 0.14, 0.16, 0.16, 0.18, 0.13, 0.14]]",0.13,0.16,153,"[0.06, 0.89, 0.04, 0.01]","[[0, 0, 0, 0, 0, 0, 0, 0], [0, 0, 1, 0, 0, 0, 0, 0], [0, 0, 0, 0, 0, 0, 0, 0], [0, 0, 0, 0, 0, 0, 0, 0]]",0.072
3057,0.01,2,"[[0.06, 0.11, 0.17, 0.23, 0.15, 0.14, 0.21], [0.16, 0.17, 0.08, 0.04, 0.07, 0.21, 0.12], [0.2, 0.19, 0.13, 0.12, 0.17, 0.2, 0.16], [0.1, 0.1, 0.12, 0.16, 0.01, 0.17, 0.09]]",0.13,0.1,153,"[0.23, 0.25, 0.3, 0.22]","[[0, 0, 0, 0, 0, 0, 0, 0], [0, 0, 0, 0, 0, 0, 0, 0], [0, 0, 0, 0, 0, 0, 0, 0], [0, 0, 0, 0, 0, 0, 0, 0]]",0.072
3058,0.01,2,"[[0.07, 0.16, 0.11, 0.2, 0.2, 0.19, 0.16], [0.15, 0.22, 0.24, 0.17, 0.18, 0.12, 0.12], [0.11, 0.16, 0.11, 0.12, 0.21, 0.06, 0.16], [0.17, 0.22, 0.15, 0.11, 0.24, 0.11, 0.17]]",0.13,0.22,153,"[0.09, 0.03, 0.01, 0.87]","[[0, 0, 0, 0, 0, 0, 0, 0], [0, 0, 0, 0, 0, 0, 0, 0], [0, 0, 0, 0, 0, 0, 0, 0], [0, 0, 0, 0, 0, 0, 0, 0]]",0.072
3059,0.01,7,"[[0.17, 0.04, 0.18, 0.09, 0.04, 0.16, 0.22], [0.22, 0.14, 0.04, 0.11, 0.04, 0.23, 0.13], [0.09, 0.1, 0.01, 0.06, 0.15, 0.17, 0.05], [0.04, 0.06, 0.1, 0.03, 0.1, 0.03, 0.15]]",0.13,0.15,153,"[0.35, 0.15, 0.13, 0.37]","[[0, 0, 0, 0, 0, 0, 0, 0], [0, 0, 0, 0, 0, 0, 0, 0], [0, 0, 0, 0, 0, 0, 0, 0], [0, 0, 0, 0, 0, 0, 0, 0]]",0.072
3060,0.01,1,"[[3.95, 8.96, 8.28, 6.18, 7.02, 4.65, 4.21], [7.39, 4.82, 4.44, 1.73, 7.35, 9.66, 2.04], [6.67, 2.62, 2.43, 7.24, 6.32, 7.33, 5.82], [4.75, 4.96, 2.68, 1.71, 6.22, 1.58, 9.11]]",5.0,6.67,154,"[0.25, 0.24, 0.28, 0.23]","[[0, 4, 0, 0, 0, 0, 0, 0], [0, 3, 0, 0, 0, 0, 0, 0], [0, 2, 0, 0, 0, 0, 0, 0], [0, 1, 0, 0, 0, 0, 0, 0]]",2.994
3061,0.01,2,"[[2.67, 1.86, 1.79, 5.75, 3.59, 3.3, 1.49], [1.18, 8.77, 6.89, 4.16, 3.25, 3.0, 9.34], [1.75, 2.03, 4.01, 8.67, 5.48, 1.04, 6.3], [4.37, 0.5, 5.19, 4.46, 0.43, 0.13, 6.06]]",5.0,8.77,154,"[0.24, 0.23, 0.24, 0.29]","[[0, 0, 4, 0, 0, 0, 0, 0], [0, 0, 3, 0, 0, 0, 0, 0], [0, 0, 2, 0, 0, 0, 0, 0], [0, 0, 1, 0, 0, 0, 0, 0]]",2.994
3062,0.01,5,"[[8.47, 2.82, 7.33, 4.03, 7.07, 2.75, 1.54], [4.68, 3.16, 0.97, 1.44, 5.2, 6.65, 9.25], [8.41, 7.04, 1.31, 3.23, 7.09, 7.67, 1.55], [6.28, 2.99, 4.33, 1.28, 9.25, 6.99, 2.35]]",5.0,9.25,154,"[0.01, 0.01, 0.01, 0.97]","[[0, 0, 0, 0, 0, 1, 0, 0], [0, 0, 0, 0, 0, 2, 0, 0], [0, 0, 0, 0, 0, 3, 0, 0], [0, 0, 0, 0, 0, 4, 0, 0]]",2.994
3063,0.01,3,"[[8.02, 3.92, 3.11, 4.49, 4.13, 7.86, 3.71], [5.5, 3.12, 4.78, 4.63, 5.83, 9.55, 5.01], [6.87, 6.07, 1.32, 5.58, 8.22, 5.74, 5.54], [4.62, 3.36, 5.75, 5.59, 2.34, 1.7, 6.64]]",5.0,3.11,154,"[0.25, 0.27, 0.24, 0.24]","[[0, 0, 0, 1, 0, 0, 0, 0], [0, 0, 0, 2, 0, 0, 0, 0], [0, 0, 0, 3, 0, 0, 0, 0], [0, 0, 0, 4, 0, 0, 0, 0]]",2.994
3064,0.01,7,"[[2.44, 7.36, 6.46, 5.15, 7.43, 1.32, 0.71], [3.96, 8.36, 4.6, 6.91, 2.69, 5.0, 1.64], [8.24, 5.23, 2.67, 1.92, 6.03, 2.88, 7.54], [1.43, 5.93, 6.77, 1.1, 3.47, 5.78, 6.1]]",5.0,7.54,154,"[0.02, 0.06, 0.89, 0.03]","[[0, 0, 0, 0, 5, 0, 0, 1], [0, 0, 0, 0, 6, 0, 0, 2], [0, 0, 0, 0, 7, 0, 0, 3], [0, 0, 0, 0, 8, 0, 0, 4]]",2.994
3065,0.01,5,"[[6.2, 4.19, 3.44, 8.27, 6.51, 4.65, 4.01], [2.89, 4.13, 4.82, 8.89, 9.25, 0.96, 6.04], [8.8, 2.84, 4.5, 4.81, 3.19, 0.46, 7.31], [5.12, 1.87, 1.91, 7.0, 2.08, 5.06, 2.86]]",5.0,6.51,154,"[0.15, 0.21, 0.3, 0.34]","[[0, 0, 0, 0, 0, 5, 0, 0], [0, 0, 0, 0, 0, 4, 0, 0], [0, 0, 0, 0, 0, 3, 0, 0], [0, 0, 0, 1, 0, 2, 0, 0]]",2.994
3066,0.01,1,"[[5.28, 9.9, 6.81, 1.61, 2.79, 8.92, 6.09], [3.46, 6.68, 6.44, 3.71, 3.55, 0.25, 8.07], [6.52, 2.17, 8.0, 8.5, 5.35, 1.81, 3.32], [5.89, 1.86, 6.44, 5.29, 3.29, 8.96, 7.12]]",5.0,6.52,154,"[0.23, 0.3, 0.24, 0.23]","[[0, 2, 0, 0, 0, 0, 0, 0], [0, 3, 0, 0, 0, 0, 0, 0], [0, 4, 0, 0, 0, 0, 0, 0], [0, 1, 0, 0, 0, 0, 0, 0]]",2.994
3067,0.01,2,"[[3.89, 7.03, 1.42, 3.85, 5.57, 3.85, 2.09], [1.42, 3.42, 3.49, 1.78, 8.76, 8.52, 6.88], [3.98, 7.53, 6.94, 2.68, 5.16, 4.6, 0.82], [7.43, 7.31, 6.36, 5.75, 9.0, 9.88, 3.78]]",5.0,3.42,154,"[0.86, 0.01, 0.02, 0.11]","[[0, 0, 4, 0, 0, 0, 8, 0], [0, 0, 3, 0, 0, 0, 7, 0], [0, 0, 2, 0, 0, 0, 6, 0], [0, 0, 1, 0, 0, 0, 5, 0]]",2.994
3068,0.01,1,"[[3.25, 0.97, 8.64, 8.18, 2.13, 6.22, 0.77], [5.88, 7.57, 5.25, 3.43, 6.13, 3.52, 3.61], [5.54, 4.65, 8.68, 9.8, 7.31, 3.42, 4.37], [7.14, 2.83, 7.59, 3.91, 6.6, 1.41, 1.96]]",5.0,7.14,154,"[0.06, 0.03, 0.01, 0.9]","[[0, 6, 0, 0, 0, 0, 0, 0], [0, 5, 0, 0, 0, 0, 0, 0], [0, 4, 0, 0, 0, 0, 0, 0], [0, 1, 0, 0, 3, 0, 0, 2]]",2.994
3069,0.01,4,"[[0.95, 2.78, 3.25, 5.38, 7.09, 3.77, 4.83], [7.13, 8.96, 5.39, 2.27, 8.34, 7.96, 4.55], [9.77, 5.61, 8.97, 8.09, 6.52, 2.37, 9.08], [8.52, 1.84, 1.06, 3.62, 0.7, 3.27, 0.14]]",5.0,5.38,154,"[0.85, 0.07, 0.07, 0.01]","[[0, 4, 3, 0, 2, 0, 0, 1], [0, 0, 0, 0, 5, 0, 0, 0], [0, 0, 0, 0, 6, 0, 0, 0], [0, 0, 0, 0, 7, 0, 0, 0]]",2.994
3070,0.01,3,"[[0.12, 0.04, 0.15, 0.03, 0.12, 0.21, 0.16], [0.15, 0.15, 0.1, 0.11, 0.22, 0.11, 0.06], [0.06, 0.07, 0.19, 0.11, 0.05, 0.07, 0.16], [0.05, 0.12, 0.14, 0.09, 0.12, 0.13, 0.02]]",0.13,0.19,154,"[0.04, 0.05, 0.89, 0.02]","[[0, 0, 0, 0, 0, 0, 0, 0], [0, 0, 0, 0, 0, 0, 0, 0], [0, 3, 0, 1, 0, 0, 2, 4], [0, 0, 0, 0, 0, 0, 0, 0]]",0.072
3071,0.01,4,"[[0.04, 0.14, 0.09, 0.06, 0.18, 0.1, 0.07], [0.09, 0.13, 0.01, 0.23, 0.07, 0.19, 0.05], [0.08, 0.2, 0.08, 0.21, 0.07, 0.04, 0.22], [0.12, 0.1, 0.09, 0.18, 0.18, 0.04, 0.15]]",0.13,0.18,154,"[0.05, 0.03, 0.07, 0.85]","[[0, 0, 0, 0, 0, 0, 0, 0], [0, 0, 0, 0, 0, 0, 0, 0], [0, 0, 0, 0, 0, 0, 0, 0], [0, 1, 0, 0, 3, 4, 0, 2]]",0.072
3072,0.01,2,"[[0.09, 0.06, 0.16, 0.11, 0.12, 0.22, 0.04], [0.11, 0.19, 0.13, 0.18, 0.2, 0.12, 0.12], [0.11, 0.08, 0.15, 0.06, 0.15, 0.13, 0.16], [0.08, 0.15, 0.2, 0.17, 0.24, 0.04, 0.12]]",0.13,0.15,154,"[0.15, 0.32, 0.21, 0.32]","[[0, 0, 0, 0, 0, 0, 0, 0], [0, 0, 1, 0, 0, 0, 2, 0], [0, 0, 0, 0, 0, 0, 0, 0], [0, 0, 0, 0, 0, 0, 0, 0]]",0.072
3073,0.01,4,"[[0.11, 0.06, 0.11, 0.08, 0.17, 0.11, 0.11], [0.14, 0.12, 0.06, 0.14, 0.09, 0.14, 0.12], [0.04, 0.15, 0.09, 0.13, 0.15, 0.18, 0.21], [0.1, 0.08, 0.17, 0.08, 0.19, 0.13, 0.19]]",0.13,0.14,154,"[0.26, 0.2, 0.27, 0.27]","[[0, 0, 0, 0, 0, 0, 0, 0], [0, 0, 0, 0, 0, 0, 0, 0], [0, 0, 0, 0, 0, 0, 0, 0], [0, 1, 0, 0, 0, 0, 2, 0]]",0.072
3074,0.01,2,"[[0.19, 0.12, 0.08, 0.18, 0.08, 0.2, 0.22], [0.05, 0.04, 0.19, 0.18, 0.18, 0.05, 0.1], [0.21, 0.13, 0.15, 0.13, 0.16, 0.15, 0.08], [0.19, 0.06, 0.09, 0.07, 0.04, 0.2, 0.08]]",0.13,0.13,154,"[0.16, 0.28, 0.23, 0.33]","[[0, 0, 0, 0, 0, 0, 0, 0], [0, 0, 0, 0, 0, 0, 0, 0], [0, 0, 0, 0, 0, 0, 0, 0], [0, 0, 0, 0, 0, 0, 0, 0]]",0.072
3075,0.01,7,"[[0.1, 0.22, 0.11, 0.07, 0.15, 0.15, 0.08], [0.22, 0.14, 0.05, 0.13, 0.2, 0.14, 0.2], [0.02, 0.25, 0.2, 0.08, 0.15, 0.02, 0.07], [0.11, 0.1, 0.17, 0.14, 0.2, 0.08, 0.11]]",0.13,0.08,154,"[0.87, 0.08, 0.02, 0.03]","[[0, 0, 0, 0, 0, 0, 0, 0], [0, 0, 0, 0, 0, 0, 0, 0], [0, 0, 0, 0, 0, 0, 0, 0], [0, 0, 0, 0, 0, 0, 0, 0]]",0.072
3076,0.01,1,"[[0.15, 0.08, 0.15, 0.12, 0.15, 0.08, 0.22], [0.12, 0.2, 0.22, 0.16, 0.25, 0.12, 0.11], [0.19, 0.22, 0.15, 0.08, 0.12, 0.14, 0.2], [0.21, 0.16, 0.09, 0.16, 0.22, 0.15, 0.19]]",0.13,0.19,154,"[0.05, 0.07, 0.86, 0.02]","[[0, 0, 0, 0, 0, 0, 0, 0], [0, 0, 0, 0, 0, 0, 0, 0], [0, 1, 0, 0, 0, 0, 0, 0], [0, 0, 0, 0, 0, 0, 0, 0]]",0.072
3077,0.01,3,"[[0.21, 0.18, 0.18, 0.07, 0.17, 0.09, 0.08], [0.07, 0.09, 0.01, 0.16, 0.02, 0.06, 0.25], [0.21, 0.16, 0.24, 0.08, 0.24, 0.16, 0.09], [0.17, 0.08, 0.18, 0.24, 0.11, 0.09, 0.22]]",0.13,0.01,154,"[0.21, 0.27, 0.2, 0.32]","[[0, 0, 0, 0, 0, 0, 0, 0], [0, 0, 0, 0, 0, 0, 0, 0], [0, 0, 0, 0, 0, 0, 0, 0], [0, 0, 0, 2, 0, 1, 0, 0]]",0.072
3078,0.01,2,"[[0.16, 0.14, 0.08, 0.14, 0.11, 0.13, 0.09], [0.19, 0.11, 0.19, 0.08, 0.11, 0.19, 0.13], [0.21, 0.23, 0.11, 0.11, 0.1, 0.18, 0.03], [0.04, 0.14, 0.12, 0.13, 0.05, 0.04, 0.05]]",0.13,0.14,154,"[0.31, 0.22, 0.18, 0.29]","[[0, 0, 0, 0, 0, 0, 0, 0], [0, 0, 0, 0, 0, 0, 0, 0], [0, 0, 0, 0, 0, 0, 0, 0], [0, 0, 0, 0, 0, 0, 0, 0]]",0.072
3079,0.01,6,"[[0.16, 0.11, 0.08, 0.09, 0.11, 0.11, 0.06], [0.14, 0.14, 0.15, 0.18, 0.2, 0.23, 0.09], [0.09, 0.18, 0.2, 0.13, 0.05, 0.16, 0.07], [0.08, 0.02, 0.16, 0.15, 0.1, 0.09, 0.12]]",0.13,0.16,154,"[0.08, 0.02, 0.89, 0.01]","[[0, 0, 0, 0, 0, 0, 0, 0], [0, 0, 0, 0, 0, 0, 0, 0], [0, 0, 0, 0, 0, 0, 0, 0], [0, 0, 0, 0, 0, 0, 0, 0]]",0.072
3080,0.0,2,"[[0.15, 0.2, 0.21, 0.14, 0.15, 0.21, 0.2], [0.1, 0.12, 0.15, 0.05, 0.19, 0.19, 0.19], [0.2, 0.18, 0.22, 0.07, 0.23, 0.17, 0.15], [0.25, 0.17, 0.14, 0.07, 0.06, 0.14, 0.21]]",0.13,0.12,155,"[0.33, 0.32, 0.13, 0.22]","[[0, 4, 5, 11, 12, 13, 18, 14], [0, 1, 6, 16, 17, 15, 19, 24], [0, 2, 7, 10, 20, 21, 0, 0], [0, 3, 8, 9, 0, 22, 23, 0]]",0.072
3081,0.0,3,"[[0.14, 0.16, 0.16, 0.21, 0.14, 0.04, 0.08], [0.06, 0.2, 0.17, 0.04, 0.15, 0.07, 0.15], [0.13, 0.19, 0.14, 0.02, 0.08, 0.23, 0.1], [0.15, 0.03, 0.13, 0.07, 0.13, 0.07, 0.19]]",0.13,0.16,155,"[0.26, 0.28, 0.24, 0.22]","[[0, 1, 2, 3, 4, 5, 8, 6], [0, 22, 17, 16, 11, 10, 9, 7], [0, 21, 18, 15, 12, 23, 0, 0], [0, 20, 19, 14, 13, 24, 0, 0]]",0.072
3082,0.0,3,"[[0.02, 0.1, 0.05, 0.19, 0.09, 0.05, 0.06], [0.03, 0.12, 0.22, 0.08, 0.02, 0.07, 0.12], [0.18, 0.19, 0.1, 0.18, 0.18, 0.13, 0.15], [0.08, 0.17, 0.23, 0.11, 0.13, 0.16, 0.07]]",0.13,0.23,155,"[0.06, 0.06, 0.03, 0.85]","[[0, 1, 2, 3, 10, 11, 16, 15], [0, 21, 4, 26, 9, 12, 13, 14], [0, 22, 5, 25, 8, 0, 0, 17], [0, 23, 6, 24, 7, 20, 19, 18]]",0.072
3083,0.0,7,"[[0.17, 0.04, 0.18, 0.09, 0.04, 0.16, 0.22], [0.22, 0.14, 0.04, 0.11, 0.04, 0.23, 0.13], [0.09, 0.1, 0.01, 0.06, 0.15, 0.17, 0.05], [0.04, 0.06, 0.1, 0.03, 0.1, 0.03, 0.15]]",0.13,0.15,155,"[0.35, 0.15, 0.13, 0.37]","[[0, 1, 2, 3, 9, 12, 0, 16], [0, 5, 0, 4, 0, 13, 0, 17], [0, 6, 0, 0, 0, 14, 0, 18], [0, 7, 0, 0, 8, 10, 11, 15]]",0.072
3084,0.0,4,"[[0.11, 0.22, 0.08, 0.2, 0.14, 0.03, 0.13], [0.17, 0.02, 0.02, 0.09, 0.21, 0.16, 0.15], [0.09, 0.18, 0.16, 0.17, 0.05, 0.09, 0.1], [0.18, 0.05, 0.09, 0.19, 0.24, 0.18, 0.12]]",0.13,0.19,155,"[0.33, 0.18, 0.11, 0.38]","[[0, 1, 4, 5, 8, 9, 12, 13], [0, 0, 0, 0, 15, 18, 0, 0], [0, 0, 0, 0, 16, 17, 0, 0], [0, 2, 3, 6, 7, 10, 11, 14]]",0.072
3085,0.0,1,"[[0.14, 0.07, 0.05, 0.18, 0.03, 0.01, 0.18], [0.19, 0.23, 0.07, 0.1, 0.08, 0.19, 0.2], [0.17, 0.24, 0.03, 0.21, 0.19, 0.07, 0.21], [0.14, 0.09, 0.21, 0.08, 0.19, 0.05, 0.09]]",0.13,0.17,155,"[0.15, 0.26, 0.26, 0.33]","[[0, 14, 0, 0, 0, 12, 0, 0], [0, 7, 0, 0, 0, 11, 0, 0], [0, 6, 0, 5, 0, 10, 0, 0], [0, 1, 2, 3, 4, 8, 9, 13]]",0.072
3086,0.0,1,"[[0.15, 0.17, 0.12, 0.06, 0.06, 0.22, 0.15], [0.19, 0.17, 0.21, 0.18, 0.06, 0.19, 0.04], [0.07, 0.13, 0.08, 0.09, 0.18, 0.11, 0.12], [0.16, 0.1, 0.02, 0.11, 0.21, 0.13, 0.19]]",0.13,0.16,155,"[0.09, 0.05, 0.01, 0.85]","[[0, 16, 0, 0, 0, 12, 0, 13], [0, 15, 0, 0, 0, 10, 0, 11], [0, 14, 0, 0, 0, 8, 0, 9], [0, 1, 2, 3, 4, 5, 6, 7]]",0.072
3087,0.0,7,"[[0.16, 0.21, 0.19, 0.12, 0.21, 0.05, 0.2], [0.14, 0.1, 0.04, 0.07, 0.08, 0.16, 0.22], [0.03, 0.17, 0.22, 0.13, 0.04, 0.22, 0.12], [0.16, 0.14, 0.16, 0.16, 0.18, 0.13, 0.14]]",0.13,0.22,155,"[0.06, 0.89, 0.04, 0.01]","[[0, 10, 0, 0, 0, 0, 9, 8], [0, 1, 2, 3, 4, 5, 7, 6], [0, 11, 0, 0, 0, 0, 13, 16], [0, 12, 0, 0, 0, 0, 14, 15]]",0.072
3088,0.0,4,"[[0.11, 0.18, 0.17, 0.05, 0.02, 0.11, 0.14], [0.16, 0.12, 0.11, 0.08, 0.11, 0.16, 0.08], [0.12, 0.16, 0.05, 0.23, 0.13, 0.08, 0.03], [0.17, 0.24, 0.1, 0.22, 0.06, 0.14, 0.05]]",0.13,0.23,155,"[0.01, 0.08, 0.86, 0.05]","[[0, 0, 0, 0, 0, 0, 0, 0], [0, 10, 9, 0, 8, 0, 0, 0], [0, 1, 2, 3, 4, 5, 6, 7], [0, 13, 12, 0, 11, 0, 0, 0]]",0.072
3089,0.0,5,"[[0.05, 0.08, 0.17, 0.15, 0.22, 0.07, 0.07], [0.06, 0.1, 0.12, 0.11, 0.19, 0.16, 0.05], [0.19, 0.16, 0.13, 0.06, 0.18, 0.04, 0.24], [0.15, 0.24, 0.11, 0.13, 0.14, 0.03, 0.01]]",0.13,0.22,155,"[0.86, 0.01, 0.05, 0.08]","[[0, 1, 2, 3, 4, 5, 6, 7], [0, 0, 0, 9, 0, 8, 0, 0], [0, 0, 0, 0, 15, 10, 0, 0], [0, 13, 0, 12, 14, 11, 0, 0]]",0.072
3090,0.0,2,"[[0.72, 5.25, 9.97, 4.85, 8.58, 2.57, 9.15], [5.48, 9.36, 2.36, 9.25, 3.72, 4.76, 6.74], [7.14, 7.36, 2.91, 4.13, 7.03, 8.48, 0.38], [5.84, 6.37, 7.56, 3.71, 4.02, 2.93, 0.09]]",5.0,9.36,155,"[0.03, 0.85, 0.06, 0.06]","[[0, 0, 0, 0, 0, 0, 0, 0], [0, 1, 2, 3, 4, 5, 6, 7], [0, 12, 10, 0, 8, 0, 0, 14], [0, 13, 11, 0, 9, 0, 0, 15]]",2.994
3091,0.0,4,"[[2.67, 1.86, 1.79, 5.75, 3.59, 3.3, 1.49], [1.18, 8.77, 6.89, 4.16, 3.25, 3.0, 9.34], [1.75, 2.03, 4.01, 8.67, 5.48, 1.04, 6.3], [4.37, 0.5, 5.19, 4.46, 0.43, 0.13, 6.06]]",5.0,5.75,155,"[0.24, 0.23, 0.24, 0.29]","[[0, 4, 5, 14, 12, 20, 21, 25], [0, 3, 6, 11, 13, 19, 22, 26], [0, 2, 7, 10, 15, 18, 23, 27], [0, 1, 8, 9, 16, 17, 24, 0]]",2.994
3092,0.0,1,"[[4.36, 8.7, 5.94, 4.41, 8.37, 5.83, 0.58], [9.58, 2.24, 8.49, 4.24, 4.63, 4.53, 5.29], [6.08, 4.31, 5.59, 3.3, 3.91, 4.21, 4.74], [9.25, 5.33, 1.67, 7.75, 5.64, 2.81, 3.02]]",5.0,6.08,155,"[0.31, 0.27, 0.14, 0.28]","[[0, 1, 6, 7, 10, 13, 14, 15], [0, 2, 5, 9, 12, 17, 0, 0], [0, 0, 0, 0, 0, 0, 0, 0], [0, 3, 4, 8, 11, 16, 0, 0]]",2.994
3093,0.0,6,"[[1.32, 1.79, 4.74, 6.52, 9.55, 1.49, 3.36], [2.67, 2.3, 3.39, 7.85, 3.89, 7.4, 8.55], [4.18, 0.46, 4.32, 2.27, 3.18, 8.62, 2.94], [6.02, 2.09, 4.16, 3.95, 2.34, 3.36, 2.27]]",5.0,7.4,155,"[0.16, 0.11, 0.34, 0.39]","[[0, 17, 0, 0, 0, 0, 16, 0], [0, 18, 0, 0, 0, 0, 15, 0], [0, 2, 3, 6, 7, 10, 11, 12], [0, 1, 4, 5, 8, 9, 13, 14]]",2.994
3094,0.0,1,"[[5.63, 2.91, 6.84, 6.5, 2.65, 5.91, 4.09], [5.16, 0.83, 2.41, 5.99, 6.15, 3.67, 6.12], [5.67, 9.08, 3.93, 7.57, 5.62, 2.51, 2.61], [4.59, 1.2, 4.42, 1.16, 8.17, 8.27, 1.11]]",5.0,4.59,155,"[0.14, 0.34, 0.35, 0.17]","[[0, 17, 20, 0, 16, 0, 0, 0], [0, 1, 4, 5, 8, 9, 12, 13], [0, 2, 3, 6, 7, 10, 11, 14], [0, 18, 19, 0, 15, 0, 0, 0]]",2.994
3095,0.0,1,"[[6.19, 1.85, 1.16, 4.28, 2.66, 3.25, 7.93], [4.16, 3.03, 5.34, 3.93, 5.82, 4.05, 2.14], [6.53, 8.89, 6.73, 7.28, 2.75, 0.6, 4.09], [4.95, 6.55, 6.81, 6.9, 1.07, 2.2, 5.26]]",5.0,4.16,155,"[0.03, 0.86, 0.04, 0.07]","[[0, 13, 0, 0, 0, 8, 0, 0], [0, 1, 2, 3, 4, 5, 6, 7], [0, 12, 0, 0, 0, 9, 0, 0], [0, 11, 0, 0, 0, 10, 0, 0]]",2.994
3096,0.0,6,"[[6.18, 4.93, 6.72, 3.3, 6.34, 6.06, 5.41], [7.2, 2.38, 3.93, 9.67, 4.79, 7.96, 3.99], [0.82, 2.25, 1.43, 2.43, 5.42, 7.07, 9.93], [9.97, 3.97, 5.79, 8.9, 4.27, 7.39, 5.81]]",5.0,7.39,155,"[0.28, 0.28, 0.19, 0.25]","[[0, 3, 4, 0, 13, 0, 19, 0], [0, 2, 6, 0, 12, 0, 18, 0], [0, 5, 7, 0, 14, 0, 17, 0], [0, 1, 8, 9, 10, 11, 15, 16]]",2.994
3097,0.0,2,"[[2.54, 7.44, 2.24, 4.32, 2.76, 9.01, 8.48], [1.82, 8.34, 6.23, 3.89, 6.94, 3.11, 6.18], [7.6, 3.71, 5.31, 9.83, 1.09, 3.87, 7.81], [7.76, 7.0, 2.77, 7.48, 3.83, 0.31, 3.13]]",5.0,7.0,155,"[0.04, 0.07, 0.03, 0.86]","[[0, 14, 13, 0, 10, 0, 0, 0], [0, 15, 12, 0, 9, 0, 0, 0], [0, 16, 11, 0, 8, 0, 0, 0], [0, 1, 2, 3, 4, 5, 6, 7]]",2.994
3098,0.0,6,"[[2.65, 1.66, 4.12, 6.28, 3.9, 4.24, 8.17], [4.84, 2.23, 5.57, 7.45, 3.35, 5.55, 3.39], [6.15, 3.53, 5.47, 2.82, 6.99, 9.09, 0.79], [2.47, 2.31, 1.36, 3.11, 4.52, 5.21, 3.31]]",5.0,5.21,155,"[0.01, 0.06, 0.02, 0.91]","[[0, 0, 0, 0, 0, 13, 12, 0], [0, 0, 0, 0, 0, 10, 11, 0], [0, 0, 0, 0, 0, 9, 8, 0], [0, 1, 2, 3, 4, 5, 6, 7]]",2.994
3099,0.0,5,"[[8.47, 2.82, 7.33, 4.03, 7.07, 2.75, 1.54], [4.68, 3.16, 0.97, 1.44, 5.2, 6.65, 9.25], [8.41, 7.04, 1.31, 3.23, 7.09, 7.67, 1.55], [6.28, 2.99, 4.33, 1.28, 9.25, 6.99, 2.35]]",5.0,9.25,155,"[0.01, 0.01, 0.01, 0.97]","[[0, 13, 0, 0, 0, 8, 14, 0], [0, 12, 0, 0, 0, 9, 15, 0], [0, 11, 0, 0, 0, 10, 16, 0], [0, 1, 2, 3, 4, 5, 6, 7]]",2.994
3100,0.0,1,"[[8.02, 3.92, 3.11, 4.49, 4.13, 7.86, 3.71], [5.5, 3.12, 4.78, 4.63, 5.83, 9.55, 5.01], [6.87, 6.07, 1.32, 5.58, 8.22, 5.74, 5.54], [4.62, 3.36, 5.75, 5.59, 2.34, 1.7, 6.64]]",5.0,8.02,156,"[0.25, 0.27, 0.24, 0.24]","[[0, 1, 7, 9, 16, 17, 24, 25], [0, 2, 8, 10, 15, 18, 23, 26], [0, 3, 6, 11, 14, 19, 22, 27], [0, 4, 5, 12, 13, 20, 21, 28]]",2.994
3101,0.0,1,"[[4.36, 8.7, 5.94, 4.41, 8.37, 5.83, 0.58], [9.58, 2.24, 8.49, 4.24, 4.63, 4.53, 5.29], [6.08, 4.31, 5.59, 3.3, 3.91, 4.21, 4.74], [9.25, 5.33, 1.67, 7.75, 5.64, 2.81, 3.02]]",5.0,4.36,156,"[0.31, 0.27, 0.14, 0.28]","[[0, 1, 8, 9, 16, 17, 24, 25], [0, 2, 7, 10, 15, 18, 23, 26], [0, 3, 6, 11, 14, 19, 22, 27], [0, 5, 4, 12, 13, 20, 21, 28]]",2.994
3102,0.0,4,"[[5.97, 8.23, 1.24, 7.62, 4.62, 4.29, 5.98], [8.29, 4.65, 5.55, 1.01, 2.98, 8.74, 8.92], [1.93, 2.81, 4.79, 6.01, 7.29, 6.55, 4.48], [9.09, 1.98, 6.38, 4.5, 3.08, 5.26, 4.47]]",5.0,7.62,156,"[0.86, 0.01, 0.12, 0.01]","[[0, 1, 8, 9, 16, 17, 24, 25], [0, 2, 7, 10, 15, 18, 23, 26], [0, 3, 6, 11, 14, 19, 22, 27], [0, 4, 5, 12, 13, 20, 21, 28]]",2.994
3103,0.0,3,"[[2.88, 2.6, 7.89, 4.77, 7.12, 4.23, 2.87], [3.29, 2.97, 3.82, 9.51, 9.45, 8.27, 5.42], [3.22, 3.81, 4.18, 2.52, 3.48, 3.16, 9.41], [1.89, 5.73, 6.1, 1.69, 4.58, 1.23, 3.5]]",5.0,7.89,156,"[0.2, 0.16, 0.26, 0.38]","[[0, 1, 8, 9, 24, 23, 25, 28], [0, 2, 7, 10, 21, 22, 26, 27], [0, 3, 6, 11, 20, 19, 18, 17], [0, 4, 5, 12, 13, 14, 15, 16]]",2.994
3104,0.0,6,"[[5.93, 4.61, 6.44, 6.58, 0.77, 6.66, 0.58], [1.24, 4.91, 5.63, 0.45, 3.38, 4.94, 3.12], [7.83, 1.4, 2.04, 7.87, 6.09, 6.31, 5.4], [6.34, 6.33, 4.75, 6.81, 8.3, 6.3, 9.27]]",5.0,6.3,156,"[0.01, 0.1, 0.87, 0.02]","[[0, 1, 8, 9, 10, 11, 12, 13], [0, 2, 7, 18, 17, 16, 15, 14], [0, 3, 6, 19, 20, 24, 25, 28], [0, 4, 5, 21, 22, 23, 26, 27]]",2.994
3105,0.0,6,"[[1.32, 1.79, 4.74, 6.52, 9.55, 1.49, 3.36], [2.67, 2.3, 3.39, 7.85, 3.89, 7.4, 8.55], [4.18, 0.46, 4.32, 2.27, 3.18, 8.62, 2.94], [6.02, 2.09, 4.16, 3.95, 2.34, 3.36, 2.27]]",5.0,1.49,156,"[0.16, 0.11, 0.34, 0.39]","[[0, 1, 8, 9, 16, 17, 24, 25], [0, 2, 7, 10, 15, 18, 23, 26], [0, 3, 6, 11, 14, 19, 22, 27], [0, 4, 5, 12, 13, 20, 21, 28]]",2.994
3106,0.0,1,"[[7.17, 3.46, 5.58, 3.93, 3.7, 2.49, 5.53], [9.77, 5.93, 5.47, 2.25, 8.04, 7.17, 0.39], [7.48, 1.53, 5.91, 7.74, 1.59, 6.73, 3.86], [5.1, 6.8, 2.11, 7.09, 7.57, 6.62, 8.34]]",5.0,7.17,156,"[0.88, 0.05, 0.05, 0.02]","[[0, 1, 3, 4, 5, 6, 7, 8], [0, 2, 11, 16, 17, 22, 23, 28], [0, 9, 12, 15, 18, 21, 24, 27], [0, 10, 13, 14, 19, 20, 25, 26]]",2.994
3107,0.0,7,"[[5.71, 4.0, 7.87, 3.26, 8.95, 9.97, 6.35], [4.81, 5.73, 5.74, 5.66, 5.51, 4.81, 7.59], [6.14, 5.62, 3.6, 6.94, 3.42, 3.6, 6.26], [1.09, 4.7, 1.56, 4.05, 2.65, 4.29, 5.33]]",5.0,5.33,156,"[0.02, 0.08, 0.03, 0.87]","[[0, 1, 19, 26, 28, 27, 16, 13], [0, 2, 18, 25, 24, 23, 15, 12], [0, 4, 17, 20, 21, 22, 14, 11], [0, 3, 5, 6, 7, 8, 9, 10]]",2.994
3108,0.0,4,"[[6.26, 0.19, 5.42, 8.23, 3.15, 1.79, 3.82], [4.19, 3.39, 2.75, 9.2, 5.7, 3.44, 3.56], [5.45, 5.72, 8.61, 4.63, 8.16, 8.36, 7.19], [3.14, 2.27, 7.83, 9.11, 0.69, 3.38, 9.35]]",5.0,9.11,156,"[0.1, 0.01, 0.01, 0.88]","[[0, 21, 22, 16, 10, 27, 28, 13], [0, 19, 20, 15, 9, 26, 25, 12], [0, 18, 17, 14, 8, 23, 24, 11], [0, 1, 2, 3, 5, 4, 6, 7]]",2.994
3109,0.0,5,"[[5.77, 3.99, 6.61, 4.81, 8.16, 4.87, 2.84], [5.38, 5.12, 5.88, 4.67, 7.45, 7.64, 1.41], [2.86, 1.79, 4.9, 7.89, 6.3, 3.05, 5.2], [5.28, 6.58, 1.34, 2.2, 4.69, 6.92, 5.01]]",5.0,7.45,156,"[0.34, 0.23, 0.11, 0.32]","[[0, 2, 1, 12, 13, 20, 21, 28], [0, 3, 10, 11, 14, 19, 22, 27], [0, 9, 8, 7, 15, 18, 23, 26], [0, 4, 5, 6, 16, 17, 24, 25]]",2.994
3110,0.0,6,"[[0.06, 0.11, 0.17, 0.23, 0.15, 0.14, 0.21], [0.16, 0.17, 0.08, 0.04, 0.07, 0.21, 0.12], [0.2, 0.19, 0.13, 0.12, 0.17, 0.2, 0.16], [0.1, 0.1, 0.12, 0.16, 0.01, 0.17, 0.09]]",0.13,0.21,156,"[0.23, 0.25, 0.3, 0.22]","[[0, 1, 2, 3, 4, 5, 6, 7], [0, 14, 13, 12, 11, 10, 9, 8], [0, 15, 16, 17, 18, 19, 20, 21], [0, 28, 27, 26, 25, 24, 23, 22]]",0.072
3111,0.0,2,"[[0.01, 0.19, 0.1, 0.03, 0.13, 0.15, 0.13], [0.17, 0.18, 0.07, 0.17, 0.17, 0.12, 0.12], [0.11, 0.17, 0.18, 0.22, 0.08, 0.06, 0.07], [0.12, 0.02, 0.07, 0.16, 0.17, 0.14, 0.04]]",0.13,0.18,156,"[0.3, 0.29, 0.13, 0.28]","[[0, 1, 2, 3, 4, 5, 6, 7], [0, 14, 13, 12, 11, 10, 9, 8], [0, 15, 17, 19, 21, 23, 25, 27], [0, 16, 18, 20, 22, 24, 26, 28]]",0.072
3112,0.0,6,"[[0.1, 0.1, 0.17, 0.08, 0.04, 0.09, 0.12], [0.18, 0.07, 0.12, 0.15, 0.14, 0.22, 0.18], [0.17, 0.02, 0.06, 0.16, 0.1, 0.2, 0.19], [0.23, 0.18, 0.17, 0.22, 0.21, 0.09, 0.19]]",0.13,0.09,156,"[0.21, 0.32, 0.34, 0.13]","[[0, 1, 8, 9, 16, 17, 24, 25], [0, 2, 7, 10, 15, 18, 23, 26], [0, 3, 6, 11, 14, 19, 22, 27], [0, 4, 5, 12, 13, 20, 21, 28]]",0.072
3113,0.0,4,"[[0.04, 0.14, 0.09, 0.06, 0.18, 0.1, 0.07], [0.09, 0.13, 0.01, 0.23, 0.07, 0.19, 0.05], [0.08, 0.2, 0.08, 0.21, 0.07, 0.04, 0.22], [0.12, 0.1, 0.09, 0.18, 0.18, 0.04, 0.15]]",0.13,0.18,156,"[0.05, 0.03, 0.07, 0.85]","[[0, 1, 8, 9, 22, 19, 25, 26], [0, 2, 7, 10, 21, 18, 24, 27], [0, 3, 6, 11, 20, 17, 23, 28], [0, 4, 5, 12, 13, 14, 15, 16]]",0.072
3114,0.0,2,"[[0.12, 0.13, 0.12, 0.14, 0.05, 0.1, 0.25], [0.16, 0.2, 0.2, 0.14, 0.09, 0.17, 0.09], [0.11, 0.12, 0.11, 0.11, 0.08, 0.05, 0.17], [0.19, 0.2, 0.07, 0.21, 0.07, 0.13, 0.2]]",0.13,0.13,156,"[0.17, 0.35, 0.31, 0.17]","[[0, 19, 15, 16, 22, 23, 26, 27], [0, 1, 2, 6, 7, 10, 11, 14], [0, 3, 4, 5, 8, 9, 12, 13], [0, 20, 17, 18, 21, 24, 25, 28]]",0.072
3115,0.0,2,"[[0.1, 0.22, 0.11, 0.07, 0.15, 0.15, 0.08], [0.22, 0.14, 0.05, 0.13, 0.2, 0.14, 0.2], [0.02, 0.25, 0.2, 0.08, 0.15, 0.02, 0.07], [0.11, 0.1, 0.17, 0.14, 0.2, 0.08, 0.11]]",0.13,0.22,156,"[0.87, 0.08, 0.02, 0.03]","[[0, 1, 2, 3, 4, 5, 6, 7], [0, 28, 9, 23, 22, 12, 8, 17], [0, 27, 10, 24, 21, 13, 16, 18], [0, 26, 11, 25, 20, 14, 15, 19]]",0.072
3116,0.0,2,"[[0.02, 0.18, 0.09, 0.13, 0.07, 0.12, 0.08], [0.15, 0.12, 0.24, 0.14, 0.1, 0.01, 0.14], [0.2, 0.14, 0.24, 0.13, 0.22, 0.23, 0.18], [0.11, 0.21, 0.18, 0.07, 0.12, 0.14, 0.14]]",0.13,0.21,156,"[0.85, 0.02, 0.03, 0.1]","[[0, 1, 2, 4, 3, 5, 6, 7], [0, 28, 8, 11, 14, 17, 22, 23], [0, 27, 9, 12, 15, 18, 21, 24], [0, 26, 10, 13, 16, 19, 20, 25]]",0.072
3117,0.0,5,"[[0.07, 0.16, 0.11, 0.2, 0.2, 0.19, 0.16], [0.15, 0.22, 0.24, 0.17, 0.18, 0.12, 0.12], [0.11, 0.16, 0.11, 0.12, 0.21, 0.06, 0.16], [0.17, 0.22, 0.15, 0.11, 0.24, 0.11, 0.17]]",0.13,0.24,156,"[0.09, 0.03, 0.01, 0.87]","[[0, 1, 2, 16, 15, 12, 25, 26], [0, 22, 20, 17, 14, 11, 24, 27], [0, 21, 19, 18, 13, 10, 23, 28], [0, 3, 4, 5, 6, 7, 8, 9]]",0.072
3118,0.0,2,"[[0.06, 0.22, 0.11, 0.12, 0.13, 0.09, 0.18], [0.2, 0.17, 0.05, 0.09, 0.17, 0.16, 0.24], [0.14, 0.03, 0.23, 0.14, 0.04, 0.13, 0.18], [0.16, 0.1, 0.17, 0.16, 0.14, 0.04, 0.05]]",0.13,0.22,156,"[0.87, 0.02, 0.1, 0.01]","[[0, 1, 2, 3, 4, 5, 6, 7], [0, 13, 8, 14, 22, 17, 23, 24], [0, 12, 9, 15, 21, 18, 26, 25], [0, 11, 10, 16, 20, 19, 27, 28]]",0.072
3119,0.0,5,"[[0.09, 0.06, 0.16, 0.11, 0.12, 0.22, 0.04], [0.11, 0.19, 0.13, 0.18, 0.2, 0.12, 0.12], [0.11, 0.08, 0.15, 0.06, 0.15, 0.13, 0.16], [0.08, 0.15, 0.2, 0.17, 0.24, 0.04, 0.12]]",0.13,0.24,156,"[0.15, 0.32, 0.21, 0.32]","[[0, 4, 5, 12, 13, 20, 21, 28], [0, 1, 6, 11, 14, 19, 22, 27], [0, 3, 8, 10, 15, 18, 23, 26], [0, 2, 7, 9, 16, 17, 24, 25]]",0.072
3120,0.01,3,"[[0.16, 0.14, 0.08, 0.14, 0.11, 0.13, 0.09], [0.19, 0.11, 0.19, 0.08, 0.11, 0.19, 0.13], [0.21, 0.23, 0.11, 0.11, 0.1, 0.18, 0.03], [0.04, 0.14, 0.12, 0.13, 0.05, 0.04, 0.05]]",0.13,0.19,157,"[0.31, 0.22, 0.18, 0.29]","[[0, 0, 0, 0, 0, 0, 0, 0], [0, 0, 0, 1, 0, 0, 0, 0], [0, 0, 0, 0, 0, 0, 0, 0], [0, 0, 0, 0, 2, 0, 0, 0]]",0.072
3121,0.01,5,"[[0.05, 0.08, 0.17, 0.15, 0.22, 0.07, 0.07], [0.06, 0.1, 0.12, 0.11, 0.19, 0.16, 0.05], [0.19, 0.16, 0.13, 0.06, 0.18, 0.04, 0.24], [0.15, 0.24, 0.11, 0.13, 0.14, 0.03, 0.01]]",0.13,0.22,157,"[0.86, 0.01, 0.05, 0.08]","[[0, 0, 0, 0, 0, 0, 0, 0], [0, 0, 0, 3, 0, 2, 0, 0], [0, 0, 0, 0, 0, 0, 0, 0], [0, 0, 0, 0, 1, 0, 4, 0]]",0.072
3122,0.01,5,"[[0.05, 0.17, 0.08, 0.07, 0.16, 0.13, 0.05], [0.1, 0.16, 0.24, 0.2, 0.19, 0.19, 0.23], [0.18, 0.13, 0.06, 0.19, 0.17, 0.21, 0.13], [0.16, 0.18, 0.2, 0.12, 0.19, 0.08, 0.19]]",0.13,0.16,157,"[0.85, 0.1, 0.02, 0.03]","[[0, 2, 0, 0, 3, 4, 5, 1], [0, 0, 0, 0, 0, 0, 0, 0], [0, 0, 0, 0, 0, 0, 0, 0], [0, 0, 0, 0, 0, 0, 0, 0]]",0.072
3123,0.01,7,"[[0.1, 0.1, 0.03, 0.13, 0.2, 0.08, 0.11], [0.08, 0.05, 0.11, 0.15, 0.22, 0.2, 0.17], [0.16, 0.24, 0.08, 0.04, 0.05, 0.19, 0.14], [0.1, 0.18, 0.15, 0.14, 0.18, 0.07, 0.19]]",0.13,0.14,157,"[0.36, 0.26, 0.19, 0.19]","[[0, 0, 0, 0, 0, 0, 0, 1], [0, 0, 0, 0, 0, 0, 0, 2], [0, 0, 0, 0, 0, 0, 0, 0], [0, 0, 0, 0, 0, 0, 0, 0]]",0.072
3124,0.01,7,"[[0.17, 0.04, 0.18, 0.09, 0.04, 0.16, 0.22], [0.22, 0.14, 0.04, 0.11, 0.04, 0.23, 0.13], [0.09, 0.1, 0.01, 0.06, 0.15, 0.17, 0.05], [0.04, 0.06, 0.1, 0.03, 0.1, 0.03, 0.15]]",0.13,0.15,157,"[0.35, 0.15, 0.13, 0.37]","[[0, 0, 0, 0, 0, 0, 0, 1], [0, 0, 0, 0, 0, 0, 0, 0], [0, 0, 0, 0, 0, 0, 0, 0], [0, 0, 0, 0, 0, 0, 0, 2]]",0.072
3125,0.01,7,"[[0.19, 0.11, 0.24, 0.23, 0.21, 0.14, 0.16], [0.12, 0.1, 0.02, 0.19, 0.1, 0.08, 0.14], [0.05, 0.21, 0.07, 0.2, 0.09, 0.02, 0.23], [0.09, 0.04, 0.09, 0.14, 0.18, 0.2, 0.23]]",0.13,0.23,157,"[0.03, 0.01, 0.92, 0.04]","[[0, 0, 0, 0, 0, 0, 0, 0], [0, 0, 0, 0, 0, 0, 0, 0], [0, 4, 5, 6, 7, 3, 2, 1], [0, 0, 0, 0, 0, 0, 0, 0]]",0.072
3126,0.01,6,"[[0.12, 0.13, 0.12, 0.14, 0.05, 0.1, 0.25], [0.16, 0.2, 0.2, 0.14, 0.09, 0.17, 0.09], [0.11, 0.12, 0.11, 0.11, 0.08, 0.05, 0.17], [0.19, 0.2, 0.07, 0.21, 0.07, 0.13, 0.2]]",0.13,0.17,157,"[0.17, 0.35, 0.31, 0.17]","[[0, 0, 0, 0, 0, 0, 0, 0], [0, 0, 0, 0, 0, 0, 0, 0], [0, 0, 0, 0, 0, 0, 0, 0], [0, 0, 0, 0, 0, 0, 0, 0]]",0.072
3127,0.01,4,"[[0.1, 0.1, 0.17, 0.08, 0.04, 0.09, 0.12], [0.18, 0.07, 0.12, 0.15, 0.14, 0.22, 0.18], [0.17, 0.02, 0.06, 0.16, 0.1, 0.2, 0.19], [0.23, 0.18, 0.17, 0.22, 0.21, 0.09, 0.19]]",0.13,0.16,157,"[0.21, 0.32, 0.34, 0.13]","[[0, 0, 0, 0, 0, 0, 0, 0], [0, 0, 0, 0, 0, 0, 0, 0], [0, 0, 0, 0, 0, 0, 0, 0], [0, 0, 0, 0, 0, 0, 0, 0]]",0.072
3128,0.01,6,"[[0.14, 0.15, 0.11, 0.2, 0.03, 0.13, 0.04], [0.03, 0.07, 0.1, 0.21, 0.1, 0.13, 0.08], [0.14, 0.03, 0.06, 0.05, 0.15, 0.08, 0.09], [0.13, 0.08, 0.16, 0.01, 0.21, 0.09, 0.05]]",0.13,0.08,157,"[0.06, 0.03, 0.86, 0.05]","[[0, 0, 0, 0, 0, 0, 0, 0], [0, 0, 0, 0, 0, 0, 0, 0], [0, 0, 0, 0, 0, 0, 0, 0], [0, 0, 0, 0, 0, 0, 0, 0]]",0.072
3129,0.01,2,"[[0.06, 0.22, 0.11, 0.12, 0.13, 0.09, 0.18], [0.2, 0.17, 0.05, 0.09, 0.17, 0.16, 0.24], [0.14, 0.03, 0.23, 0.14, 0.04, 0.13, 0.18], [0.16, 0.1, 0.17, 0.16, 0.14, 0.04, 0.05]]",0.13,0.22,157,"[0.87, 0.02, 0.1, 0.01]","[[0, 7, 6, 5, 4, 2, 3, 1], [0, 0, 0, 0, 0, 0, 0, 0], [0, 0, 0, 0, 0, 0, 0, 0], [0, 0, 0, 0, 0, 0, 0, 0]]",0.072
3130,0.01,2,"[[8.02, 3.92, 3.11, 4.49, 4.13, 7.86, 3.71], [5.5, 3.12, 4.78, 4.63, 5.83, 9.55, 5.01], [6.87, 6.07, 1.32, 5.58, 8.22, 5.74, 5.54], [4.62, 3.36, 5.75, 5.59, 2.34, 1.7, 6.64]]",5.0,3.92,157,"[0.25, 0.27, 0.24, 0.24]","[[0, 0, 0, 0, 0, 0, 0, 0], [0, 0, 0, 0, 0, 0, 0, 0], [0, 0, 0, 0, 0, 0, 0, 0], [0, 0, 0, 0, 0, 0, 0, 0]]",2.994
3131,0.01,6,"[[0.94, 9.58, 9.58, 1.68, 3.99, 3.26, 9.98], [7.2, 6.69, 3.6, 6.35, 1.28, 0.52, 9.84], [4.59, 4.33, 3.41, 2.69, 0.89, 3.28, 2.91], [7.61, 5.48, 8.81, 6.78, 0.6, 7.91, 3.87]]",5.0,0.52,157,"[0.01, 0.89, 0.08, 0.02]","[[0, 0, 0, 0, 0, 0, 0, 0], [0, 0, 0, 0, 0, 0, 0, 0], [0, 0, 0, 0, 0, 0, 0, 0], [0, 0, 0, 0, 0, 0, 0, 0]]",2.994
3132,0.01,7,"[[6.38, 4.4, 2.78, 4.02, 3.28, 4.56, 6.79], [6.89, 5.4, 5.87, 9.63, 0.42, 4.93, 4.29], [2.96, 2.23, 8.29, 4.74, 3.72, 2.39, 0.86], [5.36, 5.18, 6.28, 1.08, 2.81, 5.95, 9.65]]",5.0,4.29,157,"[0.2, 0.38, 0.3, 0.12]","[[0, 0, 0, 0, 0, 0, 0, 0], [0, 0, 0, 0, 0, 0, 0, 0], [0, 0, 0, 0, 0, 0, 0, 0], [0, 0, 0, 0, 0, 0, 0, 0]]",2.994
3133,0.01,1,"[[5.12, 1.51, 5.2, 6.71, 2.69, 8.45, 7.56], [1.26, 6.81, 6.02, 6.85, 3.83, 2.04, 5.15], [0.77, 1.29, 6.67, 1.6, 1.63, 0.54, 0.89], [4.2, 5.58, 3.29, 3.97, 3.54, 6.37, 4.95]]",5.0,4.2,157,"[0.21, 0.27, 0.19, 0.33]","[[0, 4, 0, 0, 0, 0, 0, 0], [0, 3, 0, 0, 0, 0, 0, 0], [0, 2, 0, 0, 0, 0, 0, 0], [0, 1, 0, 0, 0, 0, 0, 0]]",2.994
3134,0.01,3,"[[0.72, 5.25, 9.97, 4.85, 8.58, 2.57, 9.15], [5.48, 9.36, 2.36, 9.25, 3.72, 4.76, 6.74], [7.14, 7.36, 2.91, 4.13, 7.03, 8.48, 0.38], [5.84, 6.37, 7.56, 3.71, 4.02, 2.93, 0.09]]",5.0,2.36,157,"[0.03, 0.85, 0.06, 0.06]","[[0, 0, 0, 0, 0, 0, 0, 0], [0, 0, 0, 1, 0, 0, 0, 0], [0, 0, 0, 0, 0, 0, 0, 0], [0, 0, 0, 0, 0, 0, 0, 0]]",2.994
3135,0.01,2,"[[3.89, 7.03, 1.42, 3.85, 5.57, 3.85, 2.09], [1.42, 3.42, 3.49, 1.78, 8.76, 8.52, 6.88], [3.98, 7.53, 6.94, 2.68, 5.16, 4.6, 0.82], [7.43, 7.31, 6.36, 5.75, 9.0, 9.88, 3.78]]",5.0,7.03,157,"[0.86, 0.01, 0.02, 0.11]","[[0, 7, 6, 5, 4, 3, 2, 1], [0, 0, 0, 0, 0, 0, 0, 0], [0, 0, 0, 0, 0, 0, 0, 0], [0, 0, 0, 0, 0, 0, 0, 0]]",2.994
3136,0.01,7,"[[5.71, 4.0, 7.87, 3.26, 8.95, 9.97, 6.35], [4.81, 5.73, 5.74, 5.66, 5.51, 4.81, 7.59], [6.14, 5.62, 3.6, 6.94, 3.42, 3.6, 6.26], [1.09, 4.7, 1.56, 4.05, 2.65, 4.29, 5.33]]",5.0,5.33,157,"[0.02, 0.08, 0.03, 0.87]","[[0, 0, 0, 0, 0, 0, 0, 0], [0, 0, 0, 0, 0, 0, 0, 0], [0, 0, 0, 0, 0, 0, 0, 0], [0, 7, 6, 5, 4, 3, 2, 1]]",2.994
3137,0.01,4,"[[5.16, 3.84, 2.97, 6.89, 7.92, 3.02, 6.81], [6.93, 3.64, 5.33, 8.47, 3.82, 8.88, 7.83], [4.51, 5.38, 9.21, 3.79, 4.77, 9.29, 4.59], [3.55, 8.48, 4.66, 2.28, 3.95, 2.95, 5.67]]",5.0,6.89,157,"[0.86, 0.08, 0.05, 0.01]","[[0, 7, 6, 5, 4, 3, 2, 1], [0, 0, 0, 0, 0, 0, 0, 0], [0, 0, 0, 0, 0, 0, 0, 0], [0, 0, 0, 0, 0, 0, 0, 0]]",2.994
3138,0.01,7,"[[7.78, 7.83, 6.34, 3.49, 9.25, 4.1, 8.16], [4.02, 5.78, 4.37, 3.5, 3.65, 5.34, 1.1], [4.29, 1.52, 3.77, 7.63, 3.05, 0.82, 4.95], [8.46, 6.15, 6.73, 3.18, 8.15, 6.29, 5.32]]",5.0,5.32,157,"[0.2, 0.29, 0.22, 0.29]","[[0, 0, 0, 0, 0, 0, 0, 0], [0, 0, 0, 0, 0, 0, 0, 2], [0, 0, 0, 0, 0, 0, 0, 0], [0, 0, 0, 0, 0, 0, 0, 1]]",2.994
3139,0.01,3,"[[2.88, 2.6, 7.89, 4.77, 7.12, 4.23, 2.87], [3.29, 2.97, 3.82, 9.51, 9.45, 8.27, 5.42], [3.22, 3.81, 4.18, 2.52, 3.48, 3.16, 9.41], [1.89, 5.73, 6.1, 1.69, 4.58, 1.23, 3.5]]",5.0,3.82,157,"[0.2, 0.16, 0.26, 0.38]","[[0, 0, 0, 0, 0, 0, 0, 0], [0, 0, 0, 0, 0, 0, 0, 0], [0, 0, 0, 0, 0, 0, 0, 0], [0, 7, 6, 5, 4, 3, 2, 1]]",2.994
3140,0.0,1,"[[0.11, 0.17, 0.16, 0.1, 0.16, 0.08, 0.16], [0.14, 0.11, 0.1, 0.17, 0.15, 0.09, 0.15], [0.18, 0.13, 0.06, 0.09, 0.04, 0.12, 0.18], [0.24, 0.17, 0.23, 0.17, 0.08, 0.13, 0.06]]",0.13,0.18,158,"[0.26, 0.27, 0.3, 0.17]","[[0, 14, 15, 1, 2, 16, 17, 18], [0, 13, 12, 11, 3, 19, 0, 0], [0, 5, 4, 6, 7, 8, 9, 10], [0, 0, 0, 0, 0, 0, 0, 0]]",0.072
3141,0.0,5,"[[0.15, 0.17, 0.12, 0.06, 0.06, 0.22, 0.15], [0.19, 0.17, 0.21, 0.18, 0.06, 0.19, 0.04], [0.07, 0.13, 0.08, 0.09, 0.18, 0.11, 0.12], [0.16, 0.1, 0.02, 0.11, 0.21, 0.13, 0.19]]",0.13,0.06,158,"[0.09, 0.05, 0.01, 0.85]","[[0, 1, 2, 24, 25, 26, 27, 28], [0, 17, 19, 18, 20, 23, 21, 22], [0, 10, 11, 12, 13, 14, 15, 16], [0, 3, 4, 5, 6, 7, 8, 9]]",0.072
3142,0.0,4,"[[0.04, 0.14, 0.09, 0.06, 0.18, 0.1, 0.07], [0.09, 0.13, 0.01, 0.23, 0.07, 0.19, 0.05], [0.08, 0.2, 0.08, 0.21, 0.07, 0.04, 0.22], [0.12, 0.1, 0.09, 0.18, 0.18, 0.04, 0.15]]",0.13,0.18,158,"[0.05, 0.03, 0.07, 0.85]","[[0, 10, 11, 14, 17, 20, 23, 26], [0, 9, 12, 15, 18, 21, 24, 27], [0, 8, 13, 16, 19, 22, 25, 28], [0, 1, 2, 3, 4, 5, 6, 7]]",0.072
3143,0.0,5,"[[0.01, 0.19, 0.1, 0.03, 0.13, 0.15, 0.13], [0.17, 0.18, 0.07, 0.17, 0.17, 0.12, 0.12], [0.11, 0.17, 0.18, 0.22, 0.08, 0.06, 0.07], [0.12, 0.02, 0.07, 0.16, 0.17, 0.14, 0.04]]",0.13,0.17,158,"[0.3, 0.29, 0.13, 0.28]","[[0, 16, 17, 20, 21, 24, 25, 27], [0, 15, 18, 19, 22, 23, 26, 28], [0, 14, 13, 12, 11, 10, 9, 8], [0, 1, 2, 3, 4, 5, 6, 7]]",0.072
3144,0.0,1,"[[0.14, 0.12, 0.08, 0.02, 0.14, 0.19, 0.09], [0.2, 0.01, 0.13, 0.03, 0.11, 0.06, 0.23], [0.19, 0.12, 0.16, 0.15, 0.16, 0.07, 0.21], [0.09, 0.14, 0.24, 0.12, 0.1, 0.2, 0.16]]",0.13,0.14,158,"[0.36, 0.17, 0.12, 0.35]","[[0, 1, 2, 28, 27, 26, 25, 24], [0, 17, 18, 19, 20, 21, 22, 23], [0, 16, 15, 14, 13, 12, 11, 10], [0, 3, 4, 5, 6, 7, 8, 9]]",0.072
3145,0.0,3,"[[0.12, 0.04, 0.15, 0.03, 0.12, 0.21, 0.16], [0.15, 0.15, 0.1, 0.11, 0.22, 0.11, 0.06], [0.06, 0.07, 0.19, 0.11, 0.05, 0.07, 0.16], [0.05, 0.12, 0.14, 0.09, 0.12, 0.13, 0.02]]",0.13,0.19,158,"[0.04, 0.05, 0.89, 0.02]","[[0, 1, 17, 18, 19, 20, 21, 22], [0, 2, 11, 12, 13, 14, 15, 16], [0, 3, 5, 6, 7, 8, 9, 10], [0, 4, 23, 24, 25, 26, 27, 28]]",0.072
3146,0.0,4,"[[0.11, 0.18, 0.17, 0.05, 0.02, 0.11, 0.14], [0.16, 0.12, 0.11, 0.08, 0.11, 0.16, 0.08], [0.12, 0.16, 0.05, 0.23, 0.13, 0.08, 0.03], [0.17, 0.24, 0.1, 0.22, 0.06, 0.14, 0.05]]",0.13,0.23,158,"[0.01, 0.08, 0.86, 0.05]","[[0, 1, 16, 17, 18, 19, 20, 21], [0, 9, 10, 12, 11, 13, 14, 15], [0, 2, 3, 4, 5, 6, 7, 8], [0, 22, 23, 24, 25, 26, 27, 28]]",0.072
3147,0.0,1,"[[0.15, 0.2, 0.21, 0.14, 0.15, 0.21, 0.2], [0.1, 0.12, 0.15, 0.05, 0.19, 0.19, 0.19], [0.2, 0.18, 0.22, 0.07, 0.23, 0.17, 0.15], [0.25, 0.17, 0.14, 0.07, 0.06, 0.14, 0.21]]",0.13,0.25,158,"[0.33, 0.32, 0.13, 0.22]","[[0, 1, 5, 9, 13, 17, 21, 25], [0, 2, 6, 10, 14, 18, 22, 26], [0, 3, 7, 11, 15, 19, 23, 27], [0, 4, 8, 12, 16, 20, 24, 28]]",0.072
3148,0.0,5,"[[0.07, 0.16, 0.11, 0.2, 0.2, 0.19, 0.16], [0.15, 0.22, 0.24, 0.17, 0.18, 0.12, 0.12], [0.11, 0.16, 0.11, 0.12, 0.21, 0.06, 0.16], [0.17, 0.22, 0.15, 0.11, 0.24, 0.11, 0.17]]",0.13,0.24,158,"[0.09, 0.03, 0.01, 0.87]","[[0, 1, 5, 9, 13, 17, 21, 25], [0, 2, 6, 10, 14, 18, 22, 26], [0, 3, 7, 11, 15, 19, 23, 27], [0, 4, 8, 12, 16, 20, 24, 28]]",0.072
3149,0.0,6,"[[0.07, 0.07, 0.17, 0.05, 0.08, 0.18, 0.15], [0.19, 0.17, 0.06, 0.13, 0.2, 0.13, 0.2], [0.08, 0.18, 0.04, 0.21, 0.15, 0.15, 0.18], [0.06, 0.08, 0.09, 0.02, 0.12, 0.19, 0.09]]",0.13,0.19,158,"[0.31, 0.27, 0.19, 0.23]","[[0, 1, 5, 9, 13, 17, 21, 25], [0, 2, 6, 10, 14, 18, 22, 26], [0, 4, 7, 11, 15, 19, 23, 27], [0, 3, 8, 12, 16, 20, 24, 28]]",0.072
3150,0.0,1,"[[5.63, 2.91, 6.84, 6.5, 2.65, 5.91, 4.09], [5.16, 0.83, 2.41, 5.99, 6.15, 3.67, 6.12], [5.67, 9.08, 3.93, 7.57, 5.62, 2.51, 2.61], [4.59, 1.2, 4.42, 1.16, 8.17, 8.27, 1.11]]",5.0,5.16,158,"[0.14, 0.34, 0.35, 0.17]","[[0, 1, 5, 9, 13, 17, 21, 25], [0, 2, 6, 10, 14, 18, 22, 26], [0, 3, 7, 11, 15, 19, 23, 27], [0, 4, 8, 12, 16, 20, 24, 28]]",2.994
3151,0.0,3,"[[3.74, 4.35, 1.03, 5.02, 2.48, 7.72, 3.91], [9.52, 3.82, 4.46, 2.55, 5.65, 6.25, 0.76], [2.96, 5.49, 2.32, 7.63, 0.35, 8.21, 6.51], [4.09, 2.1, 9.56, 8.08, 0.89, 1.16, 4.1]]",5.0,9.56,158,"[0.04, 0.08, 0.02, 0.86]","[[0, 10, 11, 14, 17, 20, 23, 26], [0, 9, 12, 15, 18, 21, 24, 27], [0, 8, 13, 16, 19, 22, 25, 28], [0, 1, 2, 3, 4, 5, 6, 7]]",2.994
3152,0.0,3,"[[7.04, 7.27, 1.99, 4.87, 6.53, 6.34, 1.47], [5.29, 2.16, 9.06, 4.67, 7.92, 5.41, 7.56], [6.95, 5.35, 1.7, 4.81, 6.84, 1.21, 8.92], [6.63, 5.53, 4.35, 1.42, 5.69, 5.92, 4.12]]",5.0,9.06,158,"[0.07, 0.87, 0.03, 0.03]","[[0, 8, 9, 10, 11, 12, 13, 14], [0, 1, 2, 3, 4, 5, 6, 7], [0, 15, 16, 17, 18, 19, 20, 21], [0, 22, 23, 24, 25, 26, 27, 28]]",2.994
3153,0.0,3,"[[2.09, 7.52, 9.74, 6.72, 2.88, 5.9, 5.87], [6.25, 4.49, 6.66, 2.68, 2.62, 7.58, 4.86], [0.33, 4.49, 3.44, 6.0, 4.73, 0.87, 2.63], [7.63, 1.46, 3.24, 5.72, 7.53, 7.25, 3.01]]",5.0,9.74,158,"[0.34, 0.23, 0.2, 0.23]","[[0, 4, 5, 9, 13, 17, 21, 25], [0, 3, 6, 10, 14, 18, 22, 26], [0, 2, 7, 11, 15, 19, 23, 27], [0, 1, 8, 12, 16, 20, 24, 28]]",2.994
3154,0.0,1,"[[7.91, 1.03, 5.87, 7.52, 6.88, 7.18, 6.1], [5.88, 5.55, 1.78, 3.0, 4.69, 4.52, 8.75], [5.71, 1.25, 6.22, 6.17, 8.38, 7.26, 4.32], [6.4, 8.88, 5.28, 4.23, 1.08, 0.7, 3.39]]",5.0,6.4,158,"[0.3, 0.18, 0.2, 0.32]","[[0, 1, 2, 3, 4, 5, 6, 7], [0, 8, 9, 11, 10, 12, 13, 14], [0, 15, 16, 17, 18, 19, 20, 21], [0, 22, 23, 24, 25, 26, 27, 28]]",2.994
3155,0.0,5,"[[0.95, 2.78, 3.25, 5.38, 7.09, 3.77, 4.83], [7.13, 8.96, 5.39, 2.27, 8.34, 7.96, 4.55], [9.77, 5.61, 8.97, 8.09, 6.52, 2.37, 9.08], [8.52, 1.84, 1.06, 3.62, 0.7, 3.27, 0.14]]",5.0,6.52,158,"[0.85, 0.07, 0.07, 0.01]","[[0, 1, 2, 3, 4, 5, 6, 7], [0, 8, 9, 10, 11, 12, 13, 14], [0, 15, 16, 17, 18, 19, 20, 21], [0, 22, 23, 24, 25, 26, 27, 28]]",2.994
3156,0.0,6,"[[2.65, 1.66, 4.12, 6.28, 3.9, 4.24, 8.17], [4.84, 2.23, 5.57, 7.45, 3.35, 5.55, 3.39], [6.15, 3.53, 5.47, 2.82, 6.99, 9.09, 0.79], [2.47, 2.31, 1.36, 3.11, 4.52, 5.21, 3.31]]",5.0,5.21,158,"[0.01, 0.06, 0.02, 0.91]","[[0, 28, 27, 26, 25, 24, 23, 22], [0, 15, 16, 17, 18, 19, 20, 21], [0, 14, 13, 12, 11, 10, 8, 9], [0, 1, 2, 3, 4, 5, 6, 7]]",2.994
3157,0.0,1,"[[2.44, 7.36, 6.46, 5.15, 7.43, 1.32, 0.71], [3.96, 8.36, 4.6, 6.91, 2.69, 5.0, 1.64], [8.24, 5.23, 2.67, 1.92, 6.03, 2.88, 7.54], [1.43, 5.93, 6.77, 1.1, 3.47, 5.78, 6.1]]",5.0,8.24,158,"[0.02, 0.06, 0.89, 0.03]","[[0, 11, 13, 14, 17, 20, 23, 26], [0, 10, 12, 15, 18, 21, 24, 27], [0, 3, 4, 5, 7, 6, 8, 9], [0, 1, 2, 16, 19, 22, 25, 28]]",2.994
3158,0.0,5,"[[1.32, 1.79, 4.74, 6.52, 9.55, 1.49, 3.36], [2.67, 2.3, 3.39, 7.85, 3.89, 7.4, 8.55], [4.18, 0.46, 4.32, 2.27, 3.18, 8.62, 2.94], [6.02, 2.09, 4.16, 3.95, 2.34, 3.36, 2.27]]",5.0,3.18,158,"[0.16, 0.11, 0.34, 0.39]","[[0, 1, 5, 9, 13, 17, 21, 25], [0, 2, 6, 10, 14, 18, 22, 26], [0, 3, 7, 11, 15, 19, 23, 27], [0, 4, 8, 12, 16, 20, 24, 28]]",2.994
3159,0.0,1,"[[7.78, 7.83, 6.34, 3.49, 9.25, 4.1, 8.16], [4.02, 5.78, 4.37, 3.5, 3.65, 5.34, 1.1], [4.29, 1.52, 3.77, 7.63, 3.05, 0.82, 4.95], [8.46, 6.15, 6.73, 3.18, 8.15, 6.29, 5.32]]",5.0,4.29,158,"[0.2, 0.29, 0.22, 0.29]","[[0, 1, 5, 9, 15, 17, 21, 25], [0, 2, 6, 10, 13, 18, 22, 26], [0, 3, 7, 11, 14, 19, 23, 27], [0, 4, 8, 12, 16, 20, 24, 28]]",2.994
3160,0.0,3,"[[9.88, 3.37, 6.84, 6.02, 5.72, 2.47, 6.83], [4.66, 3.57, 1.89, 8.02, 4.52, 4.58, 0.56], [5.57, 8.71, 8.98, 7.3, 1.41, 5.09, 6.3], [2.79, 3.58, 9.87, 3.61, 3.51, 7.13, 2.78]]",5.0,9.87,159,"[0.02, 0.05, 0.05, 0.88]","[[0, 1, 2, 12, 13, 25, 27, 24], [0, 4, 3, 11, 28, 23, 22, 21], [0, 5, 8, 10, 20, 26, 18, 19], [0, 6, 7, 9, 14, 15, 16, 17]]",2.994
3161,0.0,2,"[[7.91, 1.03, 5.87, 7.52, 6.88, 7.18, 6.1], [5.88, 5.55, 1.78, 3.0, 4.69, 4.52, 8.75], [5.71, 1.25, 6.22, 6.17, 8.38, 7.26, 4.32], [6.4, 8.88, 5.28, 4.23, 1.08, 0.7, 3.39]]",5.0,1.25,159,"[0.3, 0.18, 0.2, 0.32]","[[0, 26, 25, 24, 23, 21, 27, 22], [0, 15, 16, 17, 18, 20, 28, 19], [0, 10, 11, 13, 14, 12, 9, 8], [0, 3, 2, 1, 4, 5, 6, 7]]",2.994
3162,0.0,4,"[[8.51, 2.86, 5.22, 3.29, 7.8, 7.12, 2.91], [7.85, 5.63, 4.76, 5.73, 4.36, 4.99, 0.21], [1.1, 2.64, 4.86, 7.57, 7.15, 0.31, 2.34], [6.38, 5.91, 3.08, 6.0, 7.58, 3.85, 6.26]]",5.0,6.0,159,"[0.19, 0.32, 0.23, 0.26]","[[0, 24, 22, 21, 25, 27, 0, 23], [0, 1, 2, 3, 8, 9, 11, 16], [0, 17, 18, 19, 26, 20, 12, 15], [0, 4, 5, 6, 7, 10, 14, 13]]",2.994
3163,0.0,3,"[[3.74, 4.35, 1.03, 5.02, 2.48, 7.72, 3.91], [9.52, 3.82, 4.46, 2.55, 5.65, 6.25, 0.76], [2.96, 5.49, 2.32, 7.63, 0.35, 8.21, 6.51], [4.09, 2.1, 9.56, 8.08, 0.89, 1.16, 4.1]]",5.0,4.46,159,"[0.04, 0.08, 0.02, 0.86]","[[0, 4, 5, 12, 13, 20, 21, 28], [0, 3, 6, 11, 14, 19, 22, 27], [0, 2, 7, 10, 15, 18, 23, 26], [0, 1, 8, 9, 16, 17, 24, 25]]",2.994
3164,0.0,3,"[[5.92, 9.68, 5.15, 2.59, 5.89, 7.38, 2.85], [1.22, 5.64, 6.3, 3.82, 9.13, 6.51, 3.36], [6.72, 1.0, 8.86, 8.25, 8.82, 6.13, 4.12], [7.5, 7.75, 5.39, 3.9, 7.48, 3.23, 1.98]]",5.0,5.15,159,"[0.3, 0.17, 0.24, 0.29]","[[0, 1, 2, 3, 4, 5, 6, 7], [0, 28, 27, 26, 25, 24, 23, 22], [0, 8, 9, 10, 11, 12, 13, 14], [0, 15, 16, 17, 18, 19, 20, 21]]",2.994
3165,0.0,5,"[[4.41, 7.98, 5.03, 0.94, 6.07, 7.96, 3.08], [7.18, 6.38, 1.11, 4.77, 7.21, 4.82, 4.9], [5.63, 7.2, 7.79, 1.19, 2.56, 6.05, 3.13], [2.67, 2.05, 5.91, 4.15, 9.55, 4.46, 9.22]]",5.0,9.55,159,"[0.04, 0.02, 0.05, 0.89]","[[0, 1, 8, 9, 16, 17, 24, 25], [0, 2, 7, 10, 15, 18, 23, 26], [0, 3, 6, 11, 14, 19, 22, 27], [0, 4, 5, 12, 13, 20, 21, 28]]",2.994
3166,0.0,5,"[[8.47, 2.82, 7.33, 4.03, 7.07, 2.75, 1.54], [4.68, 3.16, 0.97, 1.44, 5.2, 6.65, 9.25], [8.41, 7.04, 1.31, 3.23, 7.09, 7.67, 1.55], [6.28, 2.99, 4.33, 1.28, 9.25, 6.99, 2.35]]",5.0,9.25,159,"[0.01, 0.01, 0.01, 0.97]","[[0, 0, 0, 0, 0, 0, 0, 0], [0, 0, 0, 0, 0, 0, 0, 0], [0, 0, 0, 0, 0, 0, 0, 0], [0, 1, 2, 3, 4, 5, 6, 7]]",2.994
3167,0.0,4,"[[0.72, 5.25, 9.97, 4.85, 8.58, 2.57, 9.15], [5.48, 9.36, 2.36, 9.25, 3.72, 4.76, 6.74], [7.14, 7.36, 2.91, 4.13, 7.03, 8.48, 0.38], [5.84, 6.37, 7.56, 3.71, 4.02, 2.93, 0.09]]",5.0,9.25,159,"[0.03, 0.85, 0.06, 0.06]","[[0, 16, 0, 0, 17, 0, 0, 0], [0, 1, 2, 3, 4, 5, 6, 7], [0, 9, 10, 0, 12, 0, 0, 14], [0, 8, 11, 0, 13, 0, 0, 15]]",2.994
3168,0.0,5,"[[3.55, 2.94, 0.08, 3.13, 2.15, 9.59, 4.77], [4.35, 5.83, 1.82, 2.79, 3.6, 4.35, 6.66], [4.91, 4.62, 9.06, 2.02, 4.04, 2.21, 7.62], [0.78, 5.9, 1.77, 4.45, 7.63, 4.39, 2.86]]",5.0,2.15,159,"[0.34, 0.11, 0.27, 0.28]","[[0, 4, 5, 12, 13, 20, 21, 28], [0, 3, 6, 11, 14, 19, 22, 27], [0, 2, 7, 10, 15, 18, 23, 26], [0, 1, 8, 9, 16, 17, 24, 25]]",2.994
3169,0.0,6,"[[8.02, 3.92, 3.11, 4.49, 4.13, 7.86, 3.71], [5.5, 3.12, 4.78, 4.63, 5.83, 9.55, 5.01], [6.87, 6.07, 1.32, 5.58, 8.22, 5.74, 5.54], [4.62, 3.36, 5.75, 5.59, 2.34, 1.7, 6.64]]",5.0,7.86,159,"[0.25, 0.27, 0.24, 0.24]","[[0, 1, 8, 9, 16, 17, 24, 25], [0, 2, 7, 10, 15, 18, 23, 26], [0, 3, 6, 11, 13, 19, 22, 27], [0, 4, 5, 12, 14, 20, 21, 28]]",2.994
3170,0.0,2,"[[0.02, 0.18, 0.09, 0.13, 0.07, 0.12, 0.08], [0.15, 0.12, 0.24, 0.14, 0.1, 0.01, 0.14], [0.2, 0.14, 0.24, 0.13, 0.22, 0.23, 0.18], [0.11, 0.21, 0.18, 0.07, 0.12, 0.14, 0.14]]",0.13,0.18,159,"[0.85, 0.02, 0.03, 0.1]","[[0, 1, 2, 12, 13, 20, 21, 28], [0, 4, 3, 11, 14, 19, 22, 27], [0, 5, 6, 10, 15, 18, 23, 26], [0, 7, 8, 9, 16, 17, 24, 25]]",0.072
3171,0.0,4,"[[0.04, 0.14, 0.09, 0.06, 0.18, 0.1, 0.07], [0.09, 0.13, 0.01, 0.23, 0.07, 0.19, 0.05], [0.08, 0.2, 0.08, 0.21, 0.07, 0.04, 0.22], [0.12, 0.1, 0.09, 0.18, 0.18, 0.04, 0.15]]",0.13,0.18,159,"[0.05, 0.03, 0.07, 0.85]","[[0, 0, 0, 0, 10, 11, 0, 0], [0, 0, 0, 0, 12, 13, 0, 0], [0, 0, 0, 0, 8, 9, 0, 0], [0, 1, 2, 3, 4, 5, 6, 7]]",0.072
3172,0.0,3,"[[0.18, 0.08, 0.14, 0.2, 0.12, 0.1, 0.1], [0.1, 0.05, 0.2, 0.13, 0.11, 0.09, 0.04], [0.15, 0.11, 0.22, 0.09, 0.14, 0.12, 0.12], [0.17, 0.01, 0.14, 0.05, 0.14, 0.07, 0.08]]",0.13,0.22,159,"[0.3, 0.22, 0.27, 0.21]","[[0, 1, 8, 9, 16, 17, 24, 25], [0, 2, 7, 10, 15, 18, 23, 26], [0, 3, 6, 11, 14, 19, 22, 27], [0, 4, 5, 12, 13, 20, 21, 28]]",0.072
3173,0.0,5,"[[0.07, 0.07, 0.17, 0.05, 0.08, 0.18, 0.15], [0.19, 0.17, 0.06, 0.13, 0.2, 0.13, 0.2], [0.08, 0.18, 0.04, 0.21, 0.15, 0.15, 0.18], [0.06, 0.08, 0.09, 0.02, 0.12, 0.19, 0.09]]",0.13,0.2,159,"[0.31, 0.27, 0.19, 0.23]","[[0, 3, 7, 12, 13, 24, 23, 25], [0, 4, 6, 11, 14, 18, 22, 26], [0, 2, 5, 10, 15, 17, 21, 27], [0, 1, 8, 9, 16, 19, 20, 28]]",0.072
3174,0.0,5,"[[0.01, 0.19, 0.1, 0.03, 0.13, 0.15, 0.13], [0.17, 0.18, 0.07, 0.17, 0.17, 0.12, 0.12], [0.11, 0.17, 0.18, 0.22, 0.08, 0.06, 0.07], [0.12, 0.02, 0.07, 0.16, 0.17, 0.14, 0.04]]",0.13,0.13,159,"[0.3, 0.29, 0.13, 0.28]","[[0, 3, 4, 9, 10, 15, 16, 21], [0, 2, 5, 8, 11, 14, 17, 20], [0, 23, 0, 0, 0, 22, 0, 0], [0, 1, 6, 7, 12, 13, 18, 19]]",0.072
3175,0.0,2,"[[0.15, 0.08, 0.15, 0.12, 0.15, 0.08, 0.22], [0.12, 0.2, 0.22, 0.16, 0.25, 0.12, 0.11], [0.19, 0.22, 0.15, 0.08, 0.12, 0.14, 0.2], [0.21, 0.16, 0.09, 0.16, 0.22, 0.15, 0.19]]",0.13,0.08,159,"[0.05, 0.07, 0.86, 0.02]","[[0, 0, 15, 0, 0, 0, 0, 0], [0, 9, 8, 10, 11, 12, 13, 14], [0, 1, 2, 3, 4, 5, 6, 7], [0, 0, 0, 0, 0, 0, 0, 0]]",0.072
3176,0.0,7,"[[0.16, 0.21, 0.19, 0.12, 0.21, 0.05, 0.2], [0.14, 0.1, 0.04, 0.07, 0.08, 0.16, 0.22], [0.03, 0.17, 0.22, 0.13, 0.04, 0.22, 0.12], [0.16, 0.14, 0.16, 0.16, 0.18, 0.13, 0.14]]",0.13,0.2,159,"[0.06, 0.89, 0.04, 0.01]","[[0, 0, 0, 0, 0, 0, 9, 8], [0, 1, 2, 3, 4, 5, 6, 7], [0, 0, 0, 0, 0, 0, 0, 0], [0, 0, 0, 0, 0, 0, 0, 0]]",0.072
3177,0.0,1,"[[0.08, 0.08, 0.03, 0.08, 0.06, 0.11, 0.11], [0.21, 0.12, 0.16, 0.16, 0.17, 0.12, 0.08], [0.24, 0.22, 0.1, 0.12, 0.06, 0.2, 0.05], [0.13, 0.19, 0.1, 0.18, 0.14, 0.09, 0.16]]",0.13,0.13,159,"[0.12, 0.34, 0.21, 0.33]","[[0, 0, 0, 0, 0, 0, 0, 0], [0, 1, 2, 3, 4, 5, 6, 7], [0, 10, 11, 13, 14, 17, 19, 20], [0, 8, 9, 12, 15, 16, 18, 21]]",0.072
3178,0.0,2,"[[0.12, 0.13, 0.12, 0.14, 0.05, 0.1, 0.25], [0.16, 0.2, 0.2, 0.14, 0.09, 0.17, 0.09], [0.11, 0.12, 0.11, 0.11, 0.08, 0.05, 0.17], [0.19, 0.2, 0.07, 0.21, 0.07, 0.13, 0.2]]",0.13,0.12,159,"[0.17, 0.35, 0.31, 0.17]","[[0, 13, 12, 14, 0, 0, 0, 0], [0, 1, 2, 3, 4, 5, 6, 7], [0, 9, 10, 15, 0, 0, 0, 0], [0, 8, 11, 16, 0, 0, 0, 0]]",0.072
3179,0.0,5,"[[0.05, 0.08, 0.17, 0.15, 0.22, 0.07, 0.07], [0.06, 0.1, 0.12, 0.11, 0.19, 0.16, 0.05], [0.19, 0.16, 0.13, 0.06, 0.18, 0.04, 0.24], [0.15, 0.24, 0.11, 0.13, 0.14, 0.03, 0.01]]",0.13,0.22,159,"[0.86, 0.01, 0.05, 0.08]","[[0, 1, 2, 3, 4, 5, 6, 7], [0, 0, 0, 0, 9, 11, 0, 0], [0, 0, 0, 0, 10, 13, 0, 0], [0, 0, 0, 0, 8, 12, 0, 0]]",0.072
3180,0.0,5,"[[8.47, 2.82, 7.33, 4.03, 7.07, 2.75, 1.54], [4.68, 3.16, 0.97, 1.44, 5.2, 6.65, 9.25], [8.41, 7.04, 1.31, 3.23, 7.09, 7.67, 1.55], [6.28, 2.99, 4.33, 1.28, 9.25, 6.99, 2.35]]",5.0,9.25,160,"[0.01, 0.01, 0.01, 0.97]","[[0, 1, 8, 9, 16, 17, 24, 25], [0, 2, 7, 10, 15, 18, 23, 26], [0, 3, 6, 11, 14, 19, 21, 27], [0, 4, 5, 12, 13, 20, 22, 28]]",2.994
3181,0.0,2,"[[5.63, 2.91, 6.84, 6.5, 2.65, 5.91, 4.09], [5.16, 0.83, 2.41, 5.99, 6.15, 3.67, 6.12], [5.67, 9.08, 3.93, 7.57, 5.62, 2.51, 2.61], [4.59, 1.2, 4.42, 1.16, 8.17, 8.27, 1.11]]",5.0,9.08,160,"[0.14, 0.34, 0.35, 0.17]","[[0, 1, 8, 9, 16, 17, 24, 25], [0, 2, 7, 11, 15, 18, 23, 26], [0, 3, 6, 10, 14, 19, 22, 27], [0, 4, 5, 12, 13, 20, 21, 28]]",2.994
3182,0.0,4,"[[6.2, 4.19, 3.44, 8.27, 6.51, 4.65, 4.01], [2.89, 4.13, 4.82, 8.89, 9.25, 0.96, 6.04], [8.8, 2.84, 4.5, 4.81, 3.19, 0.46, 7.31], [5.12, 1.87, 1.91, 7.0, 2.08, 5.06, 2.86]]",5.0,7.0,160,"[0.15, 0.21, 0.3, 0.34]","[[0, 0, 0, 0, 0, 0, 0, 0], [0, 0, 0, 0, 0, 0, 0, 0], [0, 3, 4, 5, 8, 9, 12, 13], [0, 1, 2, 6, 7, 10, 11, 14]]",2.994
3183,0.0,1,"[[1.32, 1.79, 4.74, 6.52, 9.55, 1.49, 3.36], [2.67, 2.3, 3.39, 7.85, 3.89, 7.4, 8.55], [4.18, 0.46, 4.32, 2.27, 3.18, 8.62, 2.94], [6.02, 2.09, 4.16, 3.95, 2.34, 3.36, 2.27]]",5.0,6.02,160,"[0.16, 0.11, 0.34, 0.39]","[[0, 0, 0, 0, 0, 0, 0, 0], [0, 0, 0, 0, 0, 0, 0, 0], [0, 14, 13, 12, 11, 10, 9, 8], [0, 1, 2, 3, 4, 5, 6, 7]]",2.994
3184,0.0,2,"[[5.97, 8.23, 1.24, 7.62, 4.62, 4.29, 5.98], [8.29, 4.65, 5.55, 1.01, 2.98, 8.74, 8.92], [1.93, 2.81, 4.79, 6.01, 7.29, 6.55, 4.48], [9.09, 1.98, 6.38, 4.5, 3.08, 5.26, 4.47]]",5.0,8.23,160,"[0.86, 0.01, 0.12, 0.01]","[[0, 1, 2, 3, 4, 5, 6, 7], [0, 0, 0, 0, 0, 0, 0, 0], [0, 8, 9, 10, 11, 0, 0, 0], [0, 0, 0, 0, 0, 0, 0, 0]]",2.994
3185,0.0,4,"[[6.38, 4.4, 2.78, 4.02, 3.28, 4.56, 6.79], [6.89, 5.4, 5.87, 9.63, 0.42, 4.93, 4.29], [2.96, 2.23, 8.29, 4.74, 3.72, 2.39, 0.86], [5.36, 5.18, 6.28, 1.08, 2.81, 5.95, 9.65]]",5.0,9.63,160,"[0.2, 0.38, 0.3, 0.12]","[[0, 0, 0, 0, 8, 0, 0, 0], [0, 1, 2, 3, 4, 5, 6, 7], [0, 11, 12, 13, 9, 14, 15, 16], [0, 0, 0, 0, 10, 0, 0, 0]]",2.994
3186,0.0,6,"[[3.95, 8.96, 8.28, 6.18, 7.02, 4.65, 4.21], [7.39, 4.82, 4.44, 1.73, 7.35, 9.66, 2.04], [6.67, 2.62, 2.43, 7.24, 6.32, 7.33, 5.82], [4.75, 4.96, 2.68, 1.71, 6.22, 1.58, 9.11]]",5.0,9.66,160,"[0.25, 0.24, 0.28, 0.23]","[[0, 0, 0, 0, 0, 0, 0, 0], [0, 0, 0, 0, 0, 0, 0, 0], [0, 1, 3, 2, 4, 5, 6, 7], [0, 0, 0, 0, 0, 0, 0, 0]]",2.994
3187,0.0,1,"[[7.32, 4.38, 4.99, 7.76, 5.0, 5.94, 2.36], [8.4, 3.61, 8.45, 4.23, 7.02, 4.36, 9.23], [1.69, 3.23, 3.54, 3.86, 3.72, 2.06, 0.61], [7.94, 7.02, 6.73, 4.28, 8.5, 0.13, 2.63]]",5.0,7.32,160,"[0.85, 0.03, 0.11, 0.01]","[[0, 1, 2, 3, 4, 6, 5, 7], [0, 0, 0, 0, 0, 0, 0, 0], [0, 0, 0, 0, 0, 0, 0, 0], [0, 0, 0, 0, 0, 0, 0, 0]]",2.994
3188,0.0,1,"[[2.54, 7.44, 2.24, 4.32, 2.76, 9.01, 8.48], [1.82, 8.34, 6.23, 3.89, 6.94, 3.11, 6.18], [7.6, 3.71, 5.31, 9.83, 1.09, 3.87, 7.81], [7.76, 7.0, 2.77, 7.48, 3.83, 0.31, 3.13]]",5.0,7.76,160,"[0.04, 0.07, 0.03, 0.86]","[[0, 0, 0, 0, 0, 0, 0, 0], [0, 0, 0, 0, 0, 0, 0, 0], [0, 0, 0, 0, 0, 0, 0, 0], [0, 1, 2, 3, 4, 5, 6, 7]]",2.994
3189,0.0,1,"[[3.54, 3.18, 6.26, 3.39, 3.52, 5.47, 1.42], [3.13, 1.91, 7.14, 3.81, 4.58, 6.9, 8.39], [7.48, 1.27, 5.41, 7.63, 6.12, 1.81, 6.34], [6.09, 3.7, 4.25, 4.91, 0.8, 7.46, 7.59]]",5.0,7.48,160,"[0.04, 0.07, 0.88, 0.01]","[[0, 0, 0, 0, 0, 0, 0, 0], [0, 0, 0, 0, 0, 0, 0, 0], [0, 1, 2, 3, 4, 5, 6, 7], [0, 0, 0, 0, 0, 0, 0, 0]]",2.994
3190,0.0,7,"[[0.16, 0.21, 0.19, 0.12, 0.21, 0.05, 0.2], [0.14, 0.1, 0.04, 0.07, 0.08, 0.16, 0.22], [0.03, 0.17, 0.22, 0.13, 0.04, 0.22, 0.12], [0.16, 0.14, 0.16, 0.16, 0.18, 0.13, 0.14]]",0.13,0.22,160,"[0.06, 0.89, 0.04, 0.01]","[[0, 0, 0, 0, 0, 0, 0, 0], [0, 1, 2, 3, 4, 5, 6, 7], [0, 0, 0, 0, 0, 0, 0, 0], [0, 0, 0, 0, 0, 0, 0, 0]]",0.072
3191,0.0,4,"[[0.02, 0.18, 0.09, 0.13, 0.07, 0.12, 0.08], [0.15, 0.12, 0.24, 0.14, 0.1, 0.01, 0.14], [0.2, 0.14, 0.24, 0.13, 0.22, 0.23, 0.18], [0.11, 0.21, 0.18, 0.07, 0.12, 0.14, 0.14]]",0.13,0.13,160,"[0.85, 0.02, 0.03, 0.1]","[[0, 1, 2, 3, 4, 5, 6, 7], [0, 0, 0, 0, 0, 0, 0, 0], [0, 0, 0, 0, 0, 0, 0, 0], [0, 0, 0, 0, 0, 0, 0, 0]]",0.072
3192,0.0,5,"[[0.11, 0.22, 0.08, 0.2, 0.14, 0.03, 0.13], [0.17, 0.02, 0.02, 0.09, 0.21, 0.16, 0.15], [0.09, 0.18, 0.16, 0.17, 0.05, 0.09, 0.1], [0.18, 0.05, 0.09, 0.19, 0.24, 0.18, 0.12]]",0.13,0.14,160,"[0.33, 0.18, 0.11, 0.38]","[[0, 0, 0, 0, 0, 0, 0, 0], [0, 0, 0, 0, 0, 0, 0, 0], [0, 0, 0, 0, 0, 0, 0, 0], [0, 1, 2, 3, 4, 5, 6, 7]]",0.072
3193,0.0,5,"[[0.19, 0.09, 0.13, 0.2, 0.03, 0.17, 0.2], [0.08, 0.14, 0.18, 0.15, 0.19, 0.11, 0.07], [0.15, 0.06, 0.07, 0.11, 0.19, 0.02, 0.14], [0.12, 0.04, 0.06, 0.04, 0.06, 0.19, 0.09]]",0.13,0.19,160,"[0.02, 0.85, 0.05, 0.08]","[[0, 0, 0, 0, 0, 0, 0, 0], [0, 1, 2, 3, 4, 5, 6, 7], [0, 0, 0, 0, 0, 0, 0, 0], [0, 0, 0, 0, 0, 0, 0, 0]]",0.072
3194,0.0,3,"[[0.12, 0.04, 0.15, 0.03, 0.12, 0.21, 0.16], [0.15, 0.15, 0.1, 0.11, 0.22, 0.11, 0.06], [0.06, 0.07, 0.19, 0.11, 0.05, 0.07, 0.16], [0.05, 0.12, 0.14, 0.09, 0.12, 0.13, 0.02]]",0.13,0.19,160,"[0.04, 0.05, 0.89, 0.02]","[[0, 0, 0, 0, 0, 0, 0, 0], [0, 0, 0, 0, 0, 0, 0, 0], [0, 1, 2, 3, 4, 5, 6, 7], [0, 0, 0, 0, 0, 0, 0, 0]]",0.072
3195,0.0,7,"[[0.17, 0.04, 0.18, 0.09, 0.04, 0.16, 0.22], [0.22, 0.14, 0.04, 0.11, 0.04, 0.23, 0.13], [0.09, 0.1, 0.01, 0.06, 0.15, 0.17, 0.05], [0.04, 0.06, 0.1, 0.03, 0.1, 0.03, 0.15]]",0.13,0.13,160,"[0.35, 0.15, 0.13, 0.37]","[[0, 8, 9, 10, 11, 12, 13, 14], [0, 0, 0, 0, 0, 0, 0, 0], [0, 0, 0, 0, 0, 0, 0, 0], [0, 1, 2, 3, 4, 5, 6, 7]]",0.072
3196,0.0,3,"[[0.14, 0.07, 0.05, 0.18, 0.03, 0.01, 0.18], [0.19, 0.23, 0.07, 0.1, 0.08, 0.19, 0.2], [0.17, 0.24, 0.03, 0.21, 0.19, 0.07, 0.21], [0.14, 0.09, 0.21, 0.08, 0.19, 0.05, 0.09]]",0.13,0.03,160,"[0.15, 0.26, 0.26, 0.33]","[[0, 10, 11, 16, 17, 22, 23, 28], [0, 9, 12, 15, 18, 21, 24, 27], [0, 8, 14, 13, 19, 20, 25, 26], [0, 1, 2, 3, 4, 5, 6, 7]]",0.072
3197,0.0,2,"[[0.07, 0.16, 0.11, 0.2, 0.2, 0.19, 0.16], [0.15, 0.22, 0.24, 0.17, 0.18, 0.12, 0.12], [0.11, 0.16, 0.11, 0.12, 0.21, 0.06, 0.16], [0.17, 0.22, 0.15, 0.11, 0.24, 0.11, 0.17]]",0.13,0.22,160,"[0.09, 0.03, 0.01, 0.87]","[[0, 0, 0, 0, 0, 0, 0, 0], [0, 0, 0, 0, 0, 0, 0, 0], [0, 0, 0, 0, 0, 0, 0, 0], [0, 1, 2, 3, 4, 5, 6, 7]]",0.072
3198,0.0,7,"[[0.11, 0.17, 0.16, 0.1, 0.16, 0.08, 0.16], [0.14, 0.11, 0.1, 0.17, 0.15, 0.09, 0.15], [0.18, 0.13, 0.06, 0.09, 0.04, 0.12, 0.18], [0.24, 0.17, 0.23, 0.17, 0.08, 0.13, 0.06]]",0.13,0.16,160,"[0.26, 0.27, 0.3, 0.17]","[[0, 4, 5, 9, 10, 15, 16, 21], [0, 3, 6, 8, 11, 14, 17, 20], [0, 1, 2, 7, 12, 13, 18, 19], [0, 0, 0, 0, 0, 0, 0, 0]]",0.072
3199,0.0,7,"[[0.21, 0.18, 0.18, 0.07, 0.17, 0.09, 0.08], [0.07, 0.09, 0.01, 0.16, 0.02, 0.06, 0.25], [0.21, 0.16, 0.24, 0.08, 0.24, 0.16, 0.09], [0.17, 0.08, 0.18, 0.24, 0.11, 0.09, 0.22]]",0.13,0.08,160,"[0.21, 0.27, 0.2, 0.32]","[[0, 0, 0, 0, 0, 0, 0, 0], [0, 0, 0, 0, 0, 0, 0, 0], [0, 0, 0, 0, 0, 0, 0, 0], [0, 1, 2, 3, 4, 5, 6, 7]]",0.072
3200,0.0,3,"[[0.19, 0.12, 0.08, 0.18, 0.08, 0.2, 0.22], [0.05, 0.04, 0.19, 0.18, 0.18, 0.05, 0.1], [0.21, 0.13, 0.15, 0.13, 0.16, 0.15, 0.08], [0.19, 0.06, 0.09, 0.07, 0.04, 0.2, 0.08]]",0.13,0.19,161,"[0.16, 0.28, 0.23, 0.33]","[[0, 1, 9, 8, 10, 11, 12, 13], [0, 2, 7, 19, 16, 15, 14, 27], [0, 3, 5, 17, 20, 23, 24, 26], [0, 4, 6, 18, 21, 22, 25, 28]]",0.072
3201,0.0,1,"[[0.15, 0.06, 0.09, 0.11, 0.16, 0.04, 0.14], [0.13, 0.19, 0.06, 0.21, 0.14, 0.09, 0.14], [0.16, 0.13, 0.11, 0.14, 0.1, 0.12, 0.12], [0.2, 0.09, 0.2, 0.06, 0.12, 0.09, 0.16]]",0.13,0.15,161,"[0.08, 0.04, 0.87, 0.01]","[[0, 1, 8, 9, 12, 20, 21, 27], [0, 2, 7, 14, 13, 19, 22, 26], [0, 3, 4, 10, 15, 18, 23, 25], [0, 6, 5, 11, 16, 17, 28, 24]]",0.072
3202,0.0,2,"[[0.07, 0.16, 0.11, 0.2, 0.2, 0.19, 0.16], [0.15, 0.22, 0.24, 0.17, 0.18, 0.12, 0.12], [0.11, 0.16, 0.11, 0.12, 0.21, 0.06, 0.16], [0.17, 0.22, 0.15, 0.11, 0.24, 0.11, 0.17]]",0.13,0.22,161,"[0.09, 0.03, 0.01, 0.87]","[[0, 1, 7, 12, 13, 20, 21, 22], [0, 2, 6, 9, 14, 19, 23, 26], [0, 3, 10, 11, 15, 18, 24, 25], [0, 4, 5, 8, 17, 16, 28, 27]]",0.072
3203,0.0,2,"[[0.06, 0.22, 0.11, 0.12, 0.13, 0.09, 0.18], [0.2, 0.17, 0.05, 0.09, 0.17, 0.16, 0.24], [0.14, 0.03, 0.23, 0.14, 0.04, 0.13, 0.18], [0.16, 0.1, 0.17, 0.16, 0.14, 0.04, 0.05]]",0.13,0.22,161,"[0.87, 0.02, 0.1, 0.01]","[[0, 1, 2, 4, 3, 5, 6, 7], [0, 25, 28, 18, 21, 14, 13, 8], [0, 26, 24, 20, 19, 15, 12, 9], [0, 27, 23, 22, 17, 16, 10, 11]]",0.072
3204,0.0,2,"[[0.14, 0.16, 0.16, 0.21, 0.14, 0.04, 0.08], [0.06, 0.2, 0.17, 0.04, 0.15, 0.07, 0.15], [0.13, 0.19, 0.14, 0.02, 0.08, 0.23, 0.1], [0.15, 0.03, 0.13, 0.07, 0.13, 0.07, 0.19]]",0.13,0.03,161,"[0.26, 0.28, 0.24, 0.22]","[[0, 1, 6, 9, 13, 28, 27, 26], [0, 2, 7, 12, 14, 23, 24, 25], [0, 3, 8, 10, 15, 22, 21, 20], [0, 4, 5, 11, 16, 17, 18, 19]]",0.072
3205,0.0,1,"[[0.07, 0.07, 0.17, 0.05, 0.08, 0.18, 0.15], [0.19, 0.17, 0.06, 0.13, 0.2, 0.13, 0.2], [0.08, 0.18, 0.04, 0.21, 0.15, 0.15, 0.18], [0.06, 0.08, 0.09, 0.02, 0.12, 0.19, 0.09]]",0.13,0.07,161,"[0.31, 0.27, 0.19, 0.23]","[[0, 1, 10, 8, 16, 17, 24, 25], [0, 2, 7, 9, 15, 18, 23, 26], [0, 3, 6, 12, 14, 19, 22, 28], [0, 5, 4, 11, 13, 21, 20, 27]]",0.072
3206,0.0,2,"[[0.02, 0.1, 0.05, 0.19, 0.09, 0.05, 0.06], [0.03, 0.12, 0.22, 0.08, 0.02, 0.07, 0.12], [0.18, 0.19, 0.1, 0.18, 0.18, 0.13, 0.15], [0.08, 0.17, 0.23, 0.11, 0.13, 0.16, 0.07]]",0.13,0.17,161,"[0.06, 0.06, 0.03, 0.85]","[[0, 1, 28, 25, 24, 21, 19, 18], [0, 2, 27, 26, 23, 22, 20, 17], [0, 3, 11, 12, 14, 13, 15, 16], [0, 10, 4, 5, 7, 6, 8, 9]]",0.072
3207,0.0,1,"[[0.11, 0.17, 0.16, 0.1, 0.16, 0.08, 0.16], [0.14, 0.11, 0.1, 0.17, 0.15, 0.09, 0.15], [0.18, 0.13, 0.06, 0.09, 0.04, 0.12, 0.18], [0.24, 0.17, 0.23, 0.17, 0.08, 0.13, 0.06]]",0.13,0.14,161,"[0.26, 0.27, 0.3, 0.17]","[[0, 1, 6, 17, 22, 23, 28, 16], [0, 2, 7, 18, 21, 24, 27, 15], [0, 3, 5, 19, 20, 25, 26, 14], [0, 8, 4, 9, 10, 11, 12, 13]]",0.072
3208,0.0,5,"[[0.11, 0.22, 0.08, 0.2, 0.14, 0.03, 0.13], [0.17, 0.02, 0.02, 0.09, 0.21, 0.16, 0.15], [0.09, 0.18, 0.16, 0.17, 0.05, 0.09, 0.1], [0.18, 0.05, 0.09, 0.19, 0.24, 0.18, 0.12]]",0.13,0.24,161,"[0.33, 0.18, 0.11, 0.38]","[[0, 1, 2, 5, 3, 4, 6, 7], [0, 15, 20, 21, 14, 28, 13, 8], [0, 16, 19, 22, 25, 27, 12, 9], [0, 17, 18, 23, 24, 26, 11, 10]]",0.072
3209,0.0,1,"[[0.06, 0.1, 0.22, 0.17, 0.09, 0.03, 0.08], [0.24, 0.07, 0.1, 0.11, 0.11, 0.15, 0.16], [0.04, 0.05, 0.2, 0.13, 0.03, 0.1, 0.19], [0.2, 0.09, 0.17, 0.15, 0.2, 0.1, 0.15]]",0.13,0.2,161,"[0.01, 0.1, 0.04, 0.85]","[[0, 1, 8, 9, 15, 21, 0, 0], [0, 2, 7, 10, 16, 22, 0, 0], [0, 3, 6, 11, 14, 20, 0, 0], [0, 4, 5, 12, 13, 19, 17, 18]]",0.072
3210,0.0,1,"[[5.93, 4.61, 6.44, 6.58, 0.77, 6.66, 0.58], [1.24, 4.91, 5.63, 0.45, 3.38, 4.94, 3.12], [7.83, 1.4, 2.04, 7.87, 6.09, 6.31, 5.4], [6.34, 6.33, 4.75, 6.81, 8.3, 6.3, 9.27]]",5.0,7.83,161,"[0.01, 0.1, 0.87, 0.02]","[[0, 1, 25, 27, 23, 21, 19, 18], [0, 2, 26, 24, 22, 20, 28, 17], [0, 3, 4, 5, 6, 7, 8, 9], [0, 10, 11, 13, 12, 14, 15, 16]]",2.994
3211,0.0,5,"[[8.47, 2.82, 7.33, 4.03, 7.07, 2.75, 1.54], [4.68, 3.16, 0.97, 1.44, 5.2, 6.65, 9.25], [8.41, 7.04, 1.31, 3.23, 7.09, 7.67, 1.55], [6.28, 2.99, 4.33, 1.28, 9.25, 6.99, 2.35]]",5.0,9.25,161,"[0.01, 0.01, 0.01, 0.97]","[[0, 0, 0, 0, 0, 10, 0, 0], [0, 0, 0, 0, 0, 9, 0, 0], [0, 0, 0, 0, 0, 8, 0, 0], [0, 1, 2, 3, 5, 4, 6, 7]]",2.994
3212,0.0,1,"[[8.02, 3.92, 3.11, 4.49, 4.13, 7.86, 3.71], [5.5, 3.12, 4.78, 4.63, 5.83, 9.55, 5.01], [6.87, 6.07, 1.32, 5.58, 8.22, 5.74, 5.54], [4.62, 3.36, 5.75, 5.59, 2.34, 1.7, 6.64]]",5.0,6.87,161,"[0.25, 0.27, 0.24, 0.24]","[[0, 5, 4, 12, 13, 18, 22, 28], [0, 3, 6, 11, 14, 19, 23, 27], [0, 2, 8, 10, 15, 17, 24, 26], [0, 1, 7, 9, 16, 20, 21, 25]]",2.994
3213,0.0,5,"[[3.95, 8.96, 8.28, 6.18, 7.02, 4.65, 4.21], [7.39, 4.82, 4.44, 1.73, 7.35, 9.66, 2.04], [6.67, 2.62, 2.43, 7.24, 6.32, 7.33, 5.82], [4.75, 4.96, 2.68, 1.71, 6.22, 1.58, 9.11]]",5.0,6.32,161,"[0.25, 0.24, 0.28, 0.23]","[[0, 1, 6, 9, 15, 17, 28, 27], [0, 2, 7, 10, 14, 18, 25, 26], [0, 3, 8, 11, 13, 19, 24, 23], [0, 4, 5, 16, 12, 20, 21, 22]]",2.994
3214,0.0,7,"[[5.71, 4.0, 7.87, 3.26, 8.95, 9.97, 6.35], [4.81, 5.73, 5.74, 5.66, 5.51, 4.81, 7.59], [6.14, 5.62, 3.6, 6.94, 3.42, 3.6, 6.26], [1.09, 4.7, 1.56, 4.05, 2.65, 4.29, 5.33]]",5.0,5.33,161,"[0.02, 0.08, 0.03, 0.87]","[[0, 1, 19, 0, 0, 0, 16, 13], [0, 2, 18, 0, 0, 0, 15, 12], [0, 3, 17, 0, 0, 0, 14, 11], [0, 5, 4, 6, 7, 9, 8, 10]]",2.994
3215,0.0,1,"[[7.74, 3.22, 6.43, 3.71, 7.81, 4.87, 5.0], [6.79, 7.24, 2.38, 4.86, 3.87, 6.17, 4.92], [3.15, 9.58, 2.44, 5.2, 8.45, 2.58, 2.29], [4.2, 1.81, 5.9, 9.47, 8.69, 2.45, 6.94]]",5.0,4.2,161,"[0.15, 0.38, 0.14, 0.33]","[[0, 1, 8, 9, 15, 20, 21, 28], [0, 2, 7, 10, 16, 17, 22, 27], [0, 3, 6, 13, 12, 18, 23, 26], [0, 4, 5, 11, 14, 19, 25, 24]]",2.994
3216,0.0,1,"[[7.17, 3.46, 5.58, 3.93, 3.7, 2.49, 5.53], [9.77, 5.93, 5.47, 2.25, 8.04, 7.17, 0.39], [7.48, 1.53, 5.91, 7.74, 1.59, 6.73, 3.86], [5.1, 6.8, 2.11, 7.09, 7.57, 6.62, 8.34]]",5.0,7.17,161,"[0.88, 0.05, 0.05, 0.02]","[[0, 1, 8, 10, 9, 12, 11, 13], [0, 2, 7, 0, 0, 0, 0, 0], [0, 3, 6, 0, 0, 0, 0, 0], [0, 4, 5, 0, 0, 0, 0, 0]]",2.994
3217,0.0,2,"[[0.72, 5.25, 9.97, 4.85, 8.58, 2.57, 9.15], [5.48, 9.36, 2.36, 9.25, 3.72, 4.76, 6.74], [7.14, 7.36, 2.91, 4.13, 7.03, 8.48, 0.38], [5.84, 6.37, 7.56, 3.71, 4.02, 2.93, 0.09]]",5.0,9.36,161,"[0.03, 0.85, 0.06, 0.06]","[[0, 1, 9, 0, 12, 0, 0, 0], [0, 2, 3, 4, 5, 6, 7, 8], [0, 0, 10, 0, 13, 0, 0, 0], [0, 0, 11, 0, 14, 0, 0, 0]]",2.994
3218,0.0,6,"[[3.55, 2.94, 0.08, 3.13, 2.15, 9.59, 4.77], [4.35, 5.83, 1.82, 2.79, 3.6, 4.35, 6.66], [4.91, 4.62, 9.06, 2.02, 4.04, 2.21, 7.62], [0.78, 5.9, 1.77, 4.45, 7.63, 4.39, 2.86]]",5.0,2.21,161,"[0.34, 0.11, 0.27, 0.28]","[[0, 1, 8, 9, 23, 27, 22, 28], [0, 2, 7, 10, 24, 25, 26, 21], [0, 3, 6, 11, 14, 15, 18, 20], [0, 5, 4, 13, 12, 16, 17, 19]]",2.994
3219,0.0,3,"[[1.89, 1.68, 4.82, 0.64, 6.72, 5.82, 3.47], [2.81, 5.64, 4.93, 5.88, 1.19, 6.58, 2.91], [6.88, 4.96, 4.06, 5.77, 1.03, 4.24, 5.62], [0.22, 1.89, 4.63, 5.2, 4.1, 3.36, 6.44]]",5.0,4.93,161,"[0.25, 0.26, 0.31, 0.18]","[[0, 1, 7, 8, 15, 25, 28, 24], [0, 2, 11, 9, 14, 26, 27, 23], [0, 3, 6, 10, 13, 17, 21, 22], [0, 4, 5, 16, 12, 18, 20, 19]]",2.994
3220,0.0,1,"[[0.12, 0.13, 0.12, 0.14, 0.05, 0.1, 0.25], [0.16, 0.2, 0.2, 0.14, 0.09, 0.17, 0.09], [0.11, 0.12, 0.11, 0.11, 0.08, 0.05, 0.17], [0.19, 0.2, 0.07, 0.21, 0.07, 0.13, 0.2]]",0.13,0.12,162,"[0.17, 0.35, 0.31, 0.17]","[[0, 0, 0, 0, 0, 0, 0, 0], [0, 1, 2, 3, 4, 5, 6, 7], [0, 14, 13, 12, 11, 10, 9, 8], [0, 15, 0, 0, 0, 0, 0, 0]]",0.072
3221,0.0,7,"[[0.19, 0.11, 0.24, 0.23, 0.21, 0.14, 0.16], [0.12, 0.1, 0.02, 0.19, 0.1, 0.08, 0.14], [0.05, 0.21, 0.07, 0.2, 0.09, 0.02, 0.23], [0.09, 0.04, 0.09, 0.14, 0.18, 0.2, 0.23]]",0.13,0.23,162,"[0.03, 0.01, 0.92, 0.04]","[[0, 0, 0, 0, 0, 0, 0, 0], [0, 0, 0, 0, 0, 0, 0, 0], [0, 1, 2, 3, 4, 5, 6, 7], [0, 8, 9, 10, 11, 12, 13, 14]]",0.072
3222,0.0,5,"[[0.22, 0.12, 0.18, 0.2, 0.04, 0.04, 0.16], [0.19, 0.18, 0.17, 0.17, 0.18, 0.2, 0.15], [0.03, 0.13, 0.18, 0.12, 0.17, 0.16, 0.08], [0.21, 0.09, 0.16, 0.11, 0.25, 0.1, 0.16]]",0.13,0.17,162,"[0.34, 0.12, 0.22, 0.32]","[[0, 1, 2, 3, 4, 5, 6, 7], [0, 28, 27, 26, 25, 24, 23, 22], [0, 15, 16, 17, 18, 19, 20, 21], [0, 14, 13, 12, 11, 10, 9, 8]]",0.072
3223,0.0,3,"[[0.14, 0.12, 0.08, 0.02, 0.14, 0.19, 0.09], [0.2, 0.01, 0.13, 0.03, 0.11, 0.06, 0.23], [0.19, 0.12, 0.16, 0.15, 0.16, 0.07, 0.21], [0.09, 0.14, 0.24, 0.12, 0.1, 0.2, 0.16]]",0.13,0.08,162,"[0.36, 0.17, 0.12, 0.35]","[[0, 1, 2, 3, 4, 5, 6, 7], [0, 14, 13, 12, 11, 10, 9, 8], [0, 28, 27, 26, 25, 24, 23, 22], [0, 15, 16, 17, 18, 19, 20, 21]]",0.072
3224,0.0,2,"[[0.1, 0.22, 0.11, 0.07, 0.15, 0.15, 0.08], [0.22, 0.14, 0.05, 0.13, 0.2, 0.14, 0.2], [0.02, 0.25, 0.2, 0.08, 0.15, 0.02, 0.07], [0.11, 0.1, 0.17, 0.14, 0.2, 0.08, 0.11]]",0.13,0.22,162,"[0.87, 0.08, 0.02, 0.03]","[[0, 1, 2, 3, 4, 5, 6, 8], [0, 14, 13, 12, 11, 10, 9, 7], [0, 15, 16, 17, 18, 19, 20, 21], [0, 28, 27, 26, 25, 24, 23, 22]]",0.072
3225,0.0,5,"[[0.23, 0.06, 0.08, 0.13, 0.11, 0.05, 0.11], [0.17, 0.17, 0.17, 0.13, 0.09, 0.2, 0.07], [0.21, 0.11, 0.17, 0.05, 0.13, 0.11, 0.17], [0.16, 0.02, 0.2, 0.19, 0.23, 0.13, 0.13]]",0.13,0.11,162,"[0.24, 0.22, 0.21, 0.33]","[[0, 1, 28, 27, 26, 25, 24, 23], [0, 16, 17, 18, 19, 20, 21, 22], [0, 15, 14, 13, 12, 11, 10, 9], [0, 2, 3, 4, 5, 6, 7, 8]]",0.072
3226,0.0,7,"[[0.16, 0.21, 0.19, 0.12, 0.21, 0.05, 0.2], [0.14, 0.1, 0.04, 0.07, 0.08, 0.16, 0.22], [0.03, 0.17, 0.22, 0.13, 0.04, 0.22, 0.12], [0.16, 0.14, 0.16, 0.16, 0.18, 0.13, 0.14]]",0.13,0.22,162,"[0.06, 0.89, 0.04, 0.01]","[[0, 1, 3, 2, 14, 13, 12, 11], [0, 4, 5, 6, 7, 8, 9, 10], [0, 0, 0, 0, 22, 19, 18, 15], [0, 0, 0, 0, 21, 20, 17, 16]]",0.072
3227,0.0,3,"[[0.02, 0.1, 0.05, 0.19, 0.09, 0.05, 0.06], [0.03, 0.12, 0.22, 0.08, 0.02, 0.07, 0.12], [0.18, 0.19, 0.1, 0.18, 0.18, 0.13, 0.15], [0.08, 0.17, 0.23, 0.11, 0.13, 0.16, 0.07]]",0.13,0.23,162,"[0.06, 0.06, 0.03, 0.85]","[[0, 1, 2, 24, 25, 26, 0, 0], [0, 17, 18, 19, 20, 21, 22, 23], [0, 16, 15, 14, 13, 12, 11, 10], [0, 3, 4, 5, 6, 7, 8, 9]]",0.072
3228,0.0,7,"[[0.12, 0.17, 0.14, 0.13, 0.11, 0.07, 0.23], [0.21, 0.03, 0.18, 0.17, 0.22, 0.07, 0.12], [0.06, 0.15, 0.14, 0.1, 0.11, 0.15, 0.22], [0.13, 0.03, 0.18, 0.17, 0.07, 0.25, 0.1]]",0.13,0.22,162,"[0.39, 0.18, 0.15, 0.28]","[[0, 1, 2, 3, 4, 5, 6, 7], [0, 0, 0, 0, 0, 14, 13, 8], [0, 0, 0, 0, 17, 15, 12, 9], [0, 0, 0, 0, 0, 16, 11, 10]]",0.072
3229,0.0,1,"[[0.06, 0.1, 0.22, 0.17, 0.09, 0.03, 0.08], [0.24, 0.07, 0.1, 0.11, 0.11, 0.15, 0.16], [0.04, 0.05, 0.2, 0.13, 0.03, 0.1, 0.19], [0.2, 0.09, 0.17, 0.15, 0.2, 0.1, 0.15]]",0.13,0.2,162,"[0.01, 0.1, 0.04, 0.85]","[[0, 11, 12, 0, 0, 13, 0, 0], [0, 9, 15, 18, 19, 8, 20, 21], [0, 10, 16, 17, 0, 14, 0, 0], [0, 1, 2, 3, 4, 5, 6, 7]]",0.072
3230,0.0,5,"[[4.41, 7.98, 5.03, 0.94, 6.07, 7.96, 3.08], [7.18, 6.38, 1.11, 4.77, 7.21, 4.82, 4.9], [5.63, 7.2, 7.79, 1.19, 2.56, 6.05, 3.13], [2.67, 2.05, 5.91, 4.15, 9.55, 4.46, 9.22]]",5.0,9.55,162,"[0.04, 0.02, 0.05, 0.89]","[[0, 0, 0, 0, 0, 11, 0, 10], [0, 0, 0, 0, 0, 12, 0, 13], [0, 0, 0, 0, 0, 8, 0, 9], [0, 1, 2, 3, 4, 5, 6, 7]]",2.994
3231,0.0,1,"[[4.36, 8.7, 5.94, 4.41, 8.37, 5.83, 0.58], [9.58, 2.24, 8.49, 4.24, 4.63, 4.53, 5.29], [6.08, 4.31, 5.59, 3.3, 3.91, 4.21, 4.74], [9.25, 5.33, 1.67, 7.75, 5.64, 2.81, 3.02]]",5.0,4.36,162,"[0.31, 0.27, 0.14, 0.28]","[[0, 1, 2, 3, 4, 5, 6, 7], [0, 14, 13, 12, 11, 10, 9, 8], [0, 15, 16, 17, 18, 19, 20, 21], [0, 28, 27, 26, 25, 24, 23, 22]]",2.994
3232,0.0,4,"[[5.97, 8.23, 1.24, 7.62, 4.62, 4.29, 5.98], [8.29, 4.65, 5.55, 1.01, 2.98, 8.74, 8.92], [1.93, 2.81, 4.79, 6.01, 7.29, 6.55, 4.48], [9.09, 1.98, 6.38, 4.5, 3.08, 5.26, 4.47]]",5.0,7.62,162,"[0.86, 0.01, 0.12, 0.01]","[[0, 1, 2, 3, 4, 5, 6, 7], [0, 0, 0, 0, 16, 0, 0, 0], [0, 14, 8, 13, 9, 10, 11, 12], [0, 0, 0, 0, 15, 0, 0, 0]]",2.994
3233,0.0,5,"[[3.95, 8.96, 8.28, 6.18, 7.02, 4.65, 4.21], [7.39, 4.82, 4.44, 1.73, 7.35, 9.66, 2.04], [6.67, 2.62, 2.43, 7.24, 6.32, 7.33, 5.82], [4.75, 4.96, 2.68, 1.71, 6.22, 1.58, 9.11]]",5.0,7.02,162,"[0.25, 0.24, 0.28, 0.23]","[[0, 1, 2, 3, 4, 5, 6, 7], [0, 28, 27, 26, 25, 24, 23, 22], [0, 15, 17, 16, 18, 19, 20, 21], [0, 14, 13, 12, 11, 10, 9, 8]]",2.994
3234,0.0,6,"[[1.63, 4.7, 3.32, 2.64, 8.47, 3.24, 4.54], [8.67, 5.47, 1.74, 1.77, 1.06, 7.43, 3.25], [4.05, 4.33, 1.96, 6.68, 6.28, 9.52, 7.64], [3.95, 5.24, 1.85, 2.91, 0.64, 2.21, 1.85]]",5.0,7.43,162,"[0.05, 0.89, 0.05, 0.01]","[[0, 15, 16, 17, 14, 0, 13, 0], [0, 1, 2, 3, 4, 5, 6, 7], [0, 8, 9, 10, 11, 0, 12, 0], [0, 0, 0, 0, 0, 0, 18, 0]]",2.994
3235,0.0,5,"[[2.88, 2.6, 7.89, 4.77, 7.12, 4.23, 2.87], [3.29, 2.97, 3.82, 9.51, 9.45, 8.27, 5.42], [3.22, 3.81, 4.18, 2.52, 3.48, 3.16, 9.41], [1.89, 5.73, 6.1, 1.69, 4.58, 1.23, 3.5]]",5.0,4.58,162,"[0.2, 0.16, 0.26, 0.38]","[[0, 14, 13, 12, 11, 10, 9, 8], [0, 27, 28, 18, 20, 21, 24, 25], [0, 15, 16, 17, 19, 22, 23, 26], [0, 1, 2, 3, 4, 5, 6, 7]]",2.994
3236,0.0,7,"[[0.94, 9.58, 9.58, 1.68, 3.99, 3.26, 9.98], [7.2, 6.69, 3.6, 6.35, 1.28, 0.52, 9.84], [4.59, 4.33, 3.41, 2.69, 0.89, 3.28, 2.91], [7.61, 5.48, 8.81, 6.78, 0.6, 7.91, 3.87]]",5.0,9.84,162,"[0.01, 0.89, 0.08, 0.02]","[[0, 28, 27, 26, 25, 24, 23, 10], [0, 1, 2, 3, 4, 5, 6, 7], [0, 17, 18, 19, 20, 21, 22, 9], [0, 16, 15, 14, 13, 12, 11, 8]]",2.994
3237,0.0,6,"[[1.89, 1.68, 4.82, 0.64, 6.72, 5.82, 3.47], [2.81, 5.64, 4.93, 5.88, 1.19, 6.58, 2.91], [6.88, 4.96, 4.06, 5.77, 1.03, 4.24, 5.62], [0.22, 1.89, 4.63, 5.2, 4.1, 3.36, 6.44]]",5.0,4.24,162,"[0.25, 0.26, 0.31, 0.18]","[[0, 14, 13, 12, 11, 10, 9, 8], [0, 15, 16, 17, 18, 19, 20, 21], [0, 1, 2, 3, 4, 5, 6, 7], [0, 28, 27, 26, 25, 24, 23, 22]]",2.994
3238,0.0,5,"[[1.92, 6.77, 0.18, 0.58, 7.09, 4.34, 4.61], [2.63, 2.6, 4.89, 2.52, 8.42, 2.23, 4.37], [6.54, 7.27, 4.71, 3.86, 8.83, 4.81, 5.31], [5.47, 8.91, 3.37, 8.65, 6.85, 1.47, 5.12]]",5.0,6.85,162,"[0.31, 0.2, 0.17, 0.32]","[[0, 11, 10, 14, 17, 20, 25, 26], [0, 12, 9, 15, 18, 21, 24, 27], [0, 13, 8, 16, 19, 22, 23, 28], [0, 1, 2, 3, 4, 5, 6, 7]]",2.994
3239,0.0,1,"[[6.19, 1.85, 1.16, 4.28, 2.66, 3.25, 7.93], [4.16, 3.03, 5.34, 3.93, 5.82, 4.05, 2.14], [6.53, 8.89, 6.73, 7.28, 2.75, 0.6, 4.09], [4.95, 6.55, 6.81, 6.9, 1.07, 2.2, 5.26]]",5.0,4.16,162,"[0.03, 0.86, 0.04, 0.07]","[[0, 14, 13, 12, 11, 10, 9, 8], [0, 1, 2, 3, 4, 5, 6, 7], [0, 28, 27, 26, 25, 24, 23, 22], [0, 15, 16, 17, 18, 19, 20, 21]]",2.994
3240,0.01,7,"[[0.19, 0.11, 0.24, 0.23, 0.21, 0.14, 0.16], [0.12, 0.1, 0.02, 0.19, 0.1, 0.08, 0.14], [0.05, 0.21, 0.07, 0.2, 0.09, 0.02, 0.23], [0.09, 0.04, 0.09, 0.14, 0.18, 0.2, 0.23]]",0.13,0.23,163,"[0.03, 0.01, 0.92, 0.04]","[[0, 0, 0, 0, 0, 0, 0, 0], [0, 0, 0, 0, 0, 0, 0, 0], [0, 4, 5, 1, 6, 2, 0, 3], [0, 0, 0, 0, 0, 0, 0, 0]]",0.072
3241,0.01,7,"[[0.12, 0.17, 0.14, 0.13, 0.11, 0.07, 0.23], [0.21, 0.03, 0.18, 0.17, 0.22, 0.07, 0.12], [0.06, 0.15, 0.14, 0.1, 0.11, 0.15, 0.22], [0.13, 0.03, 0.18, 0.17, 0.07, 0.25, 0.1]]",0.13,0.1,163,"[0.39, 0.18, 0.15, 0.28]","[[0, 1, 0, 2, 0, 3, 0, 4], [0, 0, 0, 0, 0, 0, 0, 0], [0, 0, 0, 0, 0, 0, 0, 0], [0, 5, 6, 7, 0, 8, 0, 9]]",0.072
3242,0.01,4,"[[0.11, 0.18, 0.17, 0.05, 0.02, 0.11, 0.14], [0.16, 0.12, 0.11, 0.08, 0.11, 0.16, 0.08], [0.12, 0.16, 0.05, 0.23, 0.13, 0.08, 0.03], [0.17, 0.24, 0.1, 0.22, 0.06, 0.14, 0.05]]",0.13,0.23,163,"[0.01, 0.08, 0.86, 0.05]","[[0, 0, 0, 0, 0, 0, 0, 0], [0, 0, 0, 0, 0, 0, 0, 0], [0, 4, 0, 1, 5, 2, 0, 3], [0, 0, 0, 0, 0, 0, 0, 0]]",0.072
3243,0.01,7,"[[0.08, 0.23, 0.16, 0.14, 0.22, 0.12, 0.2], [0.17, 0.2, 0.03, 0.17, 0.21, 0.17, 0.07], [0.08, 0.2, 0.14, 0.22, 0.1, 0.13, 0.17], [0.07, 0.12, 0.01, 0.11, 0.05, 0.12, 0.17]]",0.13,0.2,163,"[0.86, 0.03, 0.04, 0.07]","[[0, 1, 0, 0, 3, 0, 0, 2], [0, 0, 0, 0, 0, 0, 0, 0], [0, 0, 0, 0, 0, 0, 0, 0], [0, 0, 0, 0, 0, 0, 0, 0]]",0.072
3244,0.01,4,"[[0.16, 0.14, 0.08, 0.14, 0.11, 0.13, 0.09], [0.19, 0.11, 0.19, 0.08, 0.11, 0.19, 0.13], [0.21, 0.23, 0.11, 0.11, 0.1, 0.18, 0.03], [0.04, 0.14, 0.12, 0.13, 0.05, 0.04, 0.05]]",0.13,0.14,163,"[0.31, 0.22, 0.18, 0.29]","[[0, 0, 0, 0, 1, 0, 0, 0], [0, 0, 0, 0, 4, 0, 0, 0], [0, 0, 0, 0, 2, 0, 0, 0], [0, 0, 0, 0, 3, 0, 0, 0]]",0.072
3245,0.01,3,"[[0.02, 0.1, 0.05, 0.19, 0.09, 0.05, 0.06], [0.03, 0.12, 0.22, 0.08, 0.02, 0.07, 0.12], [0.18, 0.19, 0.1, 0.18, 0.18, 0.13, 0.15], [0.08, 0.17, 0.23, 0.11, 0.13, 0.16, 0.07]]",0.13,0.23,163,"[0.06, 0.06, 0.03, 0.85]","[[0, 0, 0, 0, 0, 0, 0, 0], [0, 0, 0, 0, 0, 0, 0, 0], [0, 0, 0, 0, 0, 0, 0, 0], [0, 1, 0, 2, 0, 0, 0, 0]]",0.072
3246,0.01,3,"[[0.15, 0.2, 0.21, 0.14, 0.15, 0.21, 0.2], [0.1, 0.12, 0.15, 0.05, 0.19, 0.19, 0.19], [0.2, 0.18, 0.22, 0.07, 0.23, 0.17, 0.15], [0.25, 0.17, 0.14, 0.07, 0.06, 0.14, 0.21]]",0.13,0.22,163,"[0.33, 0.32, 0.13, 0.22]","[[0, 1, 0, 2, 0, 0, 0, 0], [0, 0, 0, 3, 0, 0, 0, 0], [0, 0, 0, 0, 0, 0, 0, 0], [0, 0, 0, 4, 0, 0, 0, 0]]",0.072
3247,0.01,3,"[[0.14, 0.12, 0.08, 0.02, 0.14, 0.19, 0.09], [0.2, 0.01, 0.13, 0.03, 0.11, 0.06, 0.23], [0.19, 0.12, 0.16, 0.15, 0.16, 0.07, 0.21], [0.09, 0.14, 0.24, 0.12, 0.1, 0.2, 0.16]]",0.13,0.24,163,"[0.36, 0.17, 0.12, 0.35]","[[0, 6, 7, 1, 2, 3, 4, 5], [0, 0, 0, 0, 0, 0, 0, 0], [0, 0, 0, 0, 0, 0, 0, 0], [0, 8, 9, 10, 0, 0, 0, 0]]",0.072
3248,0.01,3,"[[0.2, 0.14, 0.16, 0.12, 0.21, 0.18, 0.23], [0.06, 0.09, 0.16, 0.16, 0.14, 0.12, 0.15], [0.23, 0.08, 0.17, 0.11, 0.04, 0.14, 0.15], [0.06, 0.12, 0.16, 0.23, 0.08, 0.11, 0.15]]",0.13,0.16,163,"[0.33, 0.18, 0.11, 0.38]","[[0, 0, 9, 2, 4, 6, 8, 0], [0, 0, 0, 0, 0, 0, 0, 0], [0, 0, 0, 0, 0, 0, 0, 0], [0, 0, 10, 1, 3, 5, 7, 0]]",0.072
3249,0.01,2,"[[0.15, 0.08, 0.15, 0.12, 0.15, 0.08, 0.22], [0.12, 0.2, 0.22, 0.16, 0.25, 0.12, 0.11], [0.19, 0.22, 0.15, 0.08, 0.12, 0.14, 0.2], [0.21, 0.16, 0.09, 0.16, 0.22, 0.15, 0.19]]",0.13,0.22,163,"[0.05, 0.07, 0.86, 0.02]","[[0, 0, 0, 0, 0, 0, 0, 0], [0, 0, 0, 0, 0, 0, 0, 0], [0, 1, 7, 2, 6, 3, 5, 4], [0, 0, 0, 0, 0, 0, 0, 0]]",0.072
3250,0.01,1,"[[3.89, 7.03, 1.42, 3.85, 5.57, 3.85, 2.09], [1.42, 3.42, 3.49, 1.78, 8.76, 8.52, 6.88], [3.98, 7.53, 6.94, 2.68, 5.16, 4.6, 0.82], [7.43, 7.31, 6.36, 5.75, 9.0, 9.88, 3.78]]",5.0,3.89,163,"[0.86, 0.01, 0.02, 0.11]","[[0, 1, 2, 3, 4, 5, 6, 7], [0, 0, 0, 0, 0, 0, 0, 0], [0, 0, 0, 0, 0, 0, 0, 0], [0, 0, 0, 0, 0, 0, 0, 0]]",2.994
3251,0.01,7,"[[5.28, 9.9, 6.81, 1.61, 2.79, 8.92, 6.09], [3.46, 6.68, 6.44, 3.71, 3.55, 0.25, 8.07], [6.52, 2.17, 8.0, 8.5, 5.35, 1.81, 3.32], [5.89, 1.86, 6.44, 5.29, 3.29, 8.96, 7.12]]",5.0,7.12,163,"[0.23, 0.3, 0.24, 0.23]","[[0, 0, 0, 0, 0, 0, 0, 10], [0, 1, 2, 3, 4, 5, 6, 7], [0, 0, 0, 0, 0, 0, 0, 8], [0, 0, 0, 0, 0, 0, 0, 9]]",2.994
3252,0.01,5,"[[5.77, 3.99, 6.61, 4.81, 8.16, 4.87, 2.84], [5.38, 5.12, 5.88, 4.67, 7.45, 7.64, 1.41], [2.86, 1.79, 4.9, 7.89, 6.3, 3.05, 5.2], [5.28, 6.58, 1.34, 2.2, 4.69, 6.92, 5.01]]",5.0,8.16,163,"[0.34, 0.23, 0.11, 0.32]","[[0, 1, 0, 2, 0, 3, 0, 4], [0, 0, 0, 0, 0, 0, 0, 0], [0, 0, 0, 0, 0, 0, 0, 0], [0, 7, 0, 6, 0, 5, 0, 0]]",2.994
3253,0.01,5,"[[0.95, 2.78, 3.25, 5.38, 7.09, 3.77, 4.83], [7.13, 8.96, 5.39, 2.27, 8.34, 7.96, 4.55], [9.77, 5.61, 8.97, 8.09, 6.52, 2.37, 9.08], [8.52, 1.84, 1.06, 3.62, 0.7, 3.27, 0.14]]",5.0,7.09,163,"[0.85, 0.07, 0.07, 0.01]","[[0, 1, 2, 3, 4, 5, 6, 7], [0, 0, 0, 0, 11, 8, 0, 0], [0, 0, 0, 0, 12, 9, 0, 0], [0, 0, 0, 0, 13, 10, 0, 0]]",2.994
3254,0.01,5,"[[1.92, 6.77, 0.18, 0.58, 7.09, 4.34, 4.61], [2.63, 2.6, 4.89, 2.52, 8.42, 2.23, 4.37], [6.54, 7.27, 4.71, 3.86, 8.83, 4.81, 5.31], [5.47, 8.91, 3.37, 8.65, 6.85, 1.47, 5.12]]",5.0,8.42,163,"[0.31, 0.2, 0.17, 0.32]","[[0, 5, 0, 6, 0, 7, 0, 8], [0, 0, 0, 0, 0, 0, 0, 0], [0, 0, 0, 0, 0, 0, 0, 0], [0, 1, 0, 2, 0, 3, 0, 4]]",2.994
3255,0.01,2,"[[2.54, 7.44, 2.24, 4.32, 2.76, 9.01, 8.48], [1.82, 8.34, 6.23, 3.89, 6.94, 3.11, 6.18], [7.6, 3.71, 5.31, 9.83, 1.09, 3.87, 7.81], [7.76, 7.0, 2.77, 7.48, 3.83, 0.31, 3.13]]",5.0,7.0,163,"[0.04, 0.07, 0.03, 0.86]","[[0, 0, 0, 0, 0, 0, 0, 0], [0, 8, 9, 0, 10, 0, 0, 0], [0, 0, 0, 0, 0, 0, 0, 0], [0, 1, 5, 2, 6, 4, 7, 3]]",2.994
3256,0.01,3,"[[6.19, 1.85, 1.16, 4.28, 2.66, 3.25, 7.93], [4.16, 3.03, 5.34, 3.93, 5.82, 4.05, 2.14], [6.53, 8.89, 6.73, 7.28, 2.75, 0.6, 4.09], [4.95, 6.55, 6.81, 6.9, 1.07, 2.2, 5.26]]",5.0,5.34,163,"[0.03, 0.86, 0.04, 0.07]","[[0, 0, 0, 0, 0, 0, 0, 0], [0, 1, 2, 3, 4, 5, 6, 7], [0, 0, 0, 0, 0, 0, 0, 0], [0, 8, 9, 10, 11, 12, 13, 14]]",2.994
3257,0.01,7,"[[0.94, 9.58, 9.58, 1.68, 3.99, 3.26, 9.98], [7.2, 6.69, 3.6, 6.35, 1.28, 0.52, 9.84], [4.59, 4.33, 3.41, 2.69, 0.89, 3.28, 2.91], [7.61, 5.48, 8.81, 6.78, 0.6, 7.91, 3.87]]",5.0,9.84,163,"[0.01, 0.89, 0.08, 0.02]","[[0, 0, 0, 0, 0, 0, 0, 0], [0, 1, 2, 3, 4, 5, 6, 7], [0, 10, 9, 0, 0, 0, 0, 8], [0, 0, 0, 0, 0, 0, 0, 0]]",2.994
3258,0.01,3,"[[5.12, 1.51, 5.2, 6.71, 2.69, 8.45, 7.56], [1.26, 6.81, 6.02, 6.85, 3.83, 2.04, 5.15], [0.77, 1.29, 6.67, 1.6, 1.63, 0.54, 0.89], [4.2, 5.58, 3.29, 3.97, 3.54, 6.37, 4.95]]",5.0,3.29,163,"[0.21, 0.27, 0.19, 0.33]","[[0, 0, 0, 9, 0, 10, 0, 0], [0, 5, 0, 6, 0, 7, 0, 8], [0, 0, 0, 11, 0, 0, 0, 0], [0, 1, 0, 2, 0, 3, 0, 4]]",2.994
3259,0.01,6,"[[3.95, 8.96, 8.28, 6.18, 7.02, 4.65, 4.21], [7.39, 4.82, 4.44, 1.73, 7.35, 9.66, 2.04], [6.67, 2.62, 2.43, 7.24, 6.32, 7.33, 5.82], [4.75, 4.96, 2.68, 1.71, 6.22, 1.58, 9.11]]",5.0,7.33,163,"[0.25, 0.24, 0.28, 0.23]","[[0, 0, 0, 0, 3, 0, 7, 0], [0, 0, 0, 0, 2, 0, 6, 0], [0, 0, 0, 0, 1, 0, 5, 0], [0, 0, 0, 0, 4, 0, 8, 0]]",2.994
3260,0.0,4,"[[5.11, 2.17, 0.1, 9.47, 2.73, 6.4, 3.36], [4.31, 7.26, 6.36, 8.48, 2.98, 4.68, 5.77], [8.38, 2.0, 6.14, 7.53, 4.7, 1.99, 1.53], [7.09, 5.94, 3.03, 5.37, 2.51, 3.9, 2.79]]",5.0,9.47,164,"[0.31, 0.35, 0.15, 0.19]","[[0, 0, 0, 11, 8, 0, 0, 0], [0, 1, 2, 3, 4, 5, 6, 7], [0, 0, 0, 12, 9, 0, 0, 0], [0, 0, 0, 13, 10, 0, 0, 0]]",2.994
3261,0.0,7,"[[0.94, 9.58, 9.58, 1.68, 3.99, 3.26, 9.98], [7.2, 6.69, 3.6, 6.35, 1.28, 0.52, 9.84], [4.59, 4.33, 3.41, 2.69, 0.89, 3.28, 2.91], [7.61, 5.48, 8.81, 6.78, 0.6, 7.91, 3.87]]",5.0,9.84,164,"[0.01, 0.89, 0.08, 0.02]","[[0, 13, 0, 0, 0, 0, 0, 8], [0, 1, 2, 3, 4, 5, 6, 7], [0, 11, 0, 0, 0, 0, 0, 9], [0, 12, 0, 0, 0, 0, 0, 10]]",2.994
3262,0.0,4,"[[3.54, 3.18, 6.26, 3.39, 3.52, 5.47, 1.42], [3.13, 1.91, 7.14, 3.81, 4.58, 6.9, 8.39], [7.48, 1.27, 5.41, 7.63, 6.12, 1.81, 6.34], [6.09, 3.7, 4.25, 4.91, 0.8, 7.46, 7.59]]",5.0,7.63,164,"[0.04, 0.07, 0.88, 0.01]","[[0, 8, 0, 0, 11, 0, 0, 0], [0, 9, 0, 0, 12, 0, 0, 0], [0, 1, 2, 3, 4, 5, 6, 7], [0, 10, 0, 0, 13, 0, 0, 0]]",2.994
3263,0.0,2,"[[5.97, 8.23, 1.24, 7.62, 4.62, 4.29, 5.98], [8.29, 4.65, 5.55, 1.01, 2.98, 8.74, 8.92], [1.93, 2.81, 4.79, 6.01, 7.29, 6.55, 4.48], [9.09, 1.98, 6.38, 4.5, 3.08, 5.26, 4.47]]",5.0,8.23,164,"[0.86, 0.01, 0.12, 0.01]","[[0, 1, 2, 3, 4, 5, 6, 7], [0, 0, 9, 0, 0, 0, 0, 0], [0, 0, 8, 0, 0, 0, 0, 0], [0, 0, 10, 0, 0, 0, 0, 0]]",2.994
3264,0.0,5,"[[5.92, 9.68, 5.15, 2.59, 5.89, 7.38, 2.85], [1.22, 5.64, 6.3, 3.82, 9.13, 6.51, 3.36], [6.72, 1.0, 8.86, 8.25, 8.82, 6.13, 4.12], [7.5, 7.75, 5.39, 3.9, 7.48, 3.23, 1.98]]",5.0,7.48,164,"[0.3, 0.17, 0.24, 0.29]","[[0, 1, 2, 3, 4, 5, 6, 7], [0, 13, 8, 14, 19, 20, 25, 26], [0, 12, 9, 15, 18, 21, 24, 27], [0, 11, 10, 16, 17, 22, 23, 28]]",2.994
3265,0.0,3,"[[5.12, 1.51, 5.2, 6.71, 2.69, 8.45, 7.56], [1.26, 6.81, 6.02, 6.85, 3.83, 2.04, 5.15], [0.77, 1.29, 6.67, 1.6, 1.63, 0.54, 0.89], [4.2, 5.58, 3.29, 3.97, 3.54, 6.37, 4.95]]",5.0,6.67,164,"[0.21, 0.27, 0.19, 0.33]","[[0, 1, 8, 9, 16, 17, 24, 25], [0, 2, 7, 10, 15, 18, 23, 26], [0, 3, 6, 11, 14, 19, 22, 27], [0, 4, 5, 12, 13, 20, 21, 28]]",2.994
3266,0.0,7,"[[8.39, 1.9, 3.96, 5.78, 2.24, 5.8, 4.1], [0.94, 5.02, 2.49, 5.54, 6.54, 4.33, 9.65], [7.94, 7.8, 4.1, 9.82, 1.59, 4.84, 8.58], [8.96, 7.49, 1.94, 3.92, 0.76, 2.82, 6.17]]",5.0,9.65,164,"[0.11, 0.85, 0.02, 0.02]","[[0, 0, 0, 0, 16, 13, 0, 10], [0, 1, 2, 3, 4, 5, 6, 7], [0, 0, 0, 0, 14, 11, 0, 8], [0, 0, 0, 0, 15, 12, 0, 9]]",2.994
3267,0.0,5,"[[5.16, 3.84, 2.97, 6.89, 7.92, 3.02, 6.81], [6.93, 3.64, 5.33, 8.47, 3.82, 8.88, 7.83], [4.51, 5.38, 9.21, 3.79, 4.77, 9.29, 4.59], [3.55, 8.48, 4.66, 2.28, 3.95, 2.95, 5.67]]",5.0,7.92,164,"[0.86, 0.08, 0.05, 0.01]","[[0, 1, 3, 2, 4, 5, 6, 7], [0, 11, 0, 0, 0, 8, 0, 14], [0, 12, 0, 0, 0, 9, 0, 15], [0, 13, 0, 0, 0, 10, 0, 16]]",2.994
3268,0.0,5,"[[8.51, 2.86, 5.22, 3.29, 7.8, 7.12, 2.91], [7.85, 5.63, 4.76, 5.73, 4.36, 4.99, 0.21], [1.1, 2.64, 4.86, 7.57, 7.15, 0.31, 2.34], [6.38, 5.91, 3.08, 6.0, 7.58, 3.85, 6.26]]",5.0,7.58,164,"[0.19, 0.32, 0.23, 0.26]","[[0, 1, 9, 8, 16, 17, 24, 25], [0, 2, 7, 10, 15, 18, 23, 26], [0, 3, 6, 11, 14, 19, 22, 27], [0, 4, 5, 12, 13, 20, 21, 28]]",2.994
3269,0.0,5,"[[3.95, 8.96, 8.28, 6.18, 7.02, 4.65, 4.21], [7.39, 4.82, 4.44, 1.73, 7.35, 9.66, 2.04], [6.67, 2.62, 2.43, 7.24, 6.32, 7.33, 5.82], [4.75, 4.96, 2.68, 1.71, 6.22, 1.58, 9.11]]",5.0,6.22,164,"[0.25, 0.24, 0.28, 0.23]","[[0, 1, 8, 9, 16, 17, 24, 25], [0, 2, 7, 10, 15, 18, 23, 26], [0, 3, 6, 11, 14, 19, 22, 27], [0, 4, 5, 12, 13, 20, 21, 28]]",2.994
3270,0.0,1,"[[0.06, 0.1, 0.22, 0.17, 0.09, 0.03, 0.08], [0.24, 0.07, 0.1, 0.11, 0.11, 0.15, 0.16], [0.04, 0.05, 0.2, 0.13, 0.03, 0.1, 0.19], [0.2, 0.09, 0.17, 0.15, 0.2, 0.1, 0.15]]",0.13,0.2,164,"[0.01, 0.1, 0.04, 0.85]","[[0, 1, 0, 0, 0, 13, 0, 0], [0, 10, 0, 0, 0, 12, 0, 0], [0, 9, 0, 0, 0, 11, 0, 0], [0, 2, 4, 3, 5, 6, 7, 8]]",0.072
3271,0.0,1,"[[0.15, 0.06, 0.09, 0.11, 0.16, 0.04, 0.14], [0.13, 0.19, 0.06, 0.21, 0.14, 0.09, 0.14], [0.16, 0.13, 0.11, 0.14, 0.1, 0.12, 0.12], [0.2, 0.09, 0.2, 0.06, 0.12, 0.09, 0.16]]",0.13,0.16,164,"[0.08, 0.04, 0.87, 0.01]","[[0, 10, 0, 0, 0, 0, 0, 0], [0, 9, 0, 0, 0, 0, 0, 0], [0, 1, 2, 3, 4, 5, 6, 7], [0, 8, 0, 0, 0, 0, 0, 0]]",0.072
3272,0.0,2,"[[0.16, 0.14, 0.08, 0.14, 0.11, 0.13, 0.09], [0.19, 0.11, 0.19, 0.08, 0.11, 0.19, 0.13], [0.21, 0.23, 0.11, 0.11, 0.1, 0.18, 0.03], [0.04, 0.14, 0.12, 0.13, 0.05, 0.04, 0.05]]",0.13,0.11,164,"[0.31, 0.22, 0.18, 0.29]","[[0, 4, 5, 12, 13, 20, 21, 28], [0, 3, 6, 11, 14, 19, 22, 27], [0, 2, 7, 10, 15, 18, 23, 26], [0, 1, 8, 9, 16, 17, 24, 25]]",0.072
3273,0.0,4,"[[0.12, 0.13, 0.12, 0.14, 0.05, 0.1, 0.25], [0.16, 0.2, 0.2, 0.14, 0.09, 0.17, 0.09], [0.11, 0.12, 0.11, 0.11, 0.08, 0.05, 0.17], [0.19, 0.2, 0.07, 0.21, 0.07, 0.13, 0.2]]",0.13,0.14,164,"[0.17, 0.35, 0.31, 0.17]","[[0, 1, 8, 9, 16, 17, 24, 25], [0, 2, 7, 10, 15, 18, 23, 26], [0, 3, 6, 11, 14, 19, 22, 27], [0, 4, 5, 12, 13, 20, 21, 28]]",0.072
3274,0.0,2,"[[0.1, 0.22, 0.11, 0.07, 0.15, 0.15, 0.08], [0.22, 0.14, 0.05, 0.13, 0.2, 0.14, 0.2], [0.02, 0.25, 0.2, 0.08, 0.15, 0.02, 0.07], [0.11, 0.1, 0.17, 0.14, 0.2, 0.08, 0.11]]",0.13,0.22,164,"[0.87, 0.08, 0.02, 0.03]","[[0, 1, 2, 3, 4, 5, 6, 7], [0, 0, 8, 0, 0, 0, 0, 0], [0, 0, 9, 0, 0, 0, 0, 0], [0, 0, 10, 0, 0, 0, 0, 0]]",0.072
3275,0.0,2,"[[0.02, 0.18, 0.09, 0.13, 0.07, 0.12, 0.08], [0.15, 0.12, 0.24, 0.14, 0.1, 0.01, 0.14], [0.2, 0.14, 0.24, 0.13, 0.22, 0.23, 0.18], [0.11, 0.21, 0.18, 0.07, 0.12, 0.14, 0.14]]",0.13,0.18,164,"[0.85, 0.02, 0.03, 0.1]","[[0, 1, 2, 3, 4, 7, 5, 6], [0, 0, 8, 0, 0, 0, 0, 0], [0, 0, 9, 0, 0, 0, 0, 0], [0, 0, 10, 0, 0, 0, 0, 0]]",0.072
3276,0.0,1,"[[0.21, 0.18, 0.18, 0.07, 0.17, 0.09, 0.08], [0.07, 0.09, 0.01, 0.16, 0.02, 0.06, 0.25], [0.21, 0.16, 0.24, 0.08, 0.24, 0.16, 0.09], [0.17, 0.08, 0.18, 0.24, 0.11, 0.09, 0.22]]",0.13,0.17,164,"[0.21, 0.27, 0.2, 0.32]","[[0, 1, 8, 9, 16, 17, 24, 25], [0, 2, 7, 10, 15, 18, 23, 26], [0, 3, 6, 11, 14, 19, 22, 27], [0, 4, 5, 12, 13, 20, 21, 28]]",0.072
3277,0.0,6,"[[0.14, 0.12, 0.08, 0.02, 0.14, 0.19, 0.09], [0.2, 0.01, 0.13, 0.03, 0.11, 0.06, 0.23], [0.19, 0.12, 0.16, 0.15, 0.16, 0.07, 0.21], [0.09, 0.14, 0.24, 0.12, 0.1, 0.2, 0.16]]",0.13,0.19,164,"[0.36, 0.17, 0.12, 0.35]","[[0, 1, 4, 5, 8, 9, 12, 13], [0, 0, 0, 0, 0, 0, 15, 18], [0, 0, 0, 0, 0, 0, 16, 17], [0, 2, 3, 6, 7, 10, 11, 14]]",0.072
3278,0.0,2,"[[0.05, 0.17, 0.08, 0.07, 0.16, 0.13, 0.05], [0.1, 0.16, 0.24, 0.2, 0.19, 0.19, 0.23], [0.18, 0.13, 0.06, 0.19, 0.17, 0.21, 0.13], [0.16, 0.18, 0.2, 0.12, 0.19, 0.08, 0.19]]",0.13,0.17,164,"[0.85, 0.1, 0.02, 0.03]","[[0, 1, 2, 3, 4, 5, 6, 7], [0, 0, 8, 0, 0, 11, 0, 0], [0, 0, 9, 0, 0, 12, 0, 0], [0, 0, 10, 0, 0, 13, 0, 0]]",0.072
3279,0.0,1,"[[0.14, 0.07, 0.05, 0.18, 0.03, 0.01, 0.18], [0.19, 0.23, 0.07, 0.1, 0.08, 0.19, 0.2], [0.17, 0.24, 0.03, 0.21, 0.19, 0.07, 0.21], [0.14, 0.09, 0.21, 0.08, 0.19, 0.05, 0.09]]",0.13,0.19,164,"[0.15, 0.26, 0.26, 0.33]","[[0, 13, 0, 0, 0, 14, 0, 0], [0, 11, 0, 0, 0, 12, 0, 0], [0, 10, 0, 9, 0, 8, 0, 0], [0, 1, 2, 3, 4, 5, 6, 7]]",0.072
3280,0.01,5,"[[5.92, 9.68, 5.15, 2.59, 5.89, 7.38, 2.85], [1.22, 5.64, 6.3, 3.82, 9.13, 6.51, 3.36], [6.72, 1.0, 8.86, 8.25, 8.82, 6.13, 4.12], [7.5, 7.75, 5.39, 3.9, 7.48, 3.23, 1.98]]",5.0,5.89,165,"[0.3, 0.17, 0.24, 0.29]","[[0, 1, 0, 2, 0, 7, 0, 0], [0, 0, 0, 0, 0, 6, 0, 0], [0, 3, 0, 4, 0, 8, 0, 0], [0, 0, 0, 0, 5, 9, 0, 0]]",2.994
3281,0.01,4,"[[2.09, 7.52, 9.74, 6.72, 2.88, 5.9, 5.87], [6.25, 4.49, 6.66, 2.68, 2.62, 7.58, 4.86], [0.33, 4.49, 3.44, 6.0, 4.73, 0.87, 2.63], [7.63, 1.46, 3.24, 5.72, 7.53, 7.25, 3.01]]",5.0,2.68,165,"[0.34, 0.23, 0.2, 0.23]","[[0, 1, 0, 15, 7, 11, 0, 4], [0, 0, 14, 17, 9, 19, 0, 0], [0, 2, 0, 16, 6, 12, 10, 5], [0, 3, 13, 18, 8, 0, 0, 0]]",2.994
3282,0.01,5,"[[8.51, 2.86, 5.22, 3.29, 7.8, 7.12, 2.91], [7.85, 5.63, 4.76, 5.73, 4.36, 4.99, 0.21], [1.1, 2.64, 4.86, 7.57, 7.15, 0.31, 2.34], [6.38, 5.91, 3.08, 6.0, 7.58, 3.85, 6.26]]",5.0,7.58,165,"[0.19, 0.32, 0.23, 0.26]","[[0, 2, 7, 0, 10, 20, 0, 0], [0, 3, 6, 0, 9, 17, 15, 0], [0, 1, 0, 0, 8, 18, 14, 13], [0, 4, 5, 0, 11, 19, 16, 12]]",2.994
3283,0.01,6,"[[3.55, 2.94, 0.08, 3.13, 2.15, 9.59, 4.77], [4.35, 5.83, 1.82, 2.79, 3.6, 4.35, 6.66], [4.91, 4.62, 9.06, 2.02, 4.04, 2.21, 7.62], [0.78, 5.9, 1.77, 4.45, 7.63, 4.39, 2.86]]",5.0,2.21,165,"[0.34, 0.11, 0.27, 0.28]","[[0, 1, 8, 9, 16, 17, 24, 25], [0, 2, 6, 10, 15, 18, 23, 26], [0, 3, 7, 11, 14, 19, 22, 27], [0, 4, 5, 12, 13, 20, 21, 28]]",2.994
3284,0.01,5,"[[0.95, 2.78, 3.25, 5.38, 7.09, 3.77, 4.83], [7.13, 8.96, 5.39, 2.27, 8.34, 7.96, 4.55], [9.77, 5.61, 8.97, 8.09, 6.52, 2.37, 9.08], [8.52, 1.84, 1.06, 3.62, 0.7, 3.27, 0.14]]",5.0,7.09,165,"[0.85, 0.07, 0.07, 0.01]","[[0, 1, 0, 17, 23, 10, 0, 13], [0, 2, 7, 18, 22, 9, 0, 14], [0, 3, 4, 16, 21, 8, 0, 15], [0, 6, 5, 19, 20, 11, 0, 12]]",2.994
3285,0.01,3,"[[5.28, 9.9, 6.81, 1.61, 2.79, 8.92, 6.09], [3.46, 6.68, 6.44, 3.71, 3.55, 0.25, 8.07], [6.52, 2.17, 8.0, 8.5, 5.35, 1.81, 3.32], [5.89, 1.86, 6.44, 5.29, 3.29, 8.96, 7.12]]",5.0,6.81,165,"[0.23, 0.3, 0.24, 0.23]","[[0, 1, 4, 22, 13, 18, 9, 0], [0, 2, 5, 21, 14, 17, 8, 0], [0, 0, 3, 20, 12, 16, 7, 0], [0, 0, 6, 19, 11, 15, 10, 0]]",2.994
3286,0.01,7,"[[8.39, 1.9, 3.96, 5.78, 2.24, 5.8, 4.1], [0.94, 5.02, 2.49, 5.54, 6.54, 4.33, 9.65], [7.94, 7.8, 4.1, 9.82, 1.59, 4.84, 8.58], [8.96, 7.49, 1.94, 3.92, 0.76, 2.82, 6.17]]",5.0,9.65,165,"[0.11, 0.85, 0.02, 0.02]","[[0, 0, 0, 0, 13, 0, 0, 8], [0, 1, 2, 3, 4, 5, 6, 7], [0, 0, 0, 0, 11, 0, 0, 9], [0, 0, 0, 0, 12, 0, 0, 10]]",2.994
3287,0.01,5,"[[4.41, 7.98, 5.03, 0.94, 6.07, 7.96, 3.08], [7.18, 6.38, 1.11, 4.77, 7.21, 4.82, 4.9], [5.63, 7.2, 7.79, 1.19, 2.56, 6.05, 3.13], [2.67, 2.05, 5.91, 4.15, 9.55, 4.46, 9.22]]",5.0,9.55,165,"[0.04, 0.02, 0.05, 0.89]","[[0, 0, 0, 0, 0, 10, 0, 13], [0, 0, 0, 0, 0, 9, 0, 12], [0, 0, 0, 0, 0, 8, 0, 11], [0, 1, 2, 4, 3, 6, 5, 7]]",2.994
3288,0.01,3,"[[3.25, 0.97, 8.64, 8.18, 2.13, 6.22, 0.77], [5.88, 7.57, 5.25, 3.43, 6.13, 3.52, 3.61], [5.54, 4.65, 8.68, 9.8, 7.31, 3.42, 4.37], [7.14, 2.83, 7.59, 3.91, 6.6, 1.41, 1.96]]",5.0,7.59,165,"[0.06, 0.03, 0.01, 0.9]","[[0, 10, 0, 13, 0, 0, 0, 0], [0, 9, 0, 12, 0, 0, 0, 0], [0, 8, 0, 11, 0, 0, 0, 0], [0, 1, 2, 3, 4, 5, 6, 7]]",2.994
3289,0.01,3,"[[9.88, 3.37, 6.84, 6.02, 5.72, 2.47, 6.83], [4.66, 3.57, 1.89, 8.02, 4.52, 4.58, 0.56], [5.57, 8.71, 8.98, 7.3, 1.41, 5.09, 6.3], [2.79, 3.58, 9.87, 3.61, 3.51, 7.13, 2.78]]",5.0,9.87,165,"[0.02, 0.05, 0.05, 0.88]","[[0, 0, 0, 10, 0, 0, 12, 0], [0, 0, 0, 9, 0, 0, 13, 0], [0, 0, 0, 8, 0, 0, 11, 0], [0, 1, 2, 3, 4, 6, 5, 7]]",2.994
3290,0.01,1,"[[0.18, 0.08, 0.14, 0.2, 0.12, 0.1, 0.1], [0.1, 0.05, 0.2, 0.13, 0.11, 0.09, 0.04], [0.15, 0.11, 0.22, 0.09, 0.14, 0.12, 0.12], [0.17, 0.01, 0.14, 0.05, 0.14, 0.07, 0.08]]",0.13,0.17,165,"[0.3, 0.22, 0.27, 0.21]","[[0, 1, 2, 3, 4, 5, 6, 7], [0, 0, 0, 0, 0, 0, 0, 0], [0, 8, 9, 0, 0, 0, 0, 0], [0, 0, 0, 0, 0, 0, 0, 0]]",0.072
3291,0.01,4,"[[0.2, 0.14, 0.16, 0.12, 0.21, 0.18, 0.23], [0.06, 0.09, 0.16, 0.16, 0.14, 0.12, 0.15], [0.23, 0.08, 0.17, 0.11, 0.04, 0.14, 0.15], [0.06, 0.12, 0.16, 0.23, 0.08, 0.11, 0.15]]",0.13,0.23,165,"[0.33, 0.18, 0.11, 0.38]","[[0, 0, 0, 0, 5, 0, 0, 0], [0, 0, 0, 0, 0, 0, 0, 0], [0, 0, 0, 0, 0, 0, 0, 0], [0, 1, 2, 0, 4, 3, 0, 0]]",0.072
3292,0.01,2,"[[0.06, 0.22, 0.11, 0.12, 0.13, 0.09, 0.18], [0.2, 0.17, 0.05, 0.09, 0.17, 0.16, 0.24], [0.14, 0.03, 0.23, 0.14, 0.04, 0.13, 0.18], [0.16, 0.1, 0.17, 0.16, 0.14, 0.04, 0.05]]",0.13,0.22,165,"[0.87, 0.02, 0.1, 0.01]","[[0, 1, 2, 3, 4, 7, 5, 6], [0, 0, 0, 0, 0, 0, 0, 0], [0, 0, 0, 0, 0, 0, 0, 0], [0, 0, 0, 0, 0, 0, 0, 0]]",0.072
3293,0.01,1,"[[0.06, 0.11, 0.17, 0.23, 0.15, 0.14, 0.21], [0.16, 0.17, 0.08, 0.04, 0.07, 0.21, 0.12], [0.2, 0.19, 0.13, 0.12, 0.17, 0.2, 0.16], [0.1, 0.1, 0.12, 0.16, 0.01, 0.17, 0.09]]",0.13,0.1,165,"[0.23, 0.25, 0.3, 0.22]","[[0, 0, 0, 0, 0, 0, 0, 0], [0, 0, 0, 0, 0, 0, 0, 0], [0, 1, 0, 4, 2, 0, 0, 3], [0, 0, 0, 0, 0, 0, 0, 0]]",0.072
3294,0.01,1,"[[0.17, 0.04, 0.18, 0.09, 0.04, 0.16, 0.22], [0.22, 0.14, 0.04, 0.11, 0.04, 0.23, 0.13], [0.09, 0.1, 0.01, 0.06, 0.15, 0.17, 0.05], [0.04, 0.06, 0.1, 0.03, 0.1, 0.03, 0.15]]",0.13,0.17,165,"[0.35, 0.15, 0.13, 0.37]","[[0, 2, 0, 0, 0, 4, 0, 0], [0, 0, 0, 0, 0, 0, 0, 0], [0, 0, 0, 0, 0, 0, 0, 9], [0, 1, 7, 6, 5, 3, 8, 0]]",0.072
3295,0.01,5,"[[0.15, 0.17, 0.12, 0.06, 0.06, 0.22, 0.15], [0.19, 0.17, 0.21, 0.18, 0.06, 0.19, 0.04], [0.07, 0.13, 0.08, 0.09, 0.18, 0.11, 0.12], [0.16, 0.1, 0.02, 0.11, 0.21, 0.13, 0.19]]",0.13,0.21,165,"[0.09, 0.05, 0.01, 0.85]","[[0, 0, 0, 0, 0, 0, 0, 0], [0, 0, 0, 0, 0, 0, 0, 0], [0, 0, 0, 0, 0, 0, 0, 0], [0, 1, 7, 2, 6, 5, 3, 4]]",0.072
3296,0.01,5,"[[0.08, 0.23, 0.11, 0.15, 0.14, 0.16, 0.07], [0.19, 0.17, 0.09, 0.16, 0.14, 0.09, 0.03], [0.13, 0.11, 0.24, 0.17, 0.14, 0.06, 0.15], [0.09, 0.17, 0.09, 0.17, 0.19, 0.1, 0.17]]",0.13,0.19,165,"[0.01, 0.02, 0.11, 0.86]","[[0, 0, 0, 0, 0, 0, 0, 0], [0, 0, 0, 0, 0, 0, 0, 0], [0, 0, 0, 0, 0, 0, 0, 0], [0, 1, 2, 7, 3, 6, 4, 5]]",0.072
3297,0.01,6,"[[0.01, 0.19, 0.1, 0.03, 0.13, 0.15, 0.13], [0.17, 0.18, 0.07, 0.17, 0.17, 0.12, 0.12], [0.11, 0.17, 0.18, 0.22, 0.08, 0.06, 0.07], [0.12, 0.02, 0.07, 0.16, 0.17, 0.14, 0.04]]",0.13,0.15,165,"[0.3, 0.29, 0.13, 0.28]","[[0, 1, 0, 0, 2, 0, 3, 4], [0, 0, 0, 0, 0, 0, 0, 0], [0, 0, 0, 0, 0, 0, 0, 0], [0, 0, 0, 0, 0, 0, 0, 0]]",0.072
3298,0.01,4,"[[0.21, 0.14, 0.05, 0.18, 0.12, 0.1, 0.15], [0.03, 0.07, 0.04, 0.14, 0.13, 0.15, 0.2], [0.05, 0.14, 0.08, 0.16, 0.04, 0.13, 0.08], [0.19, 0.12, 0.09, 0.06, 0.18, 0.05, 0.09]]",0.13,0.16,165,"[0.01, 0.02, 0.88, 0.09]","[[0, 0, 0, 0, 0, 0, 0, 0], [0, 0, 0, 0, 0, 0, 0, 0], [0, 1, 7, 3, 2, 6, 4, 5], [0, 0, 0, 0, 0, 0, 0, 0]]",0.072
3299,0.01,4,"[[0.2, 0.21, 0.23, 0.23, 0.18, 0.14, 0.22], [0.2, 0.22, 0.22, 0.25, 0.05, 0.12, 0.09], [0.02, 0.05, 0.07, 0.23, 0.14, 0.19, 0.02], [0.12, 0.1, 0.13, 0.23, 0.18, 0.06, 0.24]]",0.13,0.23,165,"[0.08, 0.03, 0.87, 0.02]","[[0, 0, 0, 0, 0, 0, 0, 0], [0, 0, 0, 0, 0, 0, 0, 0], [0, 1, 2, 7, 3, 4, 6, 5], [0, 0, 0, 0, 0, 0, 0, 0]]",0.072
3300,0.0,1,"[[0.15, 0.17, 0.12, 0.06, 0.06, 0.22, 0.15], [0.19, 0.17, 0.21, 0.18, 0.06, 0.19, 0.04], [0.07, 0.13, 0.08, 0.09, 0.18, 0.11, 0.12], [0.16, 0.1, 0.02, 0.11, 0.21, 0.13, 0.19]]",0.13,0.16,166,"[0.09, 0.05, 0.01, 0.85]","[[0, 0, 0, 0, 0, 0, 0, 0], [0, 0, 0, 0, 0, 0, 0, 0], [0, 0, 0, 0, 0, 0, 0, 0], [0, 0, 0, 0, 0, 0, 0, 0]]",0.072
3301,0.0,1,"[[0.15, 0.08, 0.15, 0.12, 0.15, 0.08, 0.22], [0.12, 0.2, 0.22, 0.16, 0.25, 0.12, 0.11], [0.19, 0.22, 0.15, 0.08, 0.12, 0.14, 0.2], [0.21, 0.16, 0.09, 0.16, 0.22, 0.15, 0.19]]",0.13,0.19,166,"[0.05, 0.07, 0.86, 0.02]","[[0, 0, 0, 0, 0, 0, 0, 0], [0, 0, 0, 0, 0, 0, 0, 0], [0, 0, 0, 0, 0, 0, 0, 0], [0, 0, 0, 0, 0, 0, 0, 0]]",0.072
3302,0.0,1,"[[0.11, 0.17, 0.16, 0.1, 0.16, 0.08, 0.16], [0.14, 0.11, 0.1, 0.17, 0.15, 0.09, 0.15], [0.18, 0.13, 0.06, 0.09, 0.04, 0.12, 0.18], [0.24, 0.17, 0.23, 0.17, 0.08, 0.13, 0.06]]",0.13,0.14,166,"[0.26, 0.27, 0.3, 0.17]","[[0, 0, 0, 0, 0, 0, 0, 0], [0, 0, 0, 0, 0, 0, 0, 0], [0, 0, 0, 0, 0, 0, 0, 0], [0, 0, 0, 0, 0, 0, 0, 0]]",0.072
3303,0.0,1,"[[0.11, 0.22, 0.08, 0.2, 0.14, 0.03, 0.13], [0.17, 0.02, 0.02, 0.09, 0.21, 0.16, 0.15], [0.09, 0.18, 0.16, 0.17, 0.05, 0.09, 0.1], [0.18, 0.05, 0.09, 0.19, 0.24, 0.18, 0.12]]",0.13,0.18,166,"[0.33, 0.18, 0.11, 0.38]","[[0, 0, 0, 0, 0, 0, 0, 0], [0, 0, 0, 0, 0, 0, 0, 0], [0, 0, 0, 0, 0, 0, 0, 0], [0, 0, 0, 0, 0, 0, 0, 0]]",0.072
3304,0.0,1,"[[0.2, 0.14, 0.16, 0.12, 0.21, 0.18, 0.23], [0.06, 0.09, 0.16, 0.16, 0.14, 0.12, 0.15], [0.23, 0.08, 0.17, 0.11, 0.04, 0.14, 0.15], [0.06, 0.12, 0.16, 0.23, 0.08, 0.11, 0.15]]",0.13,0.06,166,"[0.33, 0.18, 0.11, 0.38]","[[0, 0, 0, 0, 0, 0, 0, 0], [0, 0, 0, 0, 0, 0, 0, 0], [0, 0, 0, 0, 0, 0, 0, 0], [0, 0, 0, 0, 0, 0, 0, 0]]",0.072
3305,0.0,1,"[[0.14, 0.16, 0.16, 0.21, 0.14, 0.04, 0.08], [0.06, 0.2, 0.17, 0.04, 0.15, 0.07, 0.15], [0.13, 0.19, 0.14, 0.02, 0.08, 0.23, 0.1], [0.15, 0.03, 0.13, 0.07, 0.13, 0.07, 0.19]]",0.13,0.13,166,"[0.26, 0.28, 0.24, 0.22]","[[0, 0, 0, 0, 0, 0, 0, 0], [0, 0, 0, 0, 0, 0, 0, 0], [0, 0, 0, 0, 0, 0, 0, 0], [0, 0, 0, 0, 0, 0, 0, 0]]",0.072
3306,0.0,1,"[[0.05, 0.08, 0.17, 0.15, 0.22, 0.07, 0.07], [0.06, 0.1, 0.12, 0.11, 0.19, 0.16, 0.05], [0.19, 0.16, 0.13, 0.06, 0.18, 0.04, 0.24], [0.15, 0.24, 0.11, 0.13, 0.14, 0.03, 0.01]]",0.13,0.05,166,"[0.86, 0.01, 0.05, 0.08]","[[0, 0, 0, 0, 0, 0, 0, 0], [0, 0, 0, 0, 0, 0, 0, 0], [0, 0, 0, 0, 0, 0, 0, 0], [0, 0, 0, 0, 0, 0, 0, 0]]",0.072
3307,0.0,1,"[[0.17, 0.04, 0.18, 0.09, 0.04, 0.16, 0.22], [0.22, 0.14, 0.04, 0.11, 0.04, 0.23, 0.13], [0.09, 0.1, 0.01, 0.06, 0.15, 0.17, 0.05], [0.04, 0.06, 0.1, 0.03, 0.1, 0.03, 0.15]]",0.13,0.04,166,"[0.35, 0.15, 0.13, 0.37]","[[0, 0, 0, 0, 0, 0, 0, 0], [0, 0, 0, 0, 0, 0, 0, 0], [0, 0, 0, 0, 0, 0, 0, 0], [0, 0, 0, 0, 0, 0, 0, 0]]",0.072
3308,0.0,1,"[[0.14, 0.15, 0.11, 0.2, 0.03, 0.13, 0.04], [0.03, 0.07, 0.1, 0.21, 0.1, 0.13, 0.08], [0.14, 0.03, 0.06, 0.05, 0.15, 0.08, 0.09], [0.13, 0.08, 0.16, 0.01, 0.21, 0.09, 0.05]]",0.13,0.14,166,"[0.06, 0.03, 0.86, 0.05]","[[0, 0, 0, 0, 0, 0, 0, 0], [0, 0, 0, 0, 0, 0, 0, 0], [0, 0, 0, 0, 0, 0, 0, 0], [0, 0, 0, 0, 0, 0, 0, 0]]",0.072
3309,0.0,1,"[[0.16, 0.11, 0.08, 0.09, 0.11, 0.11, 0.06], [0.14, 0.14, 0.15, 0.18, 0.2, 0.23, 0.09], [0.09, 0.18, 0.2, 0.13, 0.05, 0.16, 0.07], [0.08, 0.02, 0.16, 0.15, 0.1, 0.09, 0.12]]",0.13,0.09,166,"[0.08, 0.02, 0.89, 0.01]","[[0, 0, 0, 0, 0, 0, 0, 0], [0, 0, 0, 0, 0, 0, 0, 0], [0, 0, 0, 0, 0, 0, 0, 0], [0, 0, 0, 0, 0, 0, 0, 0]]",0.072
3310,0.0,7,"[[8.39, 1.9, 3.96, 5.78, 2.24, 5.8, 4.1], [0.94, 5.02, 2.49, 5.54, 6.54, 4.33, 9.65], [7.94, 7.8, 4.1, 9.82, 1.59, 4.84, 8.58], [8.96, 7.49, 1.94, 3.92, 0.76, 2.82, 6.17]]",5.0,9.65,166,"[0.11, 0.85, 0.02, 0.02]","[[0, 0, 0, 0, 0, 0, 0, 0], [0, 1, 2, 3, 4, 5, 6, 7], [0, 0, 0, 0, 0, 0, 0, 0], [0, 0, 0, 0, 0, 0, 0, 0]]",2.994
3311,0.0,7,"[[6.26, 0.19, 5.42, 8.23, 3.15, 1.79, 3.82], [4.19, 3.39, 2.75, 9.2, 5.7, 3.44, 3.56], [5.45, 5.72, 8.61, 4.63, 8.16, 8.36, 7.19], [3.14, 2.27, 7.83, 9.11, 0.69, 3.38, 9.35]]",5.0,9.35,166,"[0.1, 0.01, 0.01, 0.88]","[[0, 0, 0, 0, 0, 0, 0, 0], [0, 0, 0, 0, 0, 0, 0, 0], [0, 0, 0, 0, 0, 0, 0, 0], [0, 1, 2, 3, 4, 5, 6, 7]]",2.994
3312,0.0,4,"[[6.38, 4.4, 2.78, 4.02, 3.28, 4.56, 6.79], [6.89, 5.4, 5.87, 9.63, 0.42, 4.93, 4.29], [2.96, 2.23, 8.29, 4.74, 3.72, 2.39, 0.86], [5.36, 5.18, 6.28, 1.08, 2.81, 5.95, 9.65]]",5.0,9.63,166,"[0.2, 0.38, 0.3, 0.12]","[[0, 0, 0, 0, 0, 0, 0, 0], [0, 1, 3, 5, 7, 9, 11, 13], [0, 2, 4, 6, 8, 10, 12, 14], [0, 0, 0, 0, 0, 0, 0, 0]]",2.994
3313,0.0,1,"[[7.17, 3.46, 5.58, 3.93, 3.7, 2.49, 5.53], [9.77, 5.93, 5.47, 2.25, 8.04, 7.17, 0.39], [7.48, 1.53, 5.91, 7.74, 1.59, 6.73, 3.86], [5.1, 6.8, 2.11, 7.09, 7.57, 6.62, 8.34]]",5.0,7.17,166,"[0.88, 0.05, 0.05, 0.02]","[[0, 1, 2, 3, 4, 5, 6, 7], [0, 0, 0, 0, 0, 0, 0, 0], [0, 0, 0, 0, 0, 0, 0, 0], [0, 0, 0, 0, 0, 0, 0, 0]]",2.994
3314,0.0,4,"[[5.93, 4.61, 6.44, 6.58, 0.77, 6.66, 0.58], [1.24, 4.91, 5.63, 0.45, 3.38, 4.94, 3.12], [7.83, 1.4, 2.04, 7.87, 6.09, 6.31, 5.4], [6.34, 6.33, 4.75, 6.81, 8.3, 6.3, 9.27]]",5.0,7.87,166,"[0.01, 0.1, 0.87, 0.02]","[[0, 0, 0, 0, 0, 0, 0, 0], [0, 0, 0, 0, 0, 0, 0, 0], [0, 1, 2, 3, 4, 5, 6, 7], [0, 0, 0, 0, 0, 0, 0, 0]]",2.994
3315,0.0,2,"[[5.63, 2.91, 6.84, 6.5, 2.65, 5.91, 4.09], [5.16, 0.83, 2.41, 5.99, 6.15, 3.67, 6.12], [5.67, 9.08, 3.93, 7.57, 5.62, 2.51, 2.61], [4.59, 1.2, 4.42, 1.16, 8.17, 8.27, 1.11]]",5.0,1.2,166,"[0.14, 0.34, 0.35, 0.17]","[[0, 0, 0, 0, 0, 0, 0, 0], [0, 1, 3, 5, 7, 9, 11, 13], [0, 2, 4, 6, 8, 10, 12, 14], [0, 0, 0, 0, 0, 0, 0, 0]]",2.994
3316,0.0,1,"[[6.18, 4.93, 6.72, 3.3, 6.34, 6.06, 5.41], [7.2, 2.38, 3.93, 9.67, 4.79, 7.96, 3.99], [0.82, 2.25, 1.43, 2.43, 5.42, 7.07, 9.93], [9.97, 3.97, 5.79, 8.9, 4.27, 7.39, 5.81]]",5.0,7.2,166,"[0.28, 0.28, 0.19, 0.25]","[[0, 1, 4, 7, 10, 13, 16, 19], [0, 2, 5, 8, 11, 14, 17, 20], [0, 0, 0, 0, 0, 0, 0, 0], [0, 3, 6, 9, 12, 15, 18, 21]]",2.994
3317,0.0,1,"[[7.11, 5.78, 4.85, 4.33, 7.33, 7.89, 5.26], [5.95, 7.87, 3.44, 7.0, 6.97, 5.22, 6.26], [3.72, 9.35, 7.04, 6.38, 7.42, 6.47, 5.89], [5.94, 4.84, 1.39, 4.52, 3.41, 2.82, 3.73]]",5.0,7.11,166,"[0.33, 0.2, 0.24, 0.23]","[[0, 1, 5, 9, 13, 17, 21, 25], [0, 2, 6, 10, 14, 18, 22, 26], [0, 3, 7, 11, 15, 19, 23, 27], [0, 4, 8, 12, 16, 20, 24, 28]]",2.994
3318,0.0,4,"[[3.54, 3.18, 6.26, 3.39, 3.52, 5.47, 1.42], [3.13, 1.91, 7.14, 3.81, 4.58, 6.9, 8.39], [7.48, 1.27, 5.41, 7.63, 6.12, 1.81, 6.34], [6.09, 3.7, 4.25, 4.91, 0.8, 7.46, 7.59]]",5.0,7.63,166,"[0.04, 0.07, 0.88, 0.01]","[[0, 0, 0, 0, 0, 0, 0, 0], [0, 0, 0, 0, 0, 0, 0, 0], [0, 1, 2, 3, 4, 5, 6, 7], [0, 0, 0, 0, 0, 0, 0, 0]]",2.994
3319,0.0,1,"[[4.36, 8.7, 5.94, 4.41, 8.37, 5.83, 0.58], [9.58, 2.24, 8.49, 4.24, 4.63, 4.53, 5.29], [6.08, 4.31, 5.59, 3.3, 3.91, 4.21, 4.74], [9.25, 5.33, 1.67, 7.75, 5.64, 2.81, 3.02]]",5.0,6.08,166,"[0.31, 0.27, 0.14, 0.28]","[[0, 2, 4, 7, 10, 13, 16, 19], [0, 3, 5, 8, 11, 14, 17, 20], [0, 0, 0, 0, 0, 0, 0, 0], [0, 1, 6, 9, 12, 15, 18, 21]]",2.994
3320,0.0,1,"[[0.14, 0.15, 0.11, 0.2, 0.03, 0.13, 0.04], [0.03, 0.07, 0.1, 0.21, 0.1, 0.13, 0.08], [0.14, 0.03, 0.06, 0.05, 0.15, 0.08, 0.09], [0.13, 0.08, 0.16, 0.01, 0.21, 0.09, 0.05]]",0.13,0.14,167,"[0.06, 0.03, 0.86, 0.05]","[[0, 0, 0, 0, 0, 0, 0, 0], [0, 0, 0, 0, 0, 0, 0, 0], [0, 1, 2, 3, 4, 6, 5, 7], [0, 9, 8, 10, 11, 0, 0, 0]]",0.072
3321,0.0,1,"[[0.15, 0.06, 0.09, 0.11, 0.16, 0.04, 0.14], [0.13, 0.19, 0.06, 0.21, 0.14, 0.09, 0.14], [0.16, 0.13, 0.11, 0.14, 0.1, 0.12, 0.12], [0.2, 0.09, 0.2, 0.06, 0.12, 0.09, 0.16]]",0.13,0.16,167,"[0.08, 0.04, 0.87, 0.01]","[[0, 0, 0, 0, 0, 0, 0, 0], [0, 0, 0, 0, 0, 0, 0, 0], [0, 1, 2, 3, 4, 7, 5, 6], [0, 0, 0, 0, 0, 0, 0, 0]]",0.072
3322,0.0,7,"[[0.16, 0.21, 0.19, 0.12, 0.21, 0.05, 0.2], [0.14, 0.1, 0.04, 0.07, 0.08, 0.16, 0.22], [0.03, 0.17, 0.22, 0.13, 0.04, 0.22, 0.12], [0.16, 0.14, 0.16, 0.16, 0.18, 0.13, 0.14]]",0.13,0.22,167,"[0.06, 0.89, 0.04, 0.01]","[[0, 0, 0, 0, 0, 0, 0, 0], [0, 2, 3, 4, 5, 6, 7, 8], [0, 1, 0, 0, 0, 0, 0, 0], [0, 0, 0, 0, 0, 0, 0, 0]]",0.072
3323,0.0,4,"[[0.2, 0.14, 0.16, 0.12, 0.21, 0.18, 0.23], [0.06, 0.09, 0.16, 0.16, 0.14, 0.12, 0.15], [0.23, 0.08, 0.17, 0.11, 0.04, 0.14, 0.15], [0.06, 0.12, 0.16, 0.23, 0.08, 0.11, 0.15]]",0.13,0.12,167,"[0.33, 0.18, 0.11, 0.38]","[[0, 8, 9, 10, 11, 12, 13, 14], [0, 0, 0, 0, 15, 0, 0, 0], [0, 0, 0, 0, 16, 0, 0, 0], [0, 1, 2, 3, 4, 5, 6, 7]]",0.072
3324,0.0,7,"[[0.14, 0.07, 0.05, 0.18, 0.03, 0.01, 0.18], [0.19, 0.23, 0.07, 0.1, 0.08, 0.19, 0.2], [0.17, 0.24, 0.03, 0.21, 0.19, 0.07, 0.21], [0.14, 0.09, 0.21, 0.08, 0.19, 0.05, 0.09]]",0.13,0.21,167,"[0.15, 0.26, 0.26, 0.33]","[[0, 0, 0, 0, 0, 0, 0, 0], [0, 15, 17, 16, 18, 19, 20, 21], [0, 14, 8, 9, 10, 11, 12, 13], [0, 1, 2, 3, 4, 5, 6, 7]]",0.072
3325,0.0,3,"[[0.15, 0.08, 0.16, 0.16, 0.12, 0.04, 0.13], [0.17, 0.17, 0.2, 0.1, 0.06, 0.16, 0.12], [0.04, 0.25, 0.2, 0.11, 0.04, 0.11, 0.24], [0.15, 0.14, 0.05, 0.11, 0.22, 0.22, 0.2]]",0.13,0.2,167,"[0.01, 0.89, 0.09, 0.01]","[[0, 0, 0, 0, 0, 0, 0, 0], [0, 1, 2, 3, 4, 7, 5, 6], [0, 0, 0, 0, 0, 0, 0, 0], [0, 0, 0, 0, 0, 0, 0, 0]]",0.072
3326,0.0,3,"[[0.12, 0.04, 0.15, 0.03, 0.12, 0.21, 0.16], [0.15, 0.15, 0.1, 0.11, 0.22, 0.11, 0.06], [0.06, 0.07, 0.19, 0.11, 0.05, 0.07, 0.16], [0.05, 0.12, 0.14, 0.09, 0.12, 0.13, 0.02]]",0.13,0.19,167,"[0.04, 0.05, 0.89, 0.02]","[[0, 0, 0, 0, 0, 0, 0, 0], [0, 0, 0, 0, 0, 0, 0, 0], [0, 1, 2, 3, 4, 5, 6, 7], [0, 0, 0, 0, 0, 0, 0, 0]]",0.072
3327,0.0,7,"[[0.11, 0.13, 0.2, 0.15, 0.12, 0.07, 0.12], [0.17, 0.14, 0.08, 0.03, 0.14, 0.12, 0.21], [0.15, 0.05, 0.06, 0.08, 0.07, 0.16, 0.13], [0.11, 0.11, 0.13, 0.18, 0.08, 0.12, 0.15]]",0.13,0.21,167,"[0.11, 0.38, 0.34, 0.17]","[[0, 0, 0, 0, 0, 0, 0, 0], [0, 1, 2, 3, 4, 5, 6, 7], [0, 14, 13, 12, 11, 10, 9, 8], [0, 0, 0, 0, 0, 0, 0, 0]]",0.072
3328,0.0,7,"[[0.12, 0.17, 0.14, 0.13, 0.11, 0.07, 0.23], [0.21, 0.03, 0.18, 0.17, 0.22, 0.07, 0.12], [0.06, 0.15, 0.14, 0.1, 0.11, 0.15, 0.22], [0.13, 0.03, 0.18, 0.17, 0.07, 0.25, 0.1]]",0.13,0.23,167,"[0.39, 0.18, 0.15, 0.28]","[[0, 1, 2, 3, 4, 5, 6, 7], [0, 0, 0, 0, 0, 0, 0, 0], [0, 0, 0, 0, 0, 0, 0, 0], [0, 8, 9, 10, 11, 12, 13, 14]]",0.072
3329,0.0,6,"[[0.06, 0.11, 0.17, 0.23, 0.15, 0.14, 0.21], [0.16, 0.17, 0.08, 0.04, 0.07, 0.21, 0.12], [0.2, 0.19, 0.13, 0.12, 0.17, 0.2, 0.16], [0.1, 0.1, 0.12, 0.16, 0.01, 0.17, 0.09]]",0.13,0.17,167,"[0.23, 0.25, 0.3, 0.22]","[[0, 0, 0, 0, 0, 0, 21, 0], [0, 15, 16, 17, 18, 19, 20, 0], [0, 1, 2, 3, 7, 4, 6, 5], [0, 8, 9, 10, 11, 12, 13, 14]]",0.072
3330,0.0,2,"[[5.92, 9.68, 5.15, 2.59, 5.89, 7.38, 2.85], [1.22, 5.64, 6.3, 3.82, 9.13, 6.51, 3.36], [6.72, 1.0, 8.86, 8.25, 8.82, 6.13, 4.12], [7.5, 7.75, 5.39, 3.9, 7.48, 3.23, 1.98]]",5.0,5.64,167,"[0.3, 0.17, 0.24, 0.29]","[[0, 1, 2, 3, 4, 5, 6, 7], [0, 10, 11, 0, 0, 0, 0, 0], [0, 9, 12, 0, 0, 0, 0, 0], [0, 8, 13, 0, 0, 0, 0, 0]]",2.994
3331,0.0,4,"[[7.74, 3.22, 6.43, 3.71, 7.81, 4.87, 5.0], [6.79, 7.24, 2.38, 4.86, 3.87, 6.17, 4.92], [3.15, 9.58, 2.44, 5.2, 8.45, 2.58, 2.29], [4.2, 1.81, 5.9, 9.47, 8.69, 2.45, 6.94]]",5.0,3.71,167,"[0.15, 0.38, 0.14, 0.33]","[[0, 0, 10, 0, 0, 0, 0, 0], [0, 1, 2, 3, 4, 5, 6, 7], [0, 0, 9, 0, 0, 0, 0, 0], [0, 11, 8, 12, 13, 14, 15, 16]]",2.994
3332,0.0,6,"[[3.4, 2.14, 9.33, 2.59, 4.55, 1.09, 2.85], [2.69, 7.17, 4.91, 8.03, 6.07, 6.49, 2.28], [2.24, 5.15, 4.83, 2.39, 2.78, 7.43, 5.61], [3.01, 5.69, 6.66, 3.22, 3.6, 8.48, 3.28]]",5.0,7.43,167,"[0.07, 0.01, 0.9, 0.02]","[[0, 0, 0, 0, 0, 0, 8, 0], [0, 0, 0, 0, 0, 0, 9, 0], [0, 1, 2, 3, 4, 5, 6, 7], [0, 0, 0, 0, 0, 0, 10, 0]]",2.994
3333,0.0,1,"[[5.93, 4.61, 6.44, 6.58, 0.77, 6.66, 0.58], [1.24, 4.91, 5.63, 0.45, 3.38, 4.94, 3.12], [7.83, 1.4, 2.04, 7.87, 6.09, 6.31, 5.4], [6.34, 6.33, 4.75, 6.81, 8.3, 6.3, 9.27]]",5.0,7.83,167,"[0.01, 0.1, 0.87, 0.02]","[[0, 0, 0, 0, 0, 0, 0, 0], [0, 0, 0, 0, 0, 0, 0, 0], [0, 1, 2, 3, 4, 5, 6, 7], [0, 0, 0, 0, 0, 0, 0, 0]]",2.994
3334,0.0,1,"[[7.17, 3.46, 5.58, 3.93, 3.7, 2.49, 5.53], [9.77, 5.93, 5.47, 2.25, 8.04, 7.17, 0.39], [7.48, 1.53, 5.91, 7.74, 1.59, 6.73, 3.86], [5.1, 6.8, 2.11, 7.09, 7.57, 6.62, 8.34]]",5.0,7.17,167,"[0.88, 0.05, 0.05, 0.02]","[[0, 1, 2, 3, 4, 5, 6, 7], [0, 0, 0, 0, 0, 0, 0, 0], [0, 0, 0, 0, 0, 0, 0, 0], [0, 0, 0, 0, 0, 0, 0, 0]]",2.994
3335,0.0,4,"[[3.54, 3.18, 6.26, 3.39, 3.52, 5.47, 1.42], [3.13, 1.91, 7.14, 3.81, 4.58, 6.9, 8.39], [7.48, 1.27, 5.41, 7.63, 6.12, 1.81, 6.34], [6.09, 3.7, 4.25, 4.91, 0.8, 7.46, 7.59]]",5.0,7.63,167,"[0.04, 0.07, 0.88, 0.01]","[[0, 0, 0, 0, 0, 0, 0, 0], [0, 0, 0, 0, 0, 0, 0, 0], [0, 1, 2, 3, 4, 5, 7, 6], [0, 0, 0, 0, 0, 0, 0, 0]]",2.994
3336,0.0,5,"[[2.65, 1.66, 4.12, 6.28, 3.9, 4.24, 8.17], [4.84, 2.23, 5.57, 7.45, 3.35, 5.55, 3.39], [6.15, 3.53, 5.47, 2.82, 6.99, 9.09, 0.79], [2.47, 2.31, 1.36, 3.11, 4.52, 5.21, 3.31]]",5.0,4.52,167,"[0.01, 0.06, 0.02, 0.91]","[[0, 0, 0, 0, 0, 0, 0, 0], [0, 0, 0, 0, 0, 0, 0, 0], [0, 0, 0, 0, 0, 0, 0, 0], [0, 1, 2, 3, 4, 5, 7, 6]]",2.994
3337,0.0,6,"[[3.55, 2.94, 0.08, 3.13, 2.15, 9.59, 4.77], [4.35, 5.83, 1.82, 2.79, 3.6, 4.35, 6.66], [4.91, 4.62, 9.06, 2.02, 4.04, 2.21, 7.62], [0.78, 5.9, 1.77, 4.45, 7.63, 4.39, 2.86]]",5.0,9.59,167,"[0.34, 0.11, 0.27, 0.28]","[[0, 3, 4, 7, 12, 13, 17, 24], [0, 0, 0, 0, 0, 14, 18, 23], [0, 2, 5, 8, 11, 15, 19, 22], [0, 1, 6, 9, 10, 16, 20, 21]]",2.994
3338,0.0,6,"[[3.95, 8.96, 8.28, 6.18, 7.02, 4.65, 4.21], [7.39, 4.82, 4.44, 1.73, 7.35, 9.66, 2.04], [6.67, 2.62, 2.43, 7.24, 6.32, 7.33, 5.82], [4.75, 4.96, 2.68, 1.71, 6.22, 1.58, 9.11]]",5.0,9.66,167,"[0.25, 0.24, 0.28, 0.23]","[[0, 1, 11, 7, 0, 0, 17, 0], [0, 2, 6, 8, 0, 0, 18, 0], [0, 3, 5, 9, 13, 14, 15, 16], [0, 4, 12, 10, 0, 0, 19, 0]]",2.994
3339,0.0,2,"[[7.91, 1.03, 5.87, 7.52, 6.88, 7.18, 6.1], [5.88, 5.55, 1.78, 3.0, 4.69, 4.52, 8.75], [5.71, 1.25, 6.22, 6.17, 8.38, 7.26, 4.32], [6.4, 8.88, 5.28, 4.23, 1.08, 0.7, 3.39]]",5.0,1.03,167,"[0.3, 0.18, 0.2, 0.32]","[[0, 9, 10, 13, 14, 17, 18, 21], [0, 0, 0, 0, 0, 0, 0, 0], [0, 8, 11, 12, 15, 16, 19, 20], [0, 1, 2, 3, 4, 7, 5, 6]]",2.994
3340,0.01,6,"[[2.65, 1.66, 4.12, 6.28, 3.9, 4.24, 8.17], [4.84, 2.23, 5.57, 7.45, 3.35, 5.55, 3.39], [6.15, 3.53, 5.47, 2.82, 6.99, 9.09, 0.79], [2.47, 2.31, 1.36, 3.11, 4.52, 5.21, 3.31]]",5.0,5.21,168,"[0.01, 0.06, 0.02, 0.91]","[[0, 0, 0, 0, 0, 0, 0, 0], [0, 0, 0, 0, 0, 0, 0, 0], [0, 0, 0, 0, 0, 0, 0, 0], [0, 1, 2, 3, 4, 5, 6, 7]]",2.994
3341,0.01,7,"[[5.71, 4.0, 7.87, 3.26, 8.95, 9.97, 6.35], [4.81, 5.73, 5.74, 5.66, 5.51, 4.81, 7.59], [6.14, 5.62, 3.6, 6.94, 3.42, 3.6, 6.26], [1.09, 4.7, 1.56, 4.05, 2.65, 4.29, 5.33]]",5.0,5.33,168,"[0.02, 0.08, 0.03, 0.87]","[[0, 0, 0, 0, 0, 0, 0, 0], [0, 0, 0, 0, 0, 0, 0, 0], [0, 0, 0, 0, 0, 0, 0, 0], [0, 1, 2, 3, 4, 5, 6, 7]]",2.994
3342,0.01,3,"[[7.29, 4.26, 4.93, 3.96, 3.34, 8.54, 6.49], [0.79, 3.44, 2.71, 8.71, 2.86, 7.09, 3.94], [9.61, 8.74, 7.3, 3.82, 1.83, 1.17, 5.37], [2.04, 1.98, 8.39, 1.63, 1.8, 1.97, 7.71]]",5.0,4.93,168,"[0.21, 0.28, 0.29, 0.22]","[[0, 1, 5, 9, 13, 0, 0, 0], [0, 2, 6, 10, 14, 0, 0, 0], [0, 3, 7, 11, 0, 0, 0, 0], [0, 4, 8, 12, 0, 0, 0, 0]]",2.994
3343,0.01,2,"[[1.92, 6.77, 0.18, 0.58, 7.09, 4.34, 4.61], [2.63, 2.6, 4.89, 2.52, 8.42, 2.23, 4.37], [6.54, 7.27, 4.71, 3.86, 8.83, 4.81, 5.31], [5.47, 8.91, 3.37, 8.65, 6.85, 1.47, 5.12]]",5.0,6.77,168,"[0.31, 0.2, 0.17, 0.32]","[[0, 4, 5, 0, 0, 0, 0, 0], [0, 3, 6, 0, 0, 0, 0, 0], [0, 2, 7, 0, 0, 0, 0, 0], [0, 1, 8, 0, 0, 0, 0, 0]]",2.994
3344,0.01,5,"[[3.89, 7.03, 1.42, 3.85, 5.57, 3.85, 2.09], [1.42, 3.42, 3.49, 1.78, 8.76, 8.52, 6.88], [3.98, 7.53, 6.94, 2.68, 5.16, 4.6, 0.82], [7.43, 7.31, 6.36, 5.75, 9.0, 9.88, 3.78]]",5.0,5.57,168,"[0.86, 0.01, 0.02, 0.11]","[[0, 1, 2, 3, 4, 5, 6, 7], [0, 0, 0, 0, 0, 8, 0, 0], [0, 0, 0, 0, 0, 9, 0, 0], [0, 0, 0, 0, 0, 10, 0, 0]]",2.994
3345,0.01,1,"[[7.17, 3.46, 5.58, 3.93, 3.7, 2.49, 5.53], [9.77, 5.93, 5.47, 2.25, 8.04, 7.17, 0.39], [7.48, 1.53, 5.91, 7.74, 1.59, 6.73, 3.86], [5.1, 6.8, 2.11, 7.09, 7.57, 6.62, 8.34]]",5.0,7.17,168,"[0.88, 0.05, 0.05, 0.02]","[[0, 1, 2, 3, 4, 5, 6, 7], [0, 0, 0, 0, 0, 0, 0, 0], [0, 0, 0, 0, 0, 0, 0, 0], [0, 0, 0, 0, 0, 0, 0, 0]]",2.994
3346,0.01,7,"[[6.26, 0.19, 5.42, 8.23, 3.15, 1.79, 3.82], [4.19, 3.39, 2.75, 9.2, 5.7, 3.44, 3.56], [5.45, 5.72, 8.61, 4.63, 8.16, 8.36, 7.19], [3.14, 2.27, 7.83, 9.11, 0.69, 3.38, 9.35]]",5.0,9.35,168,"[0.1, 0.01, 0.01, 0.88]","[[0, 0, 0, 0, 0, 0, 0, 10], [0, 0, 0, 0, 0, 0, 0, 9], [0, 0, 0, 0, 0, 0, 0, 8], [0, 1, 2, 3, 4, 5, 6, 7]]",2.994
3347,0.01,4,"[[2.67, 1.86, 1.79, 5.75, 3.59, 3.3, 1.49], [1.18, 8.77, 6.89, 4.16, 3.25, 3.0, 9.34], [1.75, 2.03, 4.01, 8.67, 5.48, 1.04, 6.3], [4.37, 0.5, 5.19, 4.46, 0.43, 0.13, 6.06]]",5.0,5.75,168,"[0.24, 0.23, 0.24, 0.29]","[[0, 1, 5, 9, 13, 0, 0, 0], [0, 2, 6, 10, 14, 0, 0, 0], [0, 3, 7, 11, 15, 0, 0, 0], [0, 4, 8, 12, 16, 0, 0, 0]]",2.994
3348,0.01,1,"[[6.38, 4.4, 2.78, 4.02, 3.28, 4.56, 6.79], [6.89, 5.4, 5.87, 9.63, 0.42, 4.93, 4.29], [2.96, 2.23, 8.29, 4.74, 3.72, 2.39, 0.86], [5.36, 5.18, 6.28, 1.08, 2.81, 5.95, 9.65]]",5.0,2.96,168,"[0.2, 0.38, 0.3, 0.12]","[[0, 1, 0, 6, 0, 0, 0, 0], [0, 2, 0, 0, 0, 0, 0, 0], [0, 3, 5, 0, 0, 0, 0, 0], [0, 4, 0, 0, 0, 0, 0, 0]]",2.994
3349,0.01,1,"[[5.77, 3.99, 6.61, 4.81, 8.16, 4.87, 2.84], [5.38, 5.12, 5.88, 4.67, 7.45, 7.64, 1.41], [2.86, 1.79, 4.9, 7.89, 6.3, 3.05, 5.2], [5.28, 6.58, 1.34, 2.2, 4.69, 6.92, 5.01]]",5.0,5.77,168,"[0.34, 0.23, 0.11, 0.32]","[[0, 1, 5, 0, 6, 15, 14, 13], [0, 2, 0, 0, 0, 0, 0, 0], [0, 3, 0, 0, 0, 0, 0, 0], [0, 4, 8, 9, 7, 10, 11, 12]]",2.994
3350,0.01,1,"[[0.1, 0.1, 0.17, 0.08, 0.04, 0.09, 0.12], [0.18, 0.07, 0.12, 0.15, 0.14, 0.22, 0.18], [0.17, 0.02, 0.06, 0.16, 0.1, 0.2, 0.19], [0.23, 0.18, 0.17, 0.22, 0.21, 0.09, 0.19]]",0.13,0.23,168,"[0.21, 0.32, 0.34, 0.13]","[[0, 3, 0, 0, 0, 0, 0, 0], [0, 1, 0, 0, 0, 0, 0, 0], [0, 2, 0, 0, 0, 0, 0, 0], [0, 4, 0, 0, 0, 0, 0, 0]]",0.072
3351,0.01,2,"[[0.15, 0.08, 0.15, 0.12, 0.15, 0.08, 0.22], [0.12, 0.2, 0.22, 0.16, 0.25, 0.12, 0.11], [0.19, 0.22, 0.15, 0.08, 0.12, 0.14, 0.2], [0.21, 0.16, 0.09, 0.16, 0.22, 0.15, 0.19]]",0.13,0.22,168,"[0.05, 0.07, 0.86, 0.02]","[[0, 0, 0, 0, 0, 0, 0, 0], [0, 0, 0, 0, 0, 0, 0, 0], [0, 1, 2, 3, 4, 5, 0, 0], [0, 0, 0, 0, 0, 0, 0, 0]]",0.072
3352,0.01,2,"[[0.07, 0.16, 0.11, 0.2, 0.2, 0.19, 0.16], [0.15, 0.22, 0.24, 0.17, 0.18, 0.12, 0.12], [0.11, 0.16, 0.11, 0.12, 0.21, 0.06, 0.16], [0.17, 0.22, 0.15, 0.11, 0.24, 0.11, 0.17]]",0.13,0.22,168,"[0.09, 0.03, 0.01, 0.87]","[[0, 0, 0, 0, 0, 0, 0, 0], [0, 0, 0, 0, 0, 0, 0, 0], [0, 0, 0, 0, 0, 0, 0, 0], [0, 1, 2, 3, 4, 0, 0, 0]]",0.072
3353,0.01,1,"[[0.11, 0.17, 0.16, 0.1, 0.16, 0.08, 0.16], [0.14, 0.11, 0.1, 0.17, 0.15, 0.09, 0.15], [0.18, 0.13, 0.06, 0.09, 0.04, 0.12, 0.18], [0.24, 0.17, 0.23, 0.17, 0.08, 0.13, 0.06]]",0.13,0.11,168,"[0.26, 0.27, 0.3, 0.17]","[[0, 4, 0, 0, 0, 0, 0, 0], [0, 2, 0, 0, 0, 0, 0, 0], [0, 3, 0, 0, 0, 0, 0, 0], [0, 1, 0, 0, 0, 0, 0, 0]]",0.072
3354,0.01,4,"[[0.16, 0.14, 0.08, 0.14, 0.11, 0.13, 0.09], [0.19, 0.11, 0.19, 0.08, 0.11, 0.19, 0.13], [0.21, 0.23, 0.11, 0.11, 0.1, 0.18, 0.03], [0.04, 0.14, 0.12, 0.13, 0.05, 0.04, 0.05]]",0.13,0.14,168,"[0.31, 0.22, 0.18, 0.29]","[[0, 1, 0, 0, 4, 0, 0, 0], [0, 0, 0, 0, 5, 0, 0, 0], [0, 0, 0, 0, 6, 0, 0, 0], [0, 2, 0, 0, 3, 0, 0, 0]]",0.072
3355,0.01,5,"[[0.14, 0.15, 0.11, 0.2, 0.03, 0.13, 0.04], [0.03, 0.07, 0.1, 0.21, 0.1, 0.13, 0.08], [0.14, 0.03, 0.06, 0.05, 0.15, 0.08, 0.09], [0.13, 0.08, 0.16, 0.01, 0.21, 0.09, 0.05]]",0.13,0.15,168,"[0.06, 0.03, 0.86, 0.05]","[[0, 0, 0, 0, 0, 0, 0, 0], [0, 0, 0, 0, 0, 0, 0, 0], [0, 1, 2, 3, 4, 5, 6, 7], [0, 0, 0, 0, 0, 0, 0, 0]]",0.072
3356,0.01,3,"[[0.01, 0.19, 0.1, 0.03, 0.13, 0.15, 0.13], [0.17, 0.18, 0.07, 0.17, 0.17, 0.12, 0.12], [0.11, 0.17, 0.18, 0.22, 0.08, 0.06, 0.07], [0.12, 0.02, 0.07, 0.16, 0.17, 0.14, 0.04]]",0.13,0.07,168,"[0.3, 0.29, 0.13, 0.28]","[[0, 5, 0, 7, 6, 0, 0, 0], [0, 1, 0, 8, 2, 0, 0, 0], [0, 0, 0, 9, 0, 0, 0, 0], [0, 4, 0, 10, 3, 0, 0, 0]]",0.072
3357,0.01,1,"[[0.14, 0.16, 0.16, 0.21, 0.14, 0.04, 0.08], [0.06, 0.2, 0.17, 0.04, 0.15, 0.07, 0.15], [0.13, 0.19, 0.14, 0.02, 0.08, 0.23, 0.1], [0.15, 0.03, 0.13, 0.07, 0.13, 0.07, 0.19]]",0.13,0.14,168,"[0.26, 0.28, 0.24, 0.22]","[[0, 1, 0, 0, 2, 0, 0, 0], [0, 0, 0, 0, 3, 0, 0, 0], [0, 0, 0, 0, 4, 0, 0, 0], [0, 0, 0, 0, 5, 0, 0, 0]]",0.072
3358,0.01,5,"[[0.19, 0.09, 0.13, 0.2, 0.03, 0.17, 0.2], [0.08, 0.14, 0.18, 0.15, 0.19, 0.11, 0.07], [0.15, 0.06, 0.07, 0.11, 0.19, 0.02, 0.14], [0.12, 0.04, 0.06, 0.04, 0.06, 0.19, 0.09]]",0.13,0.19,168,"[0.02, 0.85, 0.05, 0.08]","[[0, 0, 0, 0, 0, 0, 0, 0], [0, 1, 2, 3, 4, 5, 0, 0], [0, 0, 0, 0, 0, 0, 0, 0], [0, 0, 0, 0, 0, 0, 0, 0]]",0.072
3359,0.01,2,"[[0.08, 0.23, 0.16, 0.14, 0.22, 0.12, 0.2], [0.17, 0.2, 0.03, 0.17, 0.21, 0.17, 0.07], [0.08, 0.2, 0.14, 0.22, 0.1, 0.13, 0.17], [0.07, 0.12, 0.01, 0.11, 0.05, 0.12, 0.17]]",0.13,0.23,168,"[0.86, 0.03, 0.04, 0.07]","[[0, 1, 2, 3, 0, 0, 0, 0], [0, 0, 0, 0, 0, 0, 0, 0], [0, 0, 0, 0, 0, 0, 0, 0], [0, 0, 0, 0, 0, 0, 0, 0]]",0.072
3360,0.01,1,"[[0.23, 0.06, 0.08, 0.13, 0.11, 0.05, 0.11], [0.17, 0.17, 0.17, 0.13, 0.09, 0.2, 0.07], [0.21, 0.11, 0.17, 0.05, 0.13, 0.11, 0.17], [0.16, 0.02, 0.2, 0.19, 0.23, 0.13, 0.13]]",0.13,0.16,169,"[0.24, 0.22, 0.21, 0.33]","[[0, 0, 0, 0, 0, 0, 0, 0], [0, 0, 0, 0, 3, 0, 0, 0], [0, 0, 0, 0, 0, 0, 0, 0], [0, 1, 0, 2, 0, 4, 0, 0]]",0.072
3361,0.01,3,"[[0.14, 0.12, 0.08, 0.02, 0.14, 0.19, 0.09], [0.2, 0.01, 0.13, 0.03, 0.11, 0.06, 0.23], [0.19, 0.12, 0.16, 0.15, 0.16, 0.07, 0.21], [0.09, 0.14, 0.24, 0.12, 0.1, 0.2, 0.16]]",0.13,0.08,169,"[0.36, 0.17, 0.12, 0.35]","[[0, 1, 0, 0, 0, 3, 0, 0], [0, 0, 0, 0, 0, 0, 0, 4], [0, 0, 0, 0, 0, 0, 0, 0], [0, 0, 0, 2, 0, 0, 0, 0]]",0.072
3362,0.01,1,"[[0.14, 0.15, 0.11, 0.2, 0.03, 0.13, 0.04], [0.03, 0.07, 0.1, 0.21, 0.1, 0.13, 0.08], [0.14, 0.03, 0.06, 0.05, 0.15, 0.08, 0.09], [0.13, 0.08, 0.16, 0.01, 0.21, 0.09, 0.05]]",0.13,0.14,169,"[0.06, 0.03, 0.86, 0.05]","[[0, 0, 0, 0, 0, 0, 0, 0], [0, 0, 0, 0, 0, 0, 0, 0], [0, 1, 5, 0, 2, 0, 3, 4], [0, 0, 0, 0, 0, 0, 0, 0]]",0.072
3363,0.01,4,"[[0.02, 0.18, 0.09, 0.13, 0.07, 0.12, 0.08], [0.15, 0.12, 0.24, 0.14, 0.1, 0.01, 0.14], [0.2, 0.14, 0.24, 0.13, 0.22, 0.23, 0.18], [0.11, 0.21, 0.18, 0.07, 0.12, 0.14, 0.14]]",0.13,0.13,169,"[0.85, 0.02, 0.03, 0.1]","[[0, 1, 0, 4, 2, 0, 3, 5], [0, 0, 0, 0, 0, 0, 0, 0], [0, 0, 0, 0, 0, 0, 0, 0], [0, 0, 0, 0, 0, 0, 0, 0]]",0.072
3364,0.01,3,"[[0.16, 0.11, 0.08, 0.09, 0.11, 0.11, 0.06], [0.14, 0.14, 0.15, 0.18, 0.2, 0.23, 0.09], [0.09, 0.18, 0.2, 0.13, 0.05, 0.16, 0.07], [0.08, 0.02, 0.16, 0.15, 0.1, 0.09, 0.12]]",0.13,0.2,169,"[0.08, 0.02, 0.89, 0.01]","[[0, 0, 0, 0, 0, 0, 0, 0], [0, 0, 0, 0, 0, 0, 0, 0], [0, 4, 1, 5, 0, 2, 0, 3], [0, 0, 0, 0, 0, 0, 0, 0]]",0.072
3365,0.01,5,"[[0.08, 0.23, 0.11, 0.15, 0.14, 0.16, 0.07], [0.19, 0.17, 0.09, 0.16, 0.14, 0.09, 0.03], [0.13, 0.11, 0.24, 0.17, 0.14, 0.06, 0.15], [0.09, 0.17, 0.09, 0.17, 0.19, 0.1, 0.17]]",0.13,0.14,169,"[0.01, 0.02, 0.11, 0.86]","[[0, 0, 0, 0, 0, 0, 0, 0], [0, 0, 0, 0, 0, 0, 0, 0], [0, 0, 0, 0, 0, 0, 0, 0], [0, 0, 1, 3, 5, 2, 4, 0]]",0.072
3366,0.01,2,"[[0.01, 0.19, 0.1, 0.03, 0.13, 0.15, 0.13], [0.17, 0.18, 0.07, 0.17, 0.17, 0.12, 0.12], [0.11, 0.17, 0.18, 0.22, 0.08, 0.06, 0.07], [0.12, 0.02, 0.07, 0.16, 0.17, 0.14, 0.04]]",0.13,0.02,169,"[0.3, 0.29, 0.13, 0.28]","[[0, 0, 1, 0, 0, 0, 0, 0], [0, 0, 4, 0, 2, 0, 0, 0], [0, 0, 0, 0, 0, 0, 0, 0], [0, 0, 0, 0, 0, 0, 3, 0]]",0.072
3367,0.01,5,"[[0.06, 0.1, 0.22, 0.17, 0.09, 0.03, 0.08], [0.24, 0.07, 0.1, 0.11, 0.11, 0.15, 0.16], [0.04, 0.05, 0.2, 0.13, 0.03, 0.1, 0.19], [0.2, 0.09, 0.17, 0.15, 0.2, 0.1, 0.15]]",0.13,0.2,169,"[0.01, 0.1, 0.04, 0.85]","[[0, 0, 0, 0, 0, 0, 0, 0], [0, 0, 0, 0, 0, 5, 0, 0], [0, 0, 0, 0, 0, 0, 0, 0], [0, 1, 0, 2, 0, 3, 0, 4]]",0.072
3368,0.01,5,"[[0.09, 0.06, 0.16, 0.11, 0.12, 0.22, 0.04], [0.11, 0.19, 0.13, 0.18, 0.2, 0.12, 0.12], [0.11, 0.08, 0.15, 0.06, 0.15, 0.13, 0.16], [0.08, 0.15, 0.2, 0.17, 0.24, 0.04, 0.12]]",0.13,0.24,169,"[0.15, 0.32, 0.21, 0.32]","[[0, 0, 0, 0, 0, 0, 0, 0], [0, 0, 1, 4, 0, 3, 0, 0], [0, 0, 0, 0, 0, 0, 0, 0], [0, 0, 0, 2, 0, 5, 0, 0]]",0.072
3369,0.01,4,"[[0.22, 0.12, 0.18, 0.2, 0.04, 0.04, 0.16], [0.19, 0.18, 0.17, 0.17, 0.18, 0.2, 0.15], [0.03, 0.13, 0.18, 0.12, 0.17, 0.16, 0.08], [0.21, 0.09, 0.16, 0.11, 0.25, 0.1, 0.16]]",0.13,0.11,169,"[0.34, 0.12, 0.22, 0.32]","[[0, 0, 0, 0, 0, 0, 0, 0], [0, 0, 0, 0, 0, 0, 0, 0], [0, 0, 0, 0, 0, 0, 3, 5], [0, 0, 1, 0, 2, 0, 6, 4]]",0.072
3370,0.01,5,"[[5.63, 2.91, 6.84, 6.5, 2.65, 5.91, 4.09], [5.16, 0.83, 2.41, 5.99, 6.15, 3.67, 6.12], [5.67, 9.08, 3.93, 7.57, 5.62, 2.51, 2.61], [4.59, 1.2, 4.42, 1.16, 8.17, 8.27, 1.11]]",5.0,5.62,169,"[0.14, 0.34, 0.35, 0.17]","[[0, 0, 0, 0, 0, 0, 0, 0], [0, 0, 0, 2, 0, 6, 0, 4], [0, 1, 0, 0, 0, 3, 0, 5], [0, 0, 0, 0, 0, 0, 0, 0]]",2.994
3371,0.01,1,"[[4.36, 8.7, 5.94, 4.41, 8.37, 5.83, 0.58], [9.58, 2.24, 8.49, 4.24, 4.63, 4.53, 5.29], [6.08, 4.31, 5.59, 3.3, 3.91, 4.21, 4.74], [9.25, 5.33, 1.67, 7.75, 5.64, 2.81, 3.02]]",5.0,4.36,169,"[0.31, 0.27, 0.14, 0.28]","[[0, 1, 0, 0, 0, 0, 0, 0], [0, 8, 0, 2, 0, 4, 0, 6], [0, 0, 0, 0, 0, 0, 0, 0], [0, 9, 0, 3, 0, 5, 0, 7]]",2.994
3372,0.01,1,"[[7.17, 3.46, 5.58, 3.93, 3.7, 2.49, 5.53], [9.77, 5.93, 5.47, 2.25, 8.04, 7.17, 0.39], [7.48, 1.53, 5.91, 7.74, 1.59, 6.73, 3.86], [5.1, 6.8, 2.11, 7.09, 7.57, 6.62, 8.34]]",5.0,7.17,169,"[0.88, 0.05, 0.05, 0.02]","[[0, 1, 6, 2, 7, 3, 4, 5], [0, 8, 0, 0, 0, 0, 0, 0], [0, 0, 0, 0, 0, 0, 0, 0], [0, 0, 0, 0, 0, 0, 0, 0]]",2.994
3373,0.01,2,"[[2.54, 7.44, 2.24, 4.32, 2.76, 9.01, 8.48], [1.82, 8.34, 6.23, 3.89, 6.94, 3.11, 6.18], [7.6, 3.71, 5.31, 9.83, 1.09, 3.87, 7.81], [7.76, 7.0, 2.77, 7.48, 3.83, 0.31, 3.13]]",5.0,7.0,169,"[0.04, 0.07, 0.03, 0.86]","[[0, 0, 0, 0, 0, 0, 0, 0], [0, 8, 9, 0, 0, 0, 0, 0], [0, 0, 0, 0, 0, 0, 0, 0], [0, 1, 2, 3, 4, 5, 6, 7]]",2.994
3374,0.01,2,"[[7.78, 7.83, 6.34, 3.49, 9.25, 4.1, 8.16], [4.02, 5.78, 4.37, 3.5, 3.65, 5.34, 1.1], [4.29, 1.52, 3.77, 7.63, 3.05, 0.82, 4.95], [8.46, 6.15, 6.73, 3.18, 8.15, 6.29, 5.32]]",5.0,1.52,169,"[0.2, 0.29, 0.22, 0.29]","[[0, 0, 0, 0, 0, 0, 0, 0], [0, 9, 2, 8, 0, 6, 13, 10], [0, 0, 0, 0, 0, 0, 0, 0], [0, 1, 7, 3, 12, 4, 11, 5]]",2.994
3375,0.01,4,"[[5.97, 8.23, 1.24, 7.62, 4.62, 4.29, 5.98], [8.29, 4.65, 5.55, 1.01, 2.98, 8.74, 8.92], [1.93, 2.81, 4.79, 6.01, 7.29, 6.55, 4.48], [9.09, 1.98, 6.38, 4.5, 3.08, 5.26, 4.47]]",5.0,6.01,169,"[0.86, 0.01, 0.12, 0.01]","[[0, 1, 2, 3, 4, 5, 6, 7], [0, 0, 0, 0, 0, 0, 0, 0], [0, 0, 8, 0, 9, 0, 0, 0], [0, 0, 0, 0, 0, 0, 0, 0]]",2.994
3376,0.01,4,"[[7.29, 4.26, 4.93, 3.96, 3.34, 8.54, 6.49], [0.79, 3.44, 2.71, 8.71, 2.86, 7.09, 3.94], [9.61, 8.74, 7.3, 3.82, 1.83, 1.17, 5.37], [2.04, 1.98, 8.39, 1.63, 1.8, 1.97, 7.71]]",5.0,3.96,169,"[0.21, 0.28, 0.29, 0.22]","[[0, 0, 0, 0, 15, 14, 0, 0], [0, 1, 8, 11, 10, 12, 13, 18], [0, 9, 2, 3, 4, 5, 6, 7], [0, 0, 0, 0, 17, 16, 0, 0]]",2.994
3377,0.01,5,"[[7.11, 5.78, 4.85, 4.33, 7.33, 7.89, 5.26], [5.95, 7.87, 3.44, 7.0, 6.97, 5.22, 6.26], [3.72, 9.35, 7.04, 6.38, 7.42, 6.47, 5.89], [5.94, 4.84, 1.39, 4.52, 3.41, 2.82, 3.73]]",5.0,7.33,169,"[0.33, 0.2, 0.24, 0.23]","[[0, 1, 2, 3, 4, 5, 8, 10], [0, 0, 0, 0, 0, 12, 13, 0], [0, 7, 0, 0, 0, 6, 9, 11], [0, 0, 0, 0, 0, 0, 0, 0]]",2.994
3378,0.01,3,"[[9.88, 3.37, 6.84, 6.02, 5.72, 2.47, 6.83], [4.66, 3.57, 1.89, 8.02, 4.52, 4.58, 0.56], [5.57, 8.71, 8.98, 7.3, 1.41, 5.09, 6.3], [2.79, 3.58, 9.87, 3.61, 3.51, 7.13, 2.78]]",5.0,9.87,169,"[0.02, 0.05, 0.05, 0.88]","[[0, 0, 0, 0, 0, 0, 0, 0], [0, 0, 0, 8, 0, 0, 9, 0], [0, 0, 0, 11, 0, 0, 10, 0], [0, 1, 2, 3, 4, 5, 6, 7]]",2.994
3379,0.01,2,"[[0.72, 5.25, 9.97, 4.85, 8.58, 2.57, 9.15], [5.48, 9.36, 2.36, 9.25, 3.72, 4.76, 6.74], [7.14, 7.36, 2.91, 4.13, 7.03, 8.48, 0.38], [5.84, 6.37, 7.56, 3.71, 4.02, 2.93, 0.09]]",5.0,6.37,169,"[0.03, 0.85, 0.06, 0.06]","[[0, 0, 0, 0, 0, 0, 0, 0], [0, 1, 2, 3, 4, 5, 6, 7], [0, 0, 9, 0, 8, 0, 0, 0], [0, 0, 10, 0, 11, 0, 0, 0]]",2.994
3380,0.01,2,"[[0.1, 0.22, 0.11, 0.07, 0.15, 0.15, 0.08], [0.22, 0.14, 0.05, 0.13, 0.2, 0.14, 0.2], [0.02, 0.25, 0.2, 0.08, 0.15, 0.02, 0.07], [0.11, 0.1, 0.17, 0.14, 0.2, 0.08, 0.11]]",0.13,0.22,170,"[0.87, 0.08, 0.02, 0.03]","[[0, 1, 2, 3, 4, 5, 6, 7], [0, 0, 0, 0, 0, 0, 0, 0], [0, 0, 0, 0, 0, 0, 0, 0], [0, 0, 0, 0, 0, 0, 0, 0]]",0.072
3381,0.01,3,"[[0.23, 0.06, 0.08, 0.13, 0.11, 0.05, 0.11], [0.17, 0.17, 0.17, 0.13, 0.09, 0.2, 0.07], [0.21, 0.11, 0.17, 0.05, 0.13, 0.11, 0.17], [0.16, 0.02, 0.2, 0.19, 0.23, 0.13, 0.13]]",0.13,0.08,170,"[0.24, 0.22, 0.21, 0.33]","[[0, 0, 0, 0, 0, 0, 0, 0], [0, 0, 0, 0, 0, 0, 0, 0], [0, 0, 0, 0, 0, 0, 0, 0], [0, 0, 0, 0, 0, 0, 0, 0]]",0.072
3382,0.01,4,"[[0.09, 0.06, 0.16, 0.11, 0.12, 0.22, 0.04], [0.11, 0.19, 0.13, 0.18, 0.2, 0.12, 0.12], [0.11, 0.08, 0.15, 0.06, 0.15, 0.13, 0.16], [0.08, 0.15, 0.2, 0.17, 0.24, 0.04, 0.12]]",0.13,0.11,170,"[0.15, 0.32, 0.21, 0.32]","[[0, 0, 0, 0, 0, 0, 0, 0], [0, 1, 2, 3, 4, 0, 0, 0], [0, 0, 0, 0, 0, 0, 0, 0], [0, 0, 5, 0, 6, 0, 0, 0]]",0.072
3383,0.01,4,"[[0.21, 0.18, 0.18, 0.07, 0.17, 0.09, 0.08], [0.07, 0.09, 0.01, 0.16, 0.02, 0.06, 0.25], [0.21, 0.16, 0.24, 0.08, 0.24, 0.16, 0.09], [0.17, 0.08, 0.18, 0.24, 0.11, 0.09, 0.22]]",0.13,0.24,170,"[0.21, 0.27, 0.2, 0.32]","[[0, 0, 0, 0, 0, 0, 0, 0], [0, 0, 0, 0, 0, 0, 0, 0], [0, 0, 0, 0, 0, 0, 0, 0], [0, 1, 2, 3, 4, 0, 0, 0]]",0.072
3384,0.01,5,"[[0.04, 0.14, 0.09, 0.06, 0.18, 0.1, 0.07], [0.09, 0.13, 0.01, 0.23, 0.07, 0.19, 0.05], [0.08, 0.2, 0.08, 0.21, 0.07, 0.04, 0.22], [0.12, 0.1, 0.09, 0.18, 0.18, 0.04, 0.15]]",0.13,0.07,170,"[0.05, 0.03, 0.07, 0.85]","[[0, 0, 0, 0, 0, 0, 0, 0], [0, 0, 0, 0, 0, 0, 0, 0], [0, 0, 0, 0, 0, 0, 0, 0], [0, 1, 2, 3, 4, 5, 6, 7]]",0.072
3385,0.01,2,"[[0.08, 0.23, 0.16, 0.14, 0.22, 0.12, 0.2], [0.17, 0.2, 0.03, 0.17, 0.21, 0.17, 0.07], [0.08, 0.2, 0.14, 0.22, 0.1, 0.13, 0.17], [0.07, 0.12, 0.01, 0.11, 0.05, 0.12, 0.17]]",0.13,0.2,170,"[0.86, 0.03, 0.04, 0.07]","[[0, 1, 2, 0, 0, 0, 0, 0], [0, 0, 0, 0, 0, 0, 0, 0], [0, 0, 0, 0, 0, 0, 0, 0], [0, 0, 0, 0, 0, 0, 0, 0]]",0.072
3386,0.01,2,"[[0.07, 0.16, 0.11, 0.2, 0.2, 0.19, 0.16], [0.15, 0.22, 0.24, 0.17, 0.18, 0.12, 0.12], [0.11, 0.16, 0.11, 0.12, 0.21, 0.06, 0.16], [0.17, 0.22, 0.15, 0.11, 0.24, 0.11, 0.17]]",0.13,0.22,170,"[0.09, 0.03, 0.01, 0.87]","[[0, 0, 0, 0, 0, 0, 0, 0], [0, 0, 0, 0, 0, 0, 0, 0], [0, 0, 0, 0, 0, 0, 0, 0], [0, 1, 2, 0, 0, 0, 0, 0]]",0.072
3387,0.01,5,"[[0.05, 0.08, 0.17, 0.15, 0.22, 0.07, 0.07], [0.06, 0.1, 0.12, 0.11, 0.19, 0.16, 0.05], [0.19, 0.16, 0.13, 0.06, 0.18, 0.04, 0.24], [0.15, 0.24, 0.11, 0.13, 0.14, 0.03, 0.01]]",0.13,0.22,170,"[0.86, 0.01, 0.05, 0.08]","[[0, 1, 2, 3, 4, 5, 0, 0], [0, 0, 0, 0, 0, 0, 0, 0], [0, 0, 0, 0, 0, 0, 0, 0], [0, 0, 0, 0, 0, 0, 0, 0]]",0.072
3388,0.01,2,"[[0.01, 0.19, 0.1, 0.03, 0.13, 0.15, 0.13], [0.17, 0.18, 0.07, 0.17, 0.17, 0.12, 0.12], [0.11, 0.17, 0.18, 0.22, 0.08, 0.06, 0.07], [0.12, 0.02, 0.07, 0.16, 0.17, 0.14, 0.04]]",0.13,0.19,170,"[0.3, 0.29, 0.13, 0.28]","[[0, 1, 2, 0, 0, 0, 0, 0], [0, 0, 0, 0, 0, 0, 0, 0], [0, 0, 0, 0, 0, 0, 0, 0], [0, 0, 0, 0, 0, 0, 0, 0]]",0.072
3389,0.01,1,"[[0.19, 0.12, 0.08, 0.18, 0.08, 0.2, 0.22], [0.05, 0.04, 0.19, 0.18, 0.18, 0.05, 0.1], [0.21, 0.13, 0.15, 0.13, 0.16, 0.15, 0.08], [0.19, 0.06, 0.09, 0.07, 0.04, 0.2, 0.08]]",0.13,0.05,170,"[0.16, 0.28, 0.23, 0.33]","[[0, 0, 0, 0, 0, 0, 0, 0], [0, 0, 0, 0, 0, 0, 0, 0], [0, 0, 0, 0, 0, 0, 0, 0], [0, 1, 0, 0, 0, 0, 0, 0]]",0.072
3390,0.01,2,"[[3.89, 7.03, 1.42, 3.85, 5.57, 3.85, 2.09], [1.42, 3.42, 3.49, 1.78, 8.76, 8.52, 6.88], [3.98, 7.53, 6.94, 2.68, 5.16, 4.6, 0.82], [7.43, 7.31, 6.36, 5.75, 9.0, 9.88, 3.78]]",5.0,7.03,170,"[0.86, 0.01, 0.02, 0.11]","[[0, 1, 2, 3, 4, 5, 6, 7], [0, 0, 0, 0, 0, 0, 0, 0], [0, 0, 0, 0, 0, 0, 0, 0], [0, 0, 0, 0, 0, 0, 0, 0]]",2.994
3391,0.01,4,"[[5.63, 2.91, 6.84, 6.5, 2.65, 5.91, 4.09], [5.16, 0.83, 2.41, 5.99, 6.15, 3.67, 6.12], [5.67, 9.08, 3.93, 7.57, 5.62, 2.51, 2.61], [4.59, 1.2, 4.42, 1.16, 8.17, 8.27, 1.11]]",5.0,7.57,170,"[0.14, 0.34, 0.35, 0.17]","[[0, 0, 0, 0, 0, 0, 0, 0], [0, 1, 2, 3, 4, 5, 6, 7], [0, 0, 0, 0, 10, 8, 0, 9], [0, 0, 0, 0, 0, 0, 0, 0]]",2.994
3392,0.01,3,"[[3.74, 4.35, 1.03, 5.02, 2.48, 7.72, 3.91], [9.52, 3.82, 4.46, 2.55, 5.65, 6.25, 0.76], [2.96, 5.49, 2.32, 7.63, 0.35, 8.21, 6.51], [4.09, 2.1, 9.56, 8.08, 0.89, 1.16, 4.1]]",5.0,9.56,170,"[0.04, 0.08, 0.02, 0.86]","[[0, 0, 0, 0, 0, 0, 0, 0], [0, 0, 0, 0, 0, 0, 0, 0], [0, 0, 0, 0, 0, 0, 0, 0], [0, 1, 2, 3, 0, 0, 0, 0]]",2.994
3393,0.01,1,"[[6.2, 4.19, 3.44, 8.27, 6.51, 4.65, 4.01], [2.89, 4.13, 4.82, 8.89, 9.25, 0.96, 6.04], [8.8, 2.84, 4.5, 4.81, 3.19, 0.46, 7.31], [5.12, 1.87, 1.91, 7.0, 2.08, 5.06, 2.86]]",5.0,8.8,170,"[0.15, 0.21, 0.3, 0.34]","[[0, 0, 0, 0, 0, 0, 0, 0], [0, 0, 0, 0, 0, 0, 0, 0], [0, 9, 0, 0, 8, 0, 10, 0], [0, 1, 2, 3, 4, 5, 6, 7]]",2.994
3394,0.01,5,"[[4.41, 7.98, 5.03, 0.94, 6.07, 7.96, 3.08], [7.18, 6.38, 1.11, 4.77, 7.21, 4.82, 4.9], [5.63, 7.2, 7.79, 1.19, 2.56, 6.05, 3.13], [2.67, 2.05, 5.91, 4.15, 9.55, 4.46, 9.22]]",5.0,9.55,170,"[0.04, 0.02, 0.05, 0.89]","[[0, 0, 0, 0, 0, 0, 0, 0], [0, 0, 0, 0, 0, 0, 0, 0], [0, 0, 0, 0, 0, 0, 0, 0], [0, 1, 2, 3, 4, 5, 0, 0]]",2.994
3395,0.01,6,"[[3.95, 8.96, 8.28, 6.18, 7.02, 4.65, 4.21], [7.39, 4.82, 4.44, 1.73, 7.35, 9.66, 2.04], [6.67, 2.62, 2.43, 7.24, 6.32, 7.33, 5.82], [4.75, 4.96, 2.68, 1.71, 6.22, 1.58, 9.11]]",5.0,4.65,170,"[0.25, 0.24, 0.28, 0.23]","[[0, 0, 0, 0, 9, 0, 8, 0], [0, 0, 0, 0, 10, 0, 12, 0], [0, 1, 2, 3, 4, 5, 6, 7], [0, 0, 0, 0, 11, 0, 13, 0]]",2.994
3396,0.01,6,"[[6.18, 4.93, 6.72, 3.3, 6.34, 6.06, 5.41], [7.2, 2.38, 3.93, 9.67, 4.79, 7.96, 3.99], [0.82, 2.25, 1.43, 2.43, 5.42, 7.07, 9.93], [9.97, 3.97, 5.79, 8.9, 4.27, 7.39, 5.81]]",5.0,7.96,170,"[0.28, 0.28, 0.19, 0.25]","[[0, 10, 0, 0, 9, 0, 8, 0], [0, 1, 2, 3, 4, 5, 6, 7], [0, 0, 0, 0, 0, 0, 0, 0], [0, 0, 0, 0, 0, 0, 11, 0]]",2.994
3397,0.01,5,"[[0.95, 2.78, 3.25, 5.38, 7.09, 3.77, 4.83], [7.13, 8.96, 5.39, 2.27, 8.34, 7.96, 4.55], [9.77, 5.61, 8.97, 8.09, 6.52, 2.37, 9.08], [8.52, 1.84, 1.06, 3.62, 0.7, 3.27, 0.14]]",5.0,7.09,170,"[0.85, 0.07, 0.07, 0.01]","[[0, 1, 2, 3, 4, 5, 6, 7], [0, 0, 0, 0, 0, 0, 0, 0], [0, 0, 0, 0, 0, 0, 0, 0], [0, 0, 0, 0, 0, 0, 0, 0]]",2.994
3398,0.01,1,"[[7.17, 3.46, 5.58, 3.93, 3.7, 2.49, 5.53], [9.77, 5.93, 5.47, 2.25, 8.04, 7.17, 0.39], [7.48, 1.53, 5.91, 7.74, 1.59, 6.73, 3.86], [5.1, 6.8, 2.11, 7.09, 7.57, 6.62, 8.34]]",5.0,7.17,170,"[0.88, 0.05, 0.05, 0.02]","[[0, 1, 2, 3, 4, 5, 6, 7], [0, 0, 0, 0, 0, 0, 0, 0], [0, 0, 0, 0, 0, 0, 0, 0], [0, 0, 0, 0, 0, 0, 0, 0]]",2.994
3399,0.01,1,"[[1.32, 1.79, 4.74, 6.52, 9.55, 1.49, 3.36], [2.67, 2.3, 3.39, 7.85, 3.89, 7.4, 8.55], [4.18, 0.46, 4.32, 2.27, 3.18, 8.62, 2.94], [6.02, 2.09, 4.16, 3.95, 2.34, 3.36, 2.27]]",5.0,6.02,170,"[0.16, 0.11, 0.34, 0.39]","[[0, 0, 0, 0, 0, 0, 0, 0], [0, 0, 0, 0, 0, 0, 0, 0], [0, 8, 0, 0, 0, 0, 0, 0], [0, 1, 2, 3, 4, 5, 6, 7]]",2.994
3400,0.0,6,"[[5.93, 4.61, 6.44, 6.58, 0.77, 6.66, 0.58], [1.24, 4.91, 5.63, 0.45, 3.38, 4.94, 3.12], [7.83, 1.4, 2.04, 7.87, 6.09, 6.31, 5.4], [6.34, 6.33, 4.75, 6.81, 8.3, 6.3, 9.27]]",5.0,6.31,171,"[0.01, 0.1, 0.87, 0.02]","[[0, 25, 1, 4, 5, 10, 8, 11], [0, 24, 2, 3, 6, 7, 9, 12], [0, 26, 21, 23, 18, 17, 13, 14], [0, 27, 22, 20, 19, 16, 15, 28]]",2.994
3401,0.0,7,"[[8.39, 1.9, 3.96, 5.78, 2.24, 5.8, 4.1], [0.94, 5.02, 2.49, 5.54, 6.54, 4.33, 9.65], [7.94, 7.8, 4.1, 9.82, 1.59, 4.84, 8.58], [8.96, 7.49, 1.94, 3.92, 0.76, 2.82, 6.17]]",5.0,9.65,171,"[0.11, 0.85, 0.02, 0.02]","[[0, 25, 24, 16, 15, 9, 8, 1], [0, 26, 23, 18, 17, 10, 7, 2], [0, 27, 22, 19, 14, 11, 6, 3], [0, 28, 21, 20, 13, 12, 5, 4]]",2.994
3402,0.0,3,"[[6.38, 4.4, 2.78, 4.02, 3.28, 4.56, 6.79], [6.89, 5.4, 5.87, 9.63, 0.42, 4.93, 4.29], [2.96, 2.23, 8.29, 4.74, 3.72, 2.39, 0.86], [5.36, 5.18, 6.28, 1.08, 2.81, 5.95, 9.65]]",5.0,5.87,171,"[0.2, 0.38, 0.3, 0.12]","[[0, 22, 19, 18, 15, 9, 8, 1], [0, 21, 20, 17, 16, 10, 7, 2], [0, 23, 24, 25, 14, 11, 6, 3], [0, 27, 26, 28, 13, 12, 5, 4]]",2.994
3403,0.0,7,"[[7.29, 4.26, 4.93, 3.96, 3.34, 8.54, 6.49], [0.79, 3.44, 2.71, 8.71, 2.86, 7.09, 3.94], [9.61, 8.74, 7.3, 3.82, 1.83, 1.17, 5.37], [2.04, 1.98, 8.39, 1.63, 1.8, 1.97, 7.71]]",5.0,7.71,171,"[0.21, 0.28, 0.29, 0.22]","[[0, 1, 8, 9, 16, 17, 23, 26], [0, 2, 7, 10, 15, 18, 22, 25], [0, 3, 6, 11, 14, 19, 24, 27], [0, 4, 5, 12, 13, 20, 21, 28]]",2.994
3404,0.0,3,"[[2.09, 7.52, 9.74, 6.72, 2.88, 5.9, 5.87], [6.25, 4.49, 6.66, 2.68, 2.62, 7.58, 4.86], [0.33, 4.49, 3.44, 6.0, 4.73, 0.87, 2.63], [7.63, 1.46, 3.24, 5.72, 7.53, 7.25, 3.01]]",5.0,3.44,171,"[0.34, 0.23, 0.2, 0.23]","[[0, 24, 22, 17, 16, 9, 8, 1], [0, 23, 25, 18, 15, 10, 7, 2], [0, 26, 20, 19, 14, 11, 6, 3], [0, 27, 28, 21, 13, 12, 5, 4]]",2.994
3405,0.0,3,"[[7.04, 7.27, 1.99, 4.87, 6.53, 6.34, 1.47], [5.29, 2.16, 9.06, 4.67, 7.92, 5.41, 7.56], [6.95, 5.35, 1.7, 4.81, 6.84, 1.21, 8.92], [6.63, 5.53, 4.35, 1.42, 5.69, 5.92, 4.12]]",5.0,9.06,171,"[0.07, 0.87, 0.03, 0.03]","[[0, 1, 2, 12, 13, 19, 20, 27], [0, 4, 3, 11, 14, 18, 21, 26], [0, 5, 6, 9, 15, 17, 22, 25], [0, 7, 10, 8, 28, 16, 23, 24]]",2.994
3406,0.0,5,"[[5.77, 3.99, 6.61, 4.81, 8.16, 4.87, 2.84], [5.38, 5.12, 5.88, 4.67, 7.45, 7.64, 1.41], [2.86, 1.79, 4.9, 7.89, 6.3, 3.05, 5.2], [5.28, 6.58, 1.34, 2.2, 4.69, 6.92, 5.01]]",5.0,4.69,171,"[0.34, 0.23, 0.11, 0.32]","[[0, 1, 2, 14, 11, 19, 20, 26], [0, 4, 3, 10, 12, 18, 27, 25], [0, 5, 6, 9, 13, 17, 21, 24], [0, 7, 28, 8, 15, 16, 22, 23]]",2.994
3407,0.0,2,"[[0.72, 5.25, 9.97, 4.85, 8.58, 2.57, 9.15], [5.48, 9.36, 2.36, 9.25, 3.72, 4.76, 6.74], [7.14, 7.36, 2.91, 4.13, 7.03, 8.48, 0.38], [5.84, 6.37, 7.56, 3.71, 4.02, 2.93, 0.09]]",5.0,9.36,171,"[0.03, 0.85, 0.06, 0.06]","[[0, 1, 2, 16, 15, 17, 23, 25], [0, 3, 6, 7, 14, 18, 24, 26], [0, 4, 5, 8, 13, 19, 22, 27], [0, 9, 10, 11, 12, 20, 21, 28]]",2.994
3408,0.0,5,"[[1.92, 6.77, 0.18, 0.58, 7.09, 4.34, 4.61], [2.63, 2.6, 4.89, 2.52, 8.42, 2.23, 4.37], [6.54, 7.27, 4.71, 3.86, 8.83, 4.81, 5.31], [5.47, 8.91, 3.37, 8.65, 6.85, 1.47, 5.12]]",5.0,7.09,171,"[0.31, 0.2, 0.17, 0.32]","[[0, 1, 2, 12, 13, 19, 21, 28], [0, 4, 3, 11, 14, 20, 22, 27], [0, 8, 5, 9, 15, 18, 23, 26], [0, 7, 6, 10, 16, 17, 24, 25]]",2.994
3409,0.0,3,"[[6.26, 0.19, 5.42, 8.23, 3.15, 1.79, 3.82], [4.19, 3.39, 2.75, 9.2, 5.7, 3.44, 3.56], [5.45, 5.72, 8.61, 4.63, 8.16, 8.36, 7.19], [3.14, 2.27, 7.83, 9.11, 0.69, 3.38, 9.35]]",5.0,7.83,171,"[0.1, 0.01, 0.01, 0.88]","[[0, 1, 2, 10, 11, 21, 20, 27], [0, 4, 3, 12, 13, 19, 22, 26], [0, 5, 6, 9, 14, 18, 23, 25], [0, 7, 16, 8, 15, 17, 24, 28]]",2.994
3410,0.0,3,"[[0.02, 0.1, 0.05, 0.19, 0.09, 0.05, 0.06], [0.03, 0.12, 0.22, 0.08, 0.02, 0.07, 0.12], [0.18, 0.19, 0.1, 0.18, 0.18, 0.13, 0.15], [0.08, 0.17, 0.23, 0.11, 0.13, 0.16, 0.07]]",0.13,0.23,171,"[0.06, 0.06, 0.03, 0.85]","[[0, 1, 2, 12, 13, 20, 21, 28], [0, 4, 3, 11, 14, 19, 22, 27], [0, 5, 6, 10, 15, 18, 23, 25], [0, 8, 7, 9, 16, 17, 26, 24]]",0.072
3411,0.0,7,"[[0.12, 0.17, 0.14, 0.13, 0.11, 0.07, 0.23], [0.21, 0.03, 0.18, 0.17, 0.22, 0.07, 0.12], [0.06, 0.15, 0.14, 0.1, 0.11, 0.15, 0.22], [0.13, 0.03, 0.18, 0.17, 0.07, 0.25, 0.1]]",0.13,0.1,171,"[0.39, 0.18, 0.15, 0.28]","[[0, 1, 2, 17, 15, 16, 18, 19], [0, 4, 3, 9, 14, 20, 21, 22], [0, 8, 5, 10, 13, 24, 23, 25], [0, 7, 6, 11, 12, 26, 27, 28]]",0.072
3412,0.0,7,"[[0.17, 0.04, 0.18, 0.09, 0.04, 0.16, 0.22], [0.22, 0.14, 0.04, 0.11, 0.04, 0.23, 0.13], [0.09, 0.1, 0.01, 0.06, 0.15, 0.17, 0.05], [0.04, 0.06, 0.1, 0.03, 0.1, 0.03, 0.15]]",0.13,0.22,171,"[0.35, 0.15, 0.13, 0.37]","[[0, 1, 2, 12, 13, 28, 20, 26], [0, 4, 3, 11, 14, 19, 21, 27], [0, 5, 6, 10, 15, 18, 22, 25], [0, 8, 7, 9, 17, 16, 23, 24]]",0.072
3413,0.0,7,"[[0.11, 0.13, 0.2, 0.15, 0.12, 0.07, 0.12], [0.17, 0.14, 0.08, 0.03, 0.14, 0.12, 0.21], [0.15, 0.05, 0.06, 0.08, 0.07, 0.16, 0.13], [0.11, 0.11, 0.13, 0.18, 0.08, 0.12, 0.15]]",0.13,0.21,171,"[0.11, 0.38, 0.34, 0.17]","[[0, 1, 2, 3, 4, 5, 6, 7], [0, 14, 13, 12, 11, 10, 9, 8], [0, 15, 16, 17, 19, 18, 20, 21], [0, 27, 26, 25, 24, 23, 22, 28]]",0.072
3414,0.0,3,"[[0.12, 0.13, 0.12, 0.14, 0.05, 0.1, 0.25], [0.16, 0.2, 0.2, 0.14, 0.09, 0.17, 0.09], [0.11, 0.12, 0.11, 0.11, 0.08, 0.05, 0.17], [0.19, 0.2, 0.07, 0.21, 0.07, 0.13, 0.2]]",0.13,0.2,171,"[0.17, 0.35, 0.31, 0.17]","[[0, 1, 2, 11, 9, 18, 15, 17], [0, 3, 5, 6, 10, 14, 16, 20], [0, 4, 7, 8, 12, 13, 23, 19], [0, 27, 26, 25, 28, 24, 22, 21]]",0.072
3415,0.0,3,"[[0.18, 0.08, 0.04, 0.19, 0.05, 0.05, 0.16], [0.09, 0.22, 0.23, 0.17, 0.13, 0.24, 0.18], [0.21, 0.2, 0.1, 0.14, 0.11, 0.11, 0.19], [0.23, 0.14, 0.16, 0.18, 0.12, 0.18, 0.03]]",0.13,0.23,171,"[0.02, 0.92, 0.02, 0.04]","[[0, 1, 0, 0, 0, 0, 0, 0], [0, 2, 3, 4, 5, 6, 7, 8], [0, 0, 0, 0, 0, 0, 0, 0], [0, 0, 0, 0, 0, 0, 0, 0]]",0.072
3416,0.0,5,"[[0.15, 0.17, 0.12, 0.06, 0.06, 0.22, 0.15], [0.19, 0.17, 0.21, 0.18, 0.06, 0.19, 0.04], [0.07, 0.13, 0.08, 0.09, 0.18, 0.11, 0.12], [0.16, 0.1, 0.02, 0.11, 0.21, 0.13, 0.19]]",0.13,0.21,171,"[0.09, 0.05, 0.01, 0.85]","[[0, 1, 2, 12, 13, 20, 21, 28], [0, 3, 4, 11, 14, 19, 22, 27], [0, 6, 5, 10, 15, 18, 23, 26], [0, 7, 8, 9, 16, 17, 24, 25]]",0.072
3417,0.0,5,"[[0.11, 0.22, 0.08, 0.2, 0.14, 0.03, 0.13], [0.17, 0.02, 0.02, 0.09, 0.21, 0.16, 0.15], [0.09, 0.18, 0.16, 0.17, 0.05, 0.09, 0.1], [0.18, 0.05, 0.09, 0.19, 0.24, 0.18, 0.12]]",0.13,0.21,171,"[0.33, 0.18, 0.11, 0.38]","[[0, 1, 2, 12, 13, 24, 23, 25], [0, 4, 3, 11, 14, 18, 22, 26], [0, 5, 6, 10, 15, 17, 21, 27], [0, 9, 7, 8, 16, 19, 20, 28]]",0.072
3418,0.0,7,"[[0.16, 0.21, 0.19, 0.12, 0.21, 0.05, 0.2], [0.14, 0.1, 0.04, 0.07, 0.08, 0.16, 0.22], [0.03, 0.17, 0.22, 0.13, 0.04, 0.22, 0.12], [0.16, 0.14, 0.16, 0.16, 0.18, 0.13, 0.14]]",0.13,0.22,171,"[0.06, 0.89, 0.04, 0.01]","[[0, 1, 2, 12, 13, 18, 19, 27], [0, 4, 3, 11, 14, 20, 22, 26], [0, 5, 6, 9, 16, 17, 21, 25], [0, 10, 7, 8, 28, 15, 23, 24]]",0.072
3419,0.0,2,"[[0.07, 0.16, 0.11, 0.2, 0.2, 0.19, 0.16], [0.15, 0.22, 0.24, 0.17, 0.18, 0.12, 0.12], [0.11, 0.16, 0.11, 0.12, 0.21, 0.06, 0.16], [0.17, 0.22, 0.15, 0.11, 0.24, 0.11, 0.17]]",0.13,0.22,171,"[0.09, 0.03, 0.01, 0.87]","[[0, 1, 0, 0, 0, 0, 0, 0], [0, 2, 0, 0, 0, 0, 0, 0], [0, 0, 0, 0, 0, 0, 0, 0], [0, 3, 5, 4, 6, 7, 8, 9]]",0.072
3420,0.0,5,"[[0.07, 0.16, 0.11, 0.2, 0.2, 0.19, 0.16], [0.15, 0.22, 0.24, 0.17, 0.18, 0.12, 0.12], [0.11, 0.16, 0.11, 0.12, 0.21, 0.06, 0.16], [0.17, 0.22, 0.15, 0.11, 0.24, 0.11, 0.17]]",0.13,0.24,172,"[0.09, 0.03, 0.01, 0.87]","[[0, 1, 2, 6, 0, 0, 0, 0], [0, 3, 4, 5, 7, 0, 0, 0], [0, 0, 0, 0, 0, 0, 0, 0], [0, 8, 9, 10, 11, 12, 13, 14]]",0.072
3421,0.0,2,"[[0.05, 0.17, 0.08, 0.07, 0.16, 0.13, 0.05], [0.1, 0.16, 0.24, 0.2, 0.19, 0.19, 0.23], [0.18, 0.13, 0.06, 0.19, 0.17, 0.21, 0.13], [0.16, 0.18, 0.2, 0.12, 0.19, 0.08, 0.19]]",0.13,0.17,172,"[0.85, 0.1, 0.02, 0.03]","[[0, 1, 8, 2, 3, 4, 7, 5], [0, 9, 10, 11, 12, 13, 14, 6], [0, 27, 25, 23, 21, 20, 15, 16], [0, 28, 26, 24, 22, 18, 19, 17]]",0.072
3422,0.0,3,"[[0.14, 0.16, 0.16, 0.21, 0.14, 0.04, 0.08], [0.06, 0.2, 0.17, 0.04, 0.15, 0.07, 0.15], [0.13, 0.19, 0.14, 0.02, 0.08, 0.23, 0.1], [0.15, 0.03, 0.13, 0.07, 0.13, 0.07, 0.19]]",0.13,0.14,172,"[0.26, 0.28, 0.24, 0.22]","[[0, 1, 2, 3, 4, 5, 6, 7], [0, 14, 13, 12, 11, 10, 9, 8], [0, 15, 16, 17, 18, 19, 20, 21], [0, 28, 27, 26, 25, 24, 23, 22]]",0.072
3423,0.0,7,"[[0.19, 0.11, 0.24, 0.23, 0.21, 0.14, 0.16], [0.12, 0.1, 0.02, 0.19, 0.1, 0.08, 0.14], [0.05, 0.21, 0.07, 0.2, 0.09, 0.02, 0.23], [0.09, 0.04, 0.09, 0.14, 0.18, 0.2, 0.23]]",0.13,0.23,172,"[0.03, 0.01, 0.92, 0.04]","[[0, 1, 2, 0, 15, 13, 12, 11], [0, 23, 24, 0, 25, 14, 16, 10], [0, 3, 4, 5, 6, 7, 8, 9], [0, 22, 0, 21, 20, 19, 18, 17]]",0.072
3424,0.0,4,"[[0.11, 0.22, 0.08, 0.2, 0.14, 0.03, 0.13], [0.17, 0.02, 0.02, 0.09, 0.21, 0.16, 0.15], [0.09, 0.18, 0.16, 0.17, 0.05, 0.09, 0.1], [0.18, 0.05, 0.09, 0.19, 0.24, 0.18, 0.12]]",0.13,0.2,172,"[0.33, 0.18, 0.11, 0.38]","[[0, 2, 5, 9, 13, 18, 21, 28], [0, 3, 6, 10, 14, 19, 22, 27], [0, 4, 7, 11, 15, 20, 23, 26], [0, 1, 8, 12, 16, 17, 24, 25]]",0.072
3425,0.0,5,"[[0.05, 0.08, 0.17, 0.15, 0.22, 0.07, 0.07], [0.06, 0.1, 0.12, 0.11, 0.19, 0.16, 0.05], [0.19, 0.16, 0.13, 0.06, 0.18, 0.04, 0.24], [0.15, 0.24, 0.11, 0.13, 0.14, 0.03, 0.01]]",0.13,0.22,172,"[0.86, 0.01, 0.05, 0.08]","[[0, 1, 2, 3, 4, 5, 6, 7], [0, 20, 19, 14, 13, 8, 23, 28], [0, 21, 18, 15, 12, 9, 24, 27], [0, 22, 17, 16, 11, 10, 25, 26]]",0.072
3426,0.0,2,"[[0.1, 0.22, 0.11, 0.07, 0.15, 0.15, 0.08], [0.22, 0.14, 0.05, 0.13, 0.2, 0.14, 0.2], [0.02, 0.25, 0.2, 0.08, 0.15, 0.02, 0.07], [0.11, 0.1, 0.17, 0.14, 0.2, 0.08, 0.11]]",0.13,0.22,172,"[0.87, 0.08, 0.02, 0.03]","[[0, 1, 2, 3, 4, 5, 6, 7], [0, 8, 9, 10, 11, 12, 13, 14], [0, 15, 16, 19, 21, 23, 25, 27], [0, 17, 18, 20, 22, 24, 26, 28]]",0.072
3427,0.0,6,"[[0.1, 0.1, 0.17, 0.08, 0.04, 0.09, 0.12], [0.18, 0.07, 0.12, 0.15, 0.14, 0.22, 0.18], [0.17, 0.02, 0.06, 0.16, 0.1, 0.2, 0.19], [0.23, 0.18, 0.17, 0.22, 0.21, 0.09, 0.19]]",0.13,0.22,172,"[0.21, 0.32, 0.34, 0.13]","[[0, 1, 5, 12, 13, 17, 21, 28], [0, 2, 6, 9, 14, 18, 22, 27], [0, 3, 7, 10, 15, 19, 23, 26], [0, 4, 8, 11, 16, 20, 24, 25]]",0.072
3428,0.0,7,"[[0.11, 0.17, 0.16, 0.1, 0.16, 0.08, 0.16], [0.14, 0.11, 0.1, 0.17, 0.15, 0.09, 0.15], [0.18, 0.13, 0.06, 0.09, 0.04, 0.12, 0.18], [0.24, 0.17, 0.23, 0.17, 0.08, 0.13, 0.06]]",0.13,0.15,172,"[0.26, 0.27, 0.3, 0.17]","[[0, 1, 7, 9, 13, 15, 18, 21], [0, 2, 6, 10, 14, 16, 19, 22], [0, 3, 8, 11, 12, 17, 20, 23], [0, 4, 5, 28, 27, 26, 25, 24]]",0.072
3429,0.0,2,"[[0.01, 0.19, 0.1, 0.03, 0.13, 0.15, 0.13], [0.17, 0.18, 0.07, 0.17, 0.17, 0.12, 0.12], [0.11, 0.17, 0.18, 0.22, 0.08, 0.06, 0.07], [0.12, 0.02, 0.07, 0.16, 0.17, 0.14, 0.04]]",0.13,0.18,172,"[0.3, 0.29, 0.13, 0.28]","[[0, 1, 7, 9, 13, 20, 21, 28], [0, 2, 6, 10, 14, 19, 22, 27], [0, 3, 8, 11, 15, 18, 23, 26], [0, 4, 5, 12, 16, 17, 24, 25]]",0.072
3430,0.0,1,"[[5.93, 4.61, 6.44, 6.58, 0.77, 6.66, 0.58], [1.24, 4.91, 5.63, 0.45, 3.38, 4.94, 3.12], [7.83, 1.4, 2.04, 7.87, 6.09, 6.31, 5.4], [6.34, 6.33, 4.75, 6.81, 8.3, 6.3, 9.27]]",5.0,7.83,172,"[0.01, 0.1, 0.87, 0.02]","[[0, 1, 7, 9, 15, 17, 24, 25], [0, 2, 6, 10, 16, 18, 23, 26], [0, 3, 5, 11, 14, 19, 22, 27], [0, 4, 8, 12, 13, 20, 21, 28]]",2.994
3431,0.0,1,"[[1.63, 4.7, 3.32, 2.64, 8.47, 3.24, 4.54], [8.67, 5.47, 1.74, 1.77, 1.06, 7.43, 3.25], [4.05, 4.33, 1.96, 6.68, 6.28, 9.52, 7.64], [3.95, 5.24, 1.85, 2.91, 0.64, 2.21, 1.85]]",5.0,8.67,172,"[0.05, 0.89, 0.05, 0.01]","[[0, 1, 5, 12, 13, 21, 20, 28], [0, 2, 6, 11, 14, 19, 22, 27], [0, 3, 7, 10, 15, 18, 23, 26], [0, 4, 8, 9, 16, 17, 24, 25]]",2.994
3432,0.0,6,"[[6.18, 4.93, 6.72, 3.3, 6.34, 6.06, 5.41], [7.2, 2.38, 3.93, 9.67, 4.79, 7.96, 3.99], [0.82, 2.25, 1.43, 2.43, 5.42, 7.07, 9.93], [9.97, 3.97, 5.79, 8.9, 4.27, 7.39, 5.81]]",5.0,7.96,172,"[0.28, 0.28, 0.19, 0.25]","[[0, 1, 5, 11, 13, 20, 21, 28], [0, 2, 6, 12, 14, 19, 22, 27], [0, 3, 7, 10, 15, 18, 23, 26], [0, 4, 8, 9, 16, 17, 24, 25]]",2.994
3433,0.0,7,"[[8.39, 1.9, 3.96, 5.78, 2.24, 5.8, 4.1], [0.94, 5.02, 2.49, 5.54, 6.54, 4.33, 9.65], [7.94, 7.8, 4.1, 9.82, 1.59, 4.84, 8.58], [8.96, 7.49, 1.94, 3.92, 0.76, 2.82, 6.17]]",5.0,4.1,172,"[0.11, 0.85, 0.02, 0.02]","[[0, 1, 5, 11, 13, 20, 21, 28], [0, 2, 6, 10, 14, 19, 22, 27], [0, 3, 7, 12, 15, 18, 23, 26], [0, 4, 8, 9, 16, 17, 24, 25]]",2.994
3434,0.0,4,"[[6.2, 4.19, 3.44, 8.27, 6.51, 4.65, 4.01], [2.89, 4.13, 4.82, 8.89, 9.25, 0.96, 6.04], [8.8, 2.84, 4.5, 4.81, 3.19, 0.46, 7.31], [5.12, 1.87, 1.91, 7.0, 2.08, 5.06, 2.86]]",5.0,4.81,172,"[0.15, 0.21, 0.3, 0.34]","[[0, 1, 8, 9, 16, 17, 24, 25], [0, 2, 7, 10, 15, 18, 23, 26], [0, 3, 6, 11, 14, 19, 22, 27], [0, 4, 5, 12, 13, 20, 21, 28]]",2.994
3435,0.0,1,"[[8.02, 3.92, 3.11, 4.49, 4.13, 7.86, 3.71], [5.5, 3.12, 4.78, 4.63, 5.83, 9.55, 5.01], [6.87, 6.07, 1.32, 5.58, 8.22, 5.74, 5.54], [4.62, 3.36, 5.75, 5.59, 2.34, 1.7, 6.64]]",5.0,5.5,172,"[0.25, 0.27, 0.24, 0.24]","[[0, 1, 7, 9, 16, 17, 25, 24], [0, 2, 8, 10, 15, 18, 26, 23], [0, 3, 6, 11, 14, 28, 27, 22], [0, 4, 5, 12, 13, 19, 20, 21]]",2.994
3436,0.0,3,"[[3.74, 4.35, 1.03, 5.02, 2.48, 7.72, 3.91], [9.52, 3.82, 4.46, 2.55, 5.65, 6.25, 0.76], [2.96, 5.49, 2.32, 7.63, 0.35, 8.21, 6.51], [4.09, 2.1, 9.56, 8.08, 0.89, 1.16, 4.1]]",5.0,9.56,172,"[0.04, 0.08, 0.02, 0.86]","[[0, 1, 0, 15, 16, 0, 0, 0], [0, 2, 0, 13, 14, 0, 0, 0], [0, 3, 0, 11, 12, 0, 0, 0], [0, 4, 5, 6, 7, 8, 9, 10]]",2.994
3437,0.0,2,"[[5.97, 8.23, 1.24, 7.62, 4.62, 4.29, 5.98], [8.29, 4.65, 5.55, 1.01, 2.98, 8.74, 8.92], [1.93, 2.81, 4.79, 6.01, 7.29, 6.55, 4.48], [9.09, 1.98, 6.38, 4.5, 3.08, 5.26, 4.47]]",5.0,2.81,172,"[0.86, 0.01, 0.12, 0.01]","[[0, 1, 2, 3, 4, 5, 6, 7], [0, 17, 11, 0, 8, 0, 0, 14], [0, 18, 12, 0, 9, 0, 0, 15], [0, 19, 13, 0, 10, 0, 0, 16]]",2.994
3438,0.0,4,"[[5.63, 2.91, 6.84, 6.5, 2.65, 5.91, 4.09], [5.16, 0.83, 2.41, 5.99, 6.15, 3.67, 6.12], [5.67, 9.08, 3.93, 7.57, 5.62, 2.51, 2.61], [4.59, 1.2, 4.42, 1.16, 8.17, 8.27, 1.11]]",5.0,6.5,172,"[0.14, 0.34, 0.35, 0.17]","[[0, 1, 7, 9, 16, 17, 24, 25], [0, 2, 6, 10, 15, 18, 23, 26], [0, 3, 8, 11, 14, 19, 22, 27], [0, 4, 5, 12, 13, 20, 21, 28]]",2.994
3439,0.0,3,"[[5.28, 9.9, 6.81, 1.61, 2.79, 8.92, 6.09], [3.46, 6.68, 6.44, 3.71, 3.55, 0.25, 8.07], [6.52, 2.17, 8.0, 8.5, 5.35, 1.81, 3.32], [5.89, 1.86, 6.44, 5.29, 3.29, 8.96, 7.12]]",5.0,6.44,172,"[0.23, 0.3, 0.24, 0.23]","[[0, 1, 8, 9, 16, 17, 24, 25], [0, 2, 7, 10, 15, 18, 23, 26], [0, 3, 6, 11, 14, 19, 22, 27], [0, 4, 5, 12, 13, 20, 21, 28]]",2.994
3440,0.0,5,"[[0.72, 5.25, 9.97, 4.85, 8.58, 2.57, 9.15], [5.48, 9.36, 2.36, 9.25, 3.72, 4.76, 6.74], [7.14, 7.36, 2.91, 4.13, 7.03, 8.48, 0.38], [5.84, 6.37, 7.56, 3.71, 4.02, 2.93, 0.09]]",5.0,3.72,173,"[0.03, 0.85, 0.06, 0.06]","[[0, 1, 2, 0, 0, 5, 0, 0], [0, 0, 0, 0, 0, 0, 4, 0], [0, 0, 0, 9, 0, 6, 0, 3], [0, 0, 0, 8, 7, 0, 0, 0]]",2.994
3441,0.0,1,"[[7.04, 7.27, 1.99, 4.87, 6.53, 6.34, 1.47], [5.29, 2.16, 9.06, 4.67, 7.92, 5.41, 7.56], [6.95, 5.35, 1.7, 4.81, 6.84, 1.21, 8.92], [6.63, 5.53, 4.35, 1.42, 5.69, 5.92, 4.12]]",5.0,5.29,173,"[0.07, 0.87, 0.03, 0.03]","[[0, 0, 0, 0, 1, 0, 0, 2], [0, 7, 5, 0, 0, 0, 0, 0], [0, 0, 0, 0, 0, 4, 0, 0], [0, 0, 0, 6, 0, 0, 0, 3]]",2.994
3442,0.0,1,"[[6.2, 4.19, 3.44, 8.27, 6.51, 4.65, 4.01], [2.89, 4.13, 4.82, 8.89, 9.25, 0.96, 6.04], [8.8, 2.84, 4.5, 4.81, 3.19, 0.46, 7.31], [5.12, 1.87, 1.91, 7.0, 2.08, 5.06, 2.86]]",5.0,8.8,173,"[0.15, 0.21, 0.3, 0.34]","[[0, 0, 3, 0, 0, 0, 0, 0], [0, 0, 0, 0, 2, 0, 0, 0], [0, 0, 5, 0, 0, 0, 4, 0], [0, 6, 0, 1, 0, 0, 0, 0]]",2.994
3443,0.0,4,"[[5.16, 3.84, 2.97, 6.89, 7.92, 3.02, 6.81], [6.93, 3.64, 5.33, 8.47, 3.82, 8.88, 7.83], [4.51, 5.38, 9.21, 3.79, 4.77, 9.29, 4.59], [3.55, 8.48, 4.66, 2.28, 3.95, 2.95, 5.67]]",5.0,2.28,173,"[0.86, 0.08, 0.05, 0.01]","[[0, 0, 4, 0, 1, 0, 2, 0], [0, 0, 0, 0, 0, 0, 0, 0], [0, 0, 0, 0, 0, 0, 0, 0], [0, 0, 0, 0, 3, 0, 0, 0]]",2.994
3444,0.0,3,"[[9.88, 3.37, 6.84, 6.02, 5.72, 2.47, 6.83], [4.66, 3.57, 1.89, 8.02, 4.52, 4.58, 0.56], [5.57, 8.71, 8.98, 7.3, 1.41, 5.09, 6.3], [2.79, 3.58, 9.87, 3.61, 3.51, 7.13, 2.78]]",5.0,9.87,173,"[0.02, 0.05, 0.05, 0.88]","[[0, 0, 0, 5, 0, 0, 0, 8], [0, 0, 0, 0, 0, 0, 0, 7], [0, 0, 6, 0, 0, 0, 0, 0], [0, 1, 0, 2, 4, 3, 0, 0]]",2.994
3445,0.0,5,"[[7.74, 3.22, 6.43, 3.71, 7.81, 4.87, 5.0], [6.79, 7.24, 2.38, 4.86, 3.87, 6.17, 4.92], [3.15, 9.58, 2.44, 5.2, 8.45, 2.58, 2.29], [4.2, 1.81, 5.9, 9.47, 8.69, 2.45, 6.94]]",5.0,7.81,173,"[0.15, 0.38, 0.14, 0.33]","[[0, 0, 0, 0, 0, 9, 5, 0], [0, 2, 0, 1, 0, 8, 0, 6], [0, 0, 0, 0, 0, 0, 0, 0], [0, 0, 0, 4, 0, 3, 0, 7]]",2.994
3446,0.0,5,"[[1.92, 6.77, 0.18, 0.58, 7.09, 4.34, 4.61], [2.63, 2.6, 4.89, 2.52, 8.42, 2.23, 4.37], [6.54, 7.27, 4.71, 3.86, 8.83, 4.81, 5.31], [5.47, 8.91, 3.37, 8.65, 6.85, 1.47, 5.12]]",5.0,7.09,173,"[0.31, 0.2, 0.17, 0.32]","[[0, 1, 19, 2, 18, 17, 16, 15], [0, 20, 9, 10, 11, 12, 13, 14], [0, 21, 23, 3, 4, 24, 25, 28], [0, 22, 8, 7, 6, 5, 26, 27]]",2.994
3447,0.0,4,"[[5.11, 2.17, 0.1, 9.47, 2.73, 6.4, 3.36], [4.31, 7.26, 6.36, 8.48, 2.98, 4.68, 5.77], [8.38, 2.0, 6.14, 7.53, 4.7, 1.99, 1.53], [7.09, 5.94, 3.03, 5.37, 2.51, 3.9, 2.79]]",5.0,7.53,173,"[0.31, 0.35, 0.15, 0.19]","[[0, 1, 2, 3, 25, 11, 24, 23], [0, 15, 16, 4, 17, 18, 10, 22], [0, 13, 28, 5, 26, 19, 21, 9], [0, 14, 12, 27, 6, 7, 20, 8]]",2.994
3448,0.0,7,"[[1.63, 4.7, 3.32, 2.64, 8.47, 3.24, 4.54], [8.67, 5.47, 1.74, 1.77, 1.06, 7.43, 3.25], [4.05, 4.33, 1.96, 6.68, 6.28, 9.52, 7.64], [3.95, 5.24, 1.85, 2.91, 0.64, 2.21, 1.85]]",5.0,3.25,173,"[0.05, 0.89, 0.05, 0.01]","[[0, 22, 23, 1, 7, 15, 8, 16], [0, 21, 24, 2, 6, 14, 9, 17], [0, 20, 25, 3, 5, 13, 11, 12], [0, 28, 26, 27, 4, 19, 10, 18]]",2.994
3449,0.0,3,"[[1.89, 1.68, 4.82, 0.64, 6.72, 5.82, 3.47], [2.81, 5.64, 4.93, 5.88, 1.19, 6.58, 2.91], [6.88, 4.96, 4.06, 5.77, 1.03, 4.24, 5.62], [0.22, 1.89, 4.63, 5.2, 4.1, 3.36, 6.44]]",5.0,4.82,173,"[0.25, 0.26, 0.31, 0.18]","[[0, 10, 11, 12, 13, 22, 21, 25], [0, 1, 2, 3, 14, 23, 20, 26], [0, 8, 7, 4, 15, 24, 19, 27], [0, 9, 6, 5, 16, 17, 18, 28]]",2.994
3450,0.0,2,"[[0.14, 0.07, 0.05, 0.18, 0.03, 0.01, 0.18], [0.19, 0.23, 0.07, 0.1, 0.08, 0.19, 0.2], [0.17, 0.24, 0.03, 0.21, 0.19, 0.07, 0.21], [0.14, 0.09, 0.21, 0.08, 0.19, 0.05, 0.09]]",0.13,0.07,173,"[0.15, 0.26, 0.26, 0.33]","[[0, 0, 12, 1, 0, 13, 14, 0], [0, 11, 10, 0, 2, 16, 15, 0], [0, 0, 19, 18, 17, 3, 4, 0], [0, 0, 6, 7, 8, 9, 0, 5]]",0.072
3451,0.0,7,"[[0.12, 0.13, 0.12, 0.14, 0.05, 0.1, 0.25], [0.16, 0.2, 0.2, 0.14, 0.09, 0.17, 0.09], [0.11, 0.12, 0.11, 0.11, 0.08, 0.05, 0.17], [0.19, 0.2, 0.07, 0.21, 0.07, 0.13, 0.2]]",0.13,0.09,173,"[0.17, 0.35, 0.31, 0.17]","[[0, 2, 20, 12, 11, 10, 9, 21], [0, 1, 3, 4, 5, 6, 7, 8], [0, 17, 18, 19, 13, 26, 25, 22], [0, 16, 15, 14, 28, 27, 24, 23]]",0.072
3452,0.0,6,"[[0.08, 0.23, 0.16, 0.14, 0.22, 0.12, 0.2], [0.17, 0.2, 0.03, 0.17, 0.21, 0.17, 0.07], [0.08, 0.2, 0.14, 0.22, 0.1, 0.13, 0.17], [0.07, 0.12, 0.01, 0.11, 0.05, 0.12, 0.17]]",0.13,0.12,173,"[0.86, 0.03, 0.04, 0.07]","[[0, 1, 11, 10, 9, 8, 7, 23], [0, 2, 12, 3, 4, 5, 6, 22], [0, 16, 13, 17, 28, 19, 25, 24], [0, 15, 14, 18, 27, 26, 20, 21]]",0.072
3453,0.0,2,"[[0.06, 0.11, 0.17, 0.23, 0.15, 0.14, 0.21], [0.16, 0.17, 0.08, 0.04, 0.07, 0.21, 0.12], [0.2, 0.19, 0.13, 0.12, 0.17, 0.2, 0.16], [0.1, 0.1, 0.12, 0.16, 0.01, 0.17, 0.09]]",0.13,0.19,173,"[0.23, 0.25, 0.3, 0.22]","[[0, 28, 5, 6, 13, 22, 21, 9], [0, 1, 27, 23, 14, 8, 12, 20], [0, 3, 4, 24, 7, 17, 18, 19], [0, 2, 26, 25, 15, 16, 11, 10]]",0.072
3454,0.0,3,"[[0.14, 0.16, 0.16, 0.21, 0.14, 0.04, 0.08], [0.06, 0.2, 0.17, 0.04, 0.15, 0.07, 0.15], [0.13, 0.19, 0.14, 0.02, 0.08, 0.23, 0.1], [0.15, 0.03, 0.13, 0.07, 0.13, 0.07, 0.19]]",0.13,0.14,173,"[0.26, 0.28, 0.24, 0.22]","[[0, 1, 4, 5, 12, 11, 10, 21], [0, 2, 3, 6, 7, 8, 9, 20], [0, 24, 25, 26, 13, 14, 17, 19], [0, 23, 22, 27, 28, 15, 16, 18]]",0.072
3455,0.0,3,"[[0.16, 0.11, 0.08, 0.09, 0.11, 0.11, 0.06], [0.14, 0.14, 0.15, 0.18, 0.2, 0.23, 0.09], [0.09, 0.18, 0.2, 0.13, 0.05, 0.16, 0.07], [0.08, 0.02, 0.16, 0.15, 0.1, 0.09, 0.12]]",0.13,0.2,173,"[0.08, 0.02, 0.89, 0.01]","[[0, 1, 2, 3, 25, 16, 17, 15], [0, 6, 5, 4, 26, 27, 18, 14], [0, 7, 8, 9, 10, 11, 12, 13], [0, 24, 23, 22, 21, 20, 19, 28]]",0.072
3456,0.0,4,"[[0.1, 0.1, 0.17, 0.08, 0.04, 0.09, 0.12], [0.18, 0.07, 0.12, 0.15, 0.14, 0.22, 0.18], [0.17, 0.02, 0.06, 0.16, 0.1, 0.2, 0.19], [0.23, 0.18, 0.17, 0.22, 0.21, 0.09, 0.19]]",0.13,0.22,173,"[0.21, 0.32, 0.34, 0.13]","[[0, 26, 25, 24, 23, 16, 12, 15], [0, 2, 1, 5, 6, 7, 8, 9], [0, 27, 3, 19, 22, 17, 10, 13], [0, 28, 4, 20, 21, 18, 11, 14]]",0.072
3457,0.0,1,"[[0.06, 0.1, 0.22, 0.17, 0.09, 0.03, 0.08], [0.24, 0.07, 0.1, 0.11, 0.11, 0.15, 0.16], [0.04, 0.05, 0.2, 0.13, 0.03, 0.1, 0.19], [0.2, 0.09, 0.17, 0.15, 0.2, 0.1, 0.15]]",0.13,0.2,173,"[0.01, 0.1, 0.04, 0.85]","[[0, 0, 13, 1, 2, 3, 4, 5], [0, 11, 0, 0, 0, 0, 0, 6], [0, 0, 0, 10, 0, 15, 0, 7], [0, 16, 12, 17, 14, 18, 9, 8]]",0.072
3458,0.0,2,"[[0.1, 0.22, 0.11, 0.07, 0.15, 0.15, 0.08], [0.22, 0.14, 0.05, 0.13, 0.2, 0.14, 0.2], [0.02, 0.25, 0.2, 0.08, 0.15, 0.02, 0.07], [0.11, 0.1, 0.17, 0.14, 0.2, 0.08, 0.11]]",0.13,0.22,173,"[0.87, 0.08, 0.02, 0.03]","[[0, 1, 2, 3, 4, 5, 6, 7], [0, 0, 0, 0, 0, 0, 0, 0], [0, 0, 0, 0, 0, 0, 0, 0], [0, 0, 0, 0, 0, 0, 0, 0]]",0.072
3459,0.0,7,"[[0.16, 0.21, 0.19, 0.12, 0.21, 0.05, 0.2], [0.14, 0.1, 0.04, 0.07, 0.08, 0.16, 0.22], [0.03, 0.17, 0.22, 0.13, 0.04, 0.22, 0.12], [0.16, 0.14, 0.16, 0.16, 0.18, 0.13, 0.14]]",0.13,0.22,173,"[0.06, 0.89, 0.04, 0.01]","[[0, 0, 0, 0, 0, 0, 0, 0], [0, 1, 2, 3, 4, 5, 6, 7], [0, 0, 0, 0, 0, 0, 0, 0], [0, 0, 0, 0, 0, 0, 0, 0]]",0.072
3460,0.01,7,"[[6.26, 0.19, 5.42, 8.23, 3.15, 1.79, 3.82], [4.19, 3.39, 2.75, 9.2, 5.7, 3.44, 3.56], [5.45, 5.72, 8.61, 4.63, 8.16, 8.36, 7.19], [3.14, 2.27, 7.83, 9.11, 0.69, 3.38, 9.35]]",5.0,9.35,174,"[0.1, 0.01, 0.01, 0.88]","[[0, 0, 0, 0, 0, 0, 0, 0], [0, 0, 0, 0, 0, 0, 0, 0], [0, 0, 0, 0, 0, 0, 0, 0], [0, 3, 2, 4, 6, 5, 1, 7]]",2.994
3461,0.01,6,"[[3.4, 2.14, 9.33, 2.59, 4.55, 1.09, 2.85], [2.69, 7.17, 4.91, 8.03, 6.07, 6.49, 2.28], [2.24, 5.15, 4.83, 2.39, 2.78, 7.43, 5.61], [3.01, 5.69, 6.66, 3.22, 3.6, 8.48, 3.28]]",5.0,7.43,174,"[0.07, 0.01, 0.9, 0.02]","[[0, 0, 0, 0, 0, 0, 0, 0], [0, 0, 0, 0, 0, 0, 0, 0], [0, 4, 6, 1, 5, 3, 7, 2], [0, 0, 0, 0, 0, 0, 0, 0]]",2.994
3462,0.01,3,"[[1.89, 1.68, 4.82, 0.64, 6.72, 5.82, 3.47], [2.81, 5.64, 4.93, 5.88, 1.19, 6.58, 2.91], [6.88, 4.96, 4.06, 5.77, 1.03, 4.24, 5.62], [0.22, 1.89, 4.63, 5.2, 4.1, 3.36, 6.44]]",5.0,4.63,174,"[0.25, 0.26, 0.31, 0.18]","[[0, 0, 0, 6, 5, 3, 0, 0], [0, 0, 0, 7, 2, 0, 0, 0], [0, 0, 0, 1, 0, 4, 0, 0], [0, 0, 0, 0, 0, 0, 0, 0]]",2.994
3463,0.01,5,"[[6.18, 4.93, 6.72, 3.3, 6.34, 6.06, 5.41], [7.2, 2.38, 3.93, 9.67, 4.79, 7.96, 3.99], [0.82, 2.25, 1.43, 2.43, 5.42, 7.07, 9.93], [9.97, 3.97, 5.79, 8.9, 4.27, 7.39, 5.81]]",5.0,6.34,174,"[0.28, 0.28, 0.19, 0.25]","[[0, 0, 0, 2, 0, 6, 0, 8], [0, 0, 0, 4, 0, 5, 0, 9], [0, 0, 0, 0, 0, 0, 0, 0], [0, 0, 0, 1, 0, 3, 0, 7]]",2.994
3464,0.01,1,"[[8.51, 2.86, 5.22, 3.29, 7.8, 7.12, 2.91], [7.85, 5.63, 4.76, 5.73, 4.36, 4.99, 0.21], [1.1, 2.64, 4.86, 7.57, 7.15, 0.31, 2.34], [6.38, 5.91, 3.08, 6.0, 7.58, 3.85, 6.26]]",5.0,7.85,174,"[0.19, 0.32, 0.23, 0.26]","[[0, 0, 0, 0, 0, 0, 0, 0], [0, 1, 6, 5, 8, 4, 9, 7], [0, 3, 0, 0, 0, 0, 0, 0], [0, 2, 0, 0, 0, 0, 0, 0]]",2.994
3465,0.01,5,"[[6.19, 1.85, 1.16, 4.28, 2.66, 3.25, 7.93], [4.16, 3.03, 5.34, 3.93, 5.82, 4.05, 2.14], [6.53, 8.89, 6.73, 7.28, 2.75, 0.6, 4.09], [4.95, 6.55, 6.81, 6.9, 1.07, 2.2, 5.26]]",5.0,5.82,174,"[0.03, 0.86, 0.04, 0.07]","[[0, 0, 0, 0, 0, 0, 0, 0], [0, 1, 7, 2, 3, 6, 5, 4], [0, 0, 0, 0, 0, 0, 0, 0], [0, 0, 0, 0, 0, 0, 0, 0]]",2.994
3466,0.01,7,"[[5.28, 9.9, 6.81, 1.61, 2.79, 8.92, 6.09], [3.46, 6.68, 6.44, 3.71, 3.55, 0.25, 8.07], [6.52, 2.17, 8.0, 8.5, 5.35, 1.81, 3.32], [5.89, 1.86, 6.44, 5.29, 3.29, 8.96, 7.12]]",5.0,7.12,174,"[0.23, 0.3, 0.24, 0.23]","[[0, 0, 0, 0, 0, 0, 0, 8], [0, 4, 1, 5, 3, 6, 2, 7], [0, 0, 0, 0, 0, 0, 0, 10], [0, 0, 0, 0, 0, 0, 0, 9]]",2.994
3467,0.01,7,"[[8.39, 1.9, 3.96, 5.78, 2.24, 5.8, 4.1], [0.94, 5.02, 2.49, 5.54, 6.54, 4.33, 9.65], [7.94, 7.8, 4.1, 9.82, 1.59, 4.84, 8.58], [8.96, 7.49, 1.94, 3.92, 0.76, 2.82, 6.17]]",5.0,4.1,174,"[0.11, 0.85, 0.02, 0.02]","[[0, 0, 0, 0, 0, 0, 0, 8], [0, 1, 2, 3, 4, 5, 7, 6], [0, 0, 0, 0, 0, 0, 0, 0], [0, 0, 0, 0, 0, 0, 0, 0]]",2.994
3468,0.01,5,"[[0.95, 2.78, 3.25, 5.38, 7.09, 3.77, 4.83], [7.13, 8.96, 5.39, 2.27, 8.34, 7.96, 4.55], [9.77, 5.61, 8.97, 8.09, 6.52, 2.37, 9.08], [8.52, 1.84, 1.06, 3.62, 0.7, 3.27, 0.14]]",5.0,7.09,174,"[0.85, 0.07, 0.07, 0.01]","[[0, 1, 2, 3, 4, 5, 6, 7], [0, 0, 0, 0, 0, 0, 0, 0], [0, 0, 0, 0, 0, 0, 0, 0], [0, 0, 0, 0, 0, 0, 0, 0]]",2.994
3469,0.01,1,"[[7.91, 1.03, 5.87, 7.52, 6.88, 7.18, 6.1], [5.88, 5.55, 1.78, 3.0, 4.69, 4.52, 8.75], [5.71, 1.25, 6.22, 6.17, 8.38, 7.26, 4.32], [6.4, 8.88, 5.28, 4.23, 1.08, 0.7, 3.39]]",5.0,6.4,174,"[0.3, 0.18, 0.2, 0.32]","[[0, 9, 3, 0, 0, 0, 0, 0], [0, 0, 0, 0, 0, 0, 0, 0], [0, 10, 0, 0, 0, 0, 0, 0], [0, 4, 2, 7, 1, 8, 5, 6]]",2.994
3470,0.01,7,"[[0.15, 0.08, 0.15, 0.12, 0.15, 0.08, 0.22], [0.12, 0.2, 0.22, 0.16, 0.25, 0.12, 0.11], [0.19, 0.22, 0.15, 0.08, 0.12, 0.14, 0.2], [0.21, 0.16, 0.09, 0.16, 0.22, 0.15, 0.19]]",0.13,0.2,174,"[0.05, 0.07, 0.86, 0.02]","[[0, 0, 0, 0, 0, 0, 0, 0], [0, 0, 0, 0, 0, 0, 0, 0], [0, 0, 0, 1, 0, 0, 0, 2], [0, 0, 0, 0, 0, 0, 0, 0]]",0.072
3471,0.01,5,"[[0.1, 0.1, 0.03, 0.13, 0.2, 0.08, 0.11], [0.08, 0.05, 0.11, 0.15, 0.22, 0.2, 0.17], [0.16, 0.24, 0.08, 0.04, 0.05, 0.19, 0.14], [0.1, 0.18, 0.15, 0.14, 0.18, 0.07, 0.19]]",0.13,0.05,174,"[0.36, 0.26, 0.19, 0.19]","[[0, 0, 0, 1, 0, 3, 0, 2], [0, 0, 0, 0, 0, 0, 0, 0], [0, 0, 0, 0, 0, 0, 0, 0], [0, 0, 0, 0, 0, 0, 0, 0]]",0.072
3472,0.01,4,"[[0.16, 0.14, 0.08, 0.14, 0.11, 0.13, 0.09], [0.19, 0.11, 0.19, 0.08, 0.11, 0.19, 0.13], [0.21, 0.23, 0.11, 0.11, 0.1, 0.18, 0.03], [0.04, 0.14, 0.12, 0.13, 0.05, 0.04, 0.05]]",0.13,0.11,174,"[0.31, 0.22, 0.18, 0.29]","[[0, 0, 0, 0, 0, 0, 0, 0], [0, 0, 0, 0, 0, 0, 0, 0], [0, 0, 0, 0, 0, 0, 0, 0], [0, 4, 0, 1, 0, 3, 0, 2]]",0.072
3473,0.01,2,"[[0.15, 0.2, 0.21, 0.14, 0.15, 0.21, 0.2], [0.1, 0.12, 0.15, 0.05, 0.19, 0.19, 0.19], [0.2, 0.18, 0.22, 0.07, 0.23, 0.17, 0.15], [0.25, 0.17, 0.14, 0.07, 0.06, 0.14, 0.21]]",0.13,0.12,174,"[0.33, 0.32, 0.13, 0.22]","[[0, 0, 1, 0, 0, 0, 0, 0], [0, 0, 0, 0, 0, 0, 0, 0], [0, 0, 0, 0, 0, 0, 0, 0], [0, 0, 0, 0, 0, 0, 0, 0]]",0.072
3474,0.01,7,"[[0.17, 0.04, 0.18, 0.09, 0.04, 0.16, 0.22], [0.22, 0.14, 0.04, 0.11, 0.04, 0.23, 0.13], [0.09, 0.1, 0.01, 0.06, 0.15, 0.17, 0.05], [0.04, 0.06, 0.1, 0.03, 0.1, 0.03, 0.15]]",0.13,0.13,174,"[0.35, 0.15, 0.13, 0.37]","[[0, 0, 0, 0, 0, 0, 0, 0], [0, 0, 0, 0, 0, 0, 0, 0], [0, 0, 0, 0, 0, 0, 0, 0], [0, 5, 1, 3, 6, 2, 7, 4]]",0.072
3475,0.01,1,"[[0.14, 0.15, 0.11, 0.2, 0.03, 0.13, 0.04], [0.03, 0.07, 0.1, 0.21, 0.1, 0.13, 0.08], [0.14, 0.03, 0.06, 0.05, 0.15, 0.08, 0.09], [0.13, 0.08, 0.16, 0.01, 0.21, 0.09, 0.05]]",0.13,0.14,174,"[0.06, 0.03, 0.86, 0.05]","[[0, 0, 0, 0, 0, 0, 0, 0], [0, 0, 0, 1, 0, 0, 0, 0], [0, 3, 0, 0, 4, 0, 2, 0], [0, 0, 0, 0, 0, 0, 0, 0]]",0.072
3476,0.01,7,"[[0.15, 0.17, 0.12, 0.06, 0.06, 0.22, 0.15], [0.19, 0.17, 0.21, 0.18, 0.06, 0.19, 0.04], [0.07, 0.13, 0.08, 0.09, 0.18, 0.11, 0.12], [0.16, 0.1, 0.02, 0.11, 0.21, 0.13, 0.19]]",0.13,0.19,174,"[0.09, 0.05, 0.01, 0.85]","[[0, 0, 0, 0, 0, 0, 0, 0], [0, 0, 0, 0, 0, 0, 0, 0], [0, 0, 0, 0, 0, 0, 0, 0], [0, 0, 0, 1, 0, 0, 2, 3]]",0.072
3477,0.01,7,"[[0.06, 0.22, 0.11, 0.12, 0.13, 0.09, 0.18], [0.2, 0.17, 0.05, 0.09, 0.17, 0.16, 0.24], [0.14, 0.03, 0.23, 0.14, 0.04, 0.13, 0.18], [0.16, 0.1, 0.17, 0.16, 0.14, 0.04, 0.05]]",0.13,0.18,174,"[0.87, 0.02, 0.1, 0.01]","[[0, 3, 0, 1, 5, 0, 2, 4], [0, 0, 0, 0, 0, 0, 0, 0], [0, 0, 0, 0, 0, 0, 0, 0], [0, 0, 0, 0, 0, 0, 0, 0]]",0.072
3478,0.01,5,"[[0.14, 0.12, 0.08, 0.02, 0.14, 0.19, 0.09], [0.2, 0.01, 0.13, 0.03, 0.11, 0.06, 0.23], [0.19, 0.12, 0.16, 0.15, 0.16, 0.07, 0.21], [0.09, 0.14, 0.24, 0.12, 0.1, 0.2, 0.16]]",0.13,0.16,174,"[0.36, 0.17, 0.12, 0.35]","[[0, 0, 1, 0, 4, 2, 0, 3], [0, 0, 0, 0, 0, 0, 0, 0], [0, 0, 0, 0, 0, 0, 0, 0], [0, 0, 0, 0, 0, 0, 0, 0]]",0.072
3479,0.01,4,"[[0.04, 0.14, 0.09, 0.06, 0.18, 0.1, 0.07], [0.09, 0.13, 0.01, 0.23, 0.07, 0.19, 0.05], [0.08, 0.2, 0.08, 0.21, 0.07, 0.04, 0.22], [0.12, 0.1, 0.09, 0.18, 0.18, 0.04, 0.15]]",0.13,0.18,174,"[0.05, 0.03, 0.07, 0.85]","[[0, 0, 0, 0, 0, 0, 0, 0], [0, 0, 0, 0, 0, 0, 0, 0], [0, 0, 0, 0, 0, 0, 0, 0], [0, 0, 0, 1, 3, 0, 2, 0]]",0.072
3480,0.01,6,"[[0.06, 0.11, 0.17, 0.23, 0.15, 0.14, 0.21], [0.16, 0.17, 0.08, 0.04, 0.07, 0.21, 0.12], [0.2, 0.19, 0.13, 0.12, 0.17, 0.2, 0.16], [0.1, 0.1, 0.12, 0.16, 0.01, 0.17, 0.09]]",0.13,0.21,175,"[0.23, 0.25, 0.3, 0.22]","[[0, 0, 4, 0, 0, 0, 0, 0], [0, 0, 0, 0, 2, 0, 0, 0], [0, 1, 0, 0, 0, 0, 3, 0], [0, 0, 0, 5, 0, 0, 0, 0]]",0.072
3481,0.01,6,"[[0.07, 0.07, 0.17, 0.05, 0.08, 0.18, 0.15], [0.19, 0.17, 0.06, 0.13, 0.2, 0.13, 0.2], [0.08, 0.18, 0.04, 0.21, 0.15, 0.15, 0.18], [0.06, 0.08, 0.09, 0.02, 0.12, 0.19, 0.09]]",0.13,0.13,175,"[0.31, 0.27, 0.19, 0.23]","[[0, 1, 0, 0, 0, 5, 0, 0], [0, 0, 2, 0, 0, 0, 0, 0], [0, 0, 0, 3, 0, 0, 0, 0], [0, 0, 0, 0, 4, 0, 0, 0]]",0.072
3482,0.01,3,"[[0.11, 0.06, 0.11, 0.08, 0.17, 0.11, 0.11], [0.14, 0.12, 0.06, 0.14, 0.09, 0.14, 0.12], [0.04, 0.15, 0.09, 0.13, 0.15, 0.18, 0.21], [0.1, 0.08, 0.17, 0.08, 0.19, 0.13, 0.19]]",0.13,0.17,175,"[0.26, 0.2, 0.27, 0.27]","[[0, 0, 0, 0, 0, 0, 4, 0], [0, 0, 0, 0, 3, 0, 0, 0], [0, 1, 0, 0, 0, 0, 0, 0], [0, 0, 0, 2, 0, 0, 5, 0]]",0.072
3483,0.01,1,"[[0.11, 0.17, 0.16, 0.1, 0.16, 0.08, 0.16], [0.14, 0.11, 0.1, 0.17, 0.15, 0.09, 0.15], [0.18, 0.13, 0.06, 0.09, 0.04, 0.12, 0.18], [0.24, 0.17, 0.23, 0.17, 0.08, 0.13, 0.06]]",0.13,0.11,175,"[0.26, 0.27, 0.3, 0.17]","[[0, 0, 0, 0, 0, 0, 4, 0], [0, 7, 0, 0, 5, 0, 0, 0], [0, 1, 0, 2, 0, 3, 0, 0], [0, 0, 6, 0, 0, 0, 0, 0]]",0.072
3484,0.01,2,"[[0.16, 0.11, 0.08, 0.09, 0.11, 0.11, 0.06], [0.14, 0.14, 0.15, 0.18, 0.2, 0.23, 0.09], [0.09, 0.18, 0.2, 0.13, 0.05, 0.16, 0.07], [0.08, 0.02, 0.16, 0.15, 0.1, 0.09, 0.12]]",0.13,0.18,175,"[0.08, 0.02, 0.89, 0.01]","[[0, 1, 0, 9, 0, 11, 0, 0], [0, 0, 0, 2, 0, 0, 0, 0], [0, 5, 6, 8, 0, 7, 0, 4], [0, 0, 0, 10, 0, 3, 0, 0]]",0.072
3485,0.01,5,"[[0.15, 0.17, 0.12, 0.06, 0.06, 0.22, 0.15], [0.19, 0.17, 0.21, 0.18, 0.06, 0.19, 0.04], [0.07, 0.13, 0.08, 0.09, 0.18, 0.11, 0.12], [0.16, 0.1, 0.02, 0.11, 0.21, 0.13, 0.19]]",0.13,0.21,175,"[0.09, 0.05, 0.01, 0.85]","[[0, 0, 0, 0, 0, 0, 0, 0], [0, 0, 0, 0, 0, 0, 0, 0], [0, 0, 0, 0, 0, 0, 0, 0], [0, 1, 5, 2, 6, 3, 7, 4]]",0.072
3486,0.01,5,"[[0.09, 0.06, 0.16, 0.11, 0.12, 0.22, 0.04], [0.11, 0.19, 0.13, 0.18, 0.2, 0.12, 0.12], [0.11, 0.08, 0.15, 0.06, 0.15, 0.13, 0.16], [0.08, 0.15, 0.2, 0.17, 0.24, 0.04, 0.12]]",0.13,0.12,175,"[0.15, 0.32, 0.21, 0.32]","[[0, 0, 0, 0, 0, 0, 0, 0], [0, 1, 0, 0, 5, 0, 0, 3], [0, 0, 0, 0, 0, 0, 0, 0], [0, 2, 0, 0, 6, 0, 0, 4]]",0.072
3487,0.01,4,"[[0.12, 0.04, 0.15, 0.03, 0.12, 0.21, 0.16], [0.15, 0.15, 0.1, 0.11, 0.22, 0.11, 0.06], [0.06, 0.07, 0.19, 0.11, 0.05, 0.07, 0.16], [0.05, 0.12, 0.14, 0.09, 0.12, 0.13, 0.02]]",0.13,0.11,175,"[0.04, 0.05, 0.89, 0.02]","[[0, 1, 0, 0, 0, 0, 0, 7], [0, 0, 2, 0, 0, 0, 6, 0], [0, 0, 0, 3, 0, 5, 0, 0], [0, 0, 0, 0, 4, 0, 0, 0]]",0.072
3488,0.01,4,"[[0.21, 0.14, 0.05, 0.18, 0.12, 0.1, 0.15], [0.03, 0.07, 0.04, 0.14, 0.13, 0.15, 0.2], [0.05, 0.14, 0.08, 0.16, 0.04, 0.13, 0.08], [0.19, 0.12, 0.09, 0.06, 0.18, 0.05, 0.09]]",0.13,0.16,175,"[0.01, 0.02, 0.88, 0.09]","[[0, 0, 0, 0, 0, 0, 0, 0], [0, 0, 0, 0, 0, 0, 0, 0], [0, 3, 1, 2, 7, 4, 5, 6], [0, 0, 0, 0, 0, 0, 0, 0]]",0.072
3489,0.01,5,"[[0.07, 0.16, 0.11, 0.2, 0.2, 0.19, 0.16], [0.15, 0.22, 0.24, 0.17, 0.18, 0.12, 0.12], [0.11, 0.16, 0.11, 0.12, 0.21, 0.06, 0.16], [0.17, 0.22, 0.15, 0.11, 0.24, 0.11, 0.17]]",0.13,0.24,175,"[0.09, 0.03, 0.01, 0.87]","[[0, 0, 0, 0, 0, 0, 0, 0], [0, 0, 0, 0, 0, 0, 0, 0], [0, 8, 0, 0, 0, 0, 0, 0], [0, 1, 2, 3, 4, 5, 6, 7]]",0.072
3490,0.01,2,"[[1.92, 6.77, 0.18, 0.58, 7.09, 4.34, 4.61], [2.63, 2.6, 4.89, 2.52, 8.42, 2.23, 4.37], [6.54, 7.27, 4.71, 3.86, 8.83, 4.81, 5.31], [5.47, 8.91, 3.37, 8.65, 6.85, 1.47, 5.12]]",5.0,8.91,175,"[0.31, 0.2, 0.17, 0.32]","[[0, 9, 10, 11, 4, 12, 13, 14], [0, 0, 0, 0, 0, 0, 0, 0], [0, 0, 0, 0, 0, 0, 0, 0], [0, 1, 5, 2, 6, 7, 3, 8]]",2.994
3491,0.01,3,"[[7.04, 7.27, 1.99, 4.87, 6.53, 6.34, 1.47], [5.29, 2.16, 9.06, 4.67, 7.92, 5.41, 7.56], [6.95, 5.35, 1.7, 4.81, 6.84, 1.21, 8.92], [6.63, 5.53, 4.35, 1.42, 5.69, 5.92, 4.12]]",5.0,9.06,175,"[0.07, 0.87, 0.03, 0.03]","[[0, 8, 9, 10, 0, 0, 0, 0], [0, 1, 2, 3, 4, 5, 7, 6], [0, 0, 0, 11, 0, 0, 0, 0], [0, 0, 0, 12, 0, 0, 0, 0]]",2.994
3492,0.01,6,"[[5.12, 1.51, 5.2, 6.71, 2.69, 8.45, 7.56], [1.26, 6.81, 6.02, 6.85, 3.83, 2.04, 5.15], [0.77, 1.29, 6.67, 1.6, 1.63, 0.54, 0.89], [4.2, 5.58, 3.29, 3.97, 3.54, 6.37, 4.95]]",5.0,8.45,175,"[0.21, 0.27, 0.19, 0.33]","[[0, 0, 0, 0, 0, 0, 0, 0], [0, 0, 0, 0, 0, 0, 0, 0], [0, 0, 0, 0, 0, 0, 0, 0], [0, 1, 2, 3, 4, 5, 6, 7]]",2.994
3493,0.01,4,"[[5.11, 2.17, 0.1, 9.47, 2.73, 6.4, 3.36], [4.31, 7.26, 6.36, 8.48, 2.98, 4.68, 5.77], [8.38, 2.0, 6.14, 7.53, 4.7, 1.99, 1.53], [7.09, 5.94, 3.03, 5.37, 2.51, 3.9, 2.79]]",5.0,5.37,175,"[0.31, 0.35, 0.15, 0.19]","[[0, 0, 0, 0, 0, 0, 0, 0], [0, 1, 2, 3, 4, 5, 6, 7], [0, 0, 0, 0, 0, 0, 0, 0], [0, 0, 0, 0, 0, 0, 0, 0]]",2.994
3494,0.01,2,"[[5.63, 2.91, 6.84, 6.5, 2.65, 5.91, 4.09], [5.16, 0.83, 2.41, 5.99, 6.15, 3.67, 6.12], [5.67, 9.08, 3.93, 7.57, 5.62, 2.51, 2.61], [4.59, 1.2, 4.42, 1.16, 8.17, 8.27, 1.11]]",5.0,9.08,175,"[0.14, 0.34, 0.35, 0.17]","[[0, 0, 0, 0, 0, 0, 0, 0], [0, 0, 0, 0, 0, 0, 0, 0], [0, 1, 2, 3, 4, 5, 6, 7], [0, 0, 0, 0, 0, 0, 0, 0]]",2.994
3495,0.01,7,"[[8.39, 1.9, 3.96, 5.78, 2.24, 5.8, 4.1], [0.94, 5.02, 2.49, 5.54, 6.54, 4.33, 9.65], [7.94, 7.8, 4.1, 9.82, 1.59, 4.84, 8.58], [8.96, 7.49, 1.94, 3.92, 0.76, 2.82, 6.17]]",5.0,9.65,175,"[0.11, 0.85, 0.02, 0.02]","[[0, 0, 0, 0, 0, 0, 0, 0], [0, 1, 2, 3, 4, 5, 6, 7], [0, 0, 0, 0, 0, 0, 0, 0], [0, 0, 0, 0, 0, 0, 0, 0]]",2.994
3496,0.01,1,"[[7.17, 3.46, 5.58, 3.93, 3.7, 2.49, 5.53], [9.77, 5.93, 5.47, 2.25, 8.04, 7.17, 0.39], [7.48, 1.53, 5.91, 7.74, 1.59, 6.73, 3.86], [5.1, 6.8, 2.11, 7.09, 7.57, 6.62, 8.34]]",5.0,7.17,175,"[0.88, 0.05, 0.05, 0.02]","[[0, 1, 2, 3, 4, 5, 6, 7], [0, 0, 0, 0, 0, 0, 0, 0], [0, 0, 0, 0, 0, 0, 0, 0], [0, 0, 0, 0, 0, 0, 0, 0]]",2.994
3497,0.01,1,"[[2.44, 7.36, 6.46, 5.15, 7.43, 1.32, 0.71], [3.96, 8.36, 4.6, 6.91, 2.69, 5.0, 1.64], [8.24, 5.23, 2.67, 1.92, 6.03, 2.88, 7.54], [1.43, 5.93, 6.77, 1.1, 3.47, 5.78, 6.1]]",5.0,8.24,175,"[0.02, 0.06, 0.89, 0.03]","[[0, 0, 0, 0, 0, 0, 0, 0], [0, 0, 0, 0, 0, 0, 0, 0], [0, 1, 2, 3, 4, 5, 6, 7], [0, 0, 0, 0, 0, 0, 0, 0]]",2.994
3498,0.01,1,"[[2.54, 7.44, 2.24, 4.32, 2.76, 9.01, 8.48], [1.82, 8.34, 6.23, 3.89, 6.94, 3.11, 6.18], [7.6, 3.71, 5.31, 9.83, 1.09, 3.87, 7.81], [7.76, 7.0, 2.77, 7.48, 3.83, 0.31, 3.13]]",5.0,7.76,175,"[0.04, 0.07, 0.03, 0.86]","[[0, 8, 0, 0, 0, 0, 0, 0], [0, 9, 0, 0, 0, 0, 0, 0], [0, 10, 0, 0, 0, 0, 0, 0], [0, 4, 5, 2, 6, 3, 7, 1]]",2.994
3499,0.01,2,"[[7.91, 1.03, 5.87, 7.52, 6.88, 7.18, 6.1], [5.88, 5.55, 1.78, 3.0, 4.69, 4.52, 8.75], [5.71, 1.25, 6.22, 6.17, 8.38, 7.26, 4.32], [6.4, 8.88, 5.28, 4.23, 1.08, 0.7, 3.39]]",5.0,1.25,175,"[0.3, 0.18, 0.2, 0.32]","[[0, 0, 8, 0, 0, 0, 0, 0], [0, 0, 9, 0, 0, 0, 0, 0], [0, 0, 10, 0, 0, 0, 0, 0], [0, 1, 2, 3, 4, 5, 6, 7]]",2.994
3500,0.01,2,"[[0.72, 5.25, 9.97, 4.85, 8.58, 2.57, 9.15], [5.48, 9.36, 2.36, 9.25, 3.72, 4.76, 6.74], [7.14, 7.36, 2.91, 4.13, 7.03, 8.48, 0.38], [5.84, 6.37, 7.56, 3.71, 4.02, 2.93, 0.09]]",5.0,9.36,176,"[0.03, 0.85, 0.06, 0.06]","[[0, 0, 6, 0, 0, 0, 3, 0], [0, 0, 1, 0, 0, 0, 9, 0], [0, 0, 4, 0, 2, 0, 8, 0], [0, 0, 5, 0, 0, 0, 7, 0]]",2.994
3501,0.01,3,"[[5.28, 9.9, 6.81, 1.61, 2.79, 8.92, 6.09], [3.46, 6.68, 6.44, 3.71, 3.55, 0.25, 8.07], [6.52, 2.17, 8.0, 8.5, 5.35, 1.81, 3.32], [5.89, 1.86, 6.44, 5.29, 3.29, 8.96, 7.12]]",5.0,6.81,176,"[0.23, 0.3, 0.24, 0.23]","[[0, 0, 0, 7, 8, 0, 0, 0], [0, 0, 0, 2, 1, 0, 0, 0], [0, 0, 0, 3, 4, 0, 0, 0], [0, 0, 0, 5, 6, 0, 0, 0]]",2.994
3502,0.01,3,"[[6.19, 1.85, 1.16, 4.28, 2.66, 3.25, 7.93], [4.16, 3.03, 5.34, 3.93, 5.82, 4.05, 2.14], [6.53, 8.89, 6.73, 7.28, 2.75, 0.6, 4.09], [4.95, 6.55, 6.81, 6.9, 1.07, 2.2, 5.26]]",5.0,6.73,176,"[0.03, 0.86, 0.04, 0.07]","[[0, 0, 0, 0, 0, 0, 0, 0], [0, 7, 1, 2, 3, 4, 5, 6], [0, 0, 0, 9, 0, 8, 0, 0], [0, 0, 0, 10, 0, 0, 0, 0]]",2.994
3503,0.01,5,"[[1.92, 6.77, 0.18, 0.58, 7.09, 4.34, 4.61], [2.63, 2.6, 4.89, 2.52, 8.42, 2.23, 4.37], [6.54, 7.27, 4.71, 3.86, 8.83, 4.81, 5.31], [5.47, 8.91, 3.37, 8.65, 6.85, 1.47, 5.12]]",5.0,8.42,176,"[0.31, 0.2, 0.17, 0.32]","[[0, 0, 0, 1, 2, 3, 0, 0], [0, 0, 0, 0, 8, 4, 9, 0], [0, 0, 0, 0, 0, 10, 0, 0], [0, 0, 0, 0, 7, 5, 6, 0]]",2.994
3504,0.01,1,"[[4.36, 8.7, 5.94, 4.41, 8.37, 5.83, 0.58], [9.58, 2.24, 8.49, 4.24, 4.63, 4.53, 5.29], [6.08, 4.31, 5.59, 3.3, 3.91, 4.21, 4.74], [9.25, 5.33, 1.67, 7.75, 5.64, 2.81, 3.02]]",5.0,9.25,176,"[0.31, 0.27, 0.14, 0.28]","[[0, 1, 0, 2, 0, 3, 0, 4], [0, 9, 0, 5, 0, 10, 0, 0], [0, 0, 0, 0, 0, 0, 0, 0], [0, 8, 0, 6, 0, 7, 0, 0]]",2.994
3505,0.01,5,"[[8.47, 2.82, 7.33, 4.03, 7.07, 2.75, 1.54], [4.68, 3.16, 0.97, 1.44, 5.2, 6.65, 9.25], [8.41, 7.04, 1.31, 3.23, 7.09, 7.67, 1.55], [6.28, 2.99, 4.33, 1.28, 9.25, 6.99, 2.35]]",5.0,9.25,176,"[0.01, 0.01, 0.01, 0.97]","[[0, 0, 0, 0, 0, 10, 0, 0], [0, 0, 0, 0, 0, 9, 0, 0], [0, 0, 0, 0, 0, 8, 0, 0], [0, 1, 2, 3, 4, 5, 6, 7]]",2.994
3506,0.01,1,"[[5.77, 3.99, 6.61, 4.81, 8.16, 4.87, 2.84], [5.38, 5.12, 5.88, 4.67, 7.45, 7.64, 1.41], [2.86, 1.79, 4.9, 7.89, 6.3, 3.05, 5.2], [5.28, 6.58, 1.34, 2.2, 4.69, 6.92, 5.01]]",5.0,2.86,176,"[0.34, 0.23, 0.11, 0.32]","[[0, 1, 0, 3, 5, 10, 7, 9], [0, 0, 0, 0, 0, 0, 0, 0], [0, 0, 0, 0, 0, 0, 0, 0], [0, 2, 0, 4, 6, 11, 8, 0]]",2.994
3507,0.01,4,"[[7.29, 4.26, 4.93, 3.96, 3.34, 8.54, 6.49], [0.79, 3.44, 2.71, 8.71, 2.86, 7.09, 3.94], [9.61, 8.74, 7.3, 3.82, 1.83, 1.17, 5.37], [2.04, 1.98, 8.39, 1.63, 1.8, 1.97, 7.71]]",5.0,1.63,176,"[0.21, 0.28, 0.29, 0.22]","[[0, 0, 0, 0, 0, 0, 0, 0], [0, 8, 0, 9, 10, 11, 0, 12], [0, 1, 2, 3, 4, 5, 6, 7], [0, 0, 0, 0, 0, 0, 0, 0]]",2.994
3508,0.01,5,"[[4.41, 7.98, 5.03, 0.94, 6.07, 7.96, 3.08], [7.18, 6.38, 1.11, 4.77, 7.21, 4.82, 4.9], [5.63, 7.2, 7.79, 1.19, 2.56, 6.05, 3.13], [2.67, 2.05, 5.91, 4.15, 9.55, 4.46, 9.22]]",5.0,9.55,176,"[0.04, 0.02, 0.05, 0.89]","[[0, 0, 0, 0, 0, 8, 0, 0], [0, 0, 0, 0, 0, 9, 0, 0], [0, 0, 0, 0, 0, 10, 0, 0], [0, 1, 2, 3, 4, 5, 6, 7]]",2.994
3509,0.01,1,"[[1.63, 4.7, 3.32, 2.64, 8.47, 3.24, 4.54], [8.67, 5.47, 1.74, 1.77, 1.06, 7.43, 3.25], [4.05, 4.33, 1.96, 6.68, 6.28, 9.52, 7.64], [3.95, 5.24, 1.85, 2.91, 0.64, 2.21, 1.85]]",5.0,8.67,176,"[0.05, 0.89, 0.05, 0.01]","[[0, 10, 0, 0, 0, 0, 0, 0], [0, 1, 2, 3, 4, 5, 6, 7], [0, 9, 0, 8, 0, 0, 0, 0], [0, 0, 0, 0, 0, 0, 0, 0]]",2.994
3510,0.01,1,"[[0.16, 0.14, 0.08, 0.14, 0.11, 0.13, 0.09], [0.19, 0.11, 0.19, 0.08, 0.11, 0.19, 0.13], [0.21, 0.23, 0.11, 0.11, 0.1, 0.18, 0.03], [0.04, 0.14, 0.12, 0.13, 0.05, 0.04, 0.05]]",0.13,0.16,176,"[0.31, 0.22, 0.18, 0.29]","[[0, 1, 0, 5, 0, 3, 0, 0], [0, 0, 0, 2, 0, 0, 0, 4], [0, 0, 0, 0, 0, 0, 0, 0], [0, 0, 0, 0, 0, 0, 0, 0]]",0.072
3511,0.01,5,"[[0.07, 0.16, 0.11, 0.2, 0.2, 0.19, 0.16], [0.15, 0.22, 0.24, 0.17, 0.18, 0.12, 0.12], [0.11, 0.16, 0.11, 0.12, 0.21, 0.06, 0.16], [0.17, 0.22, 0.15, 0.11, 0.24, 0.11, 0.17]]",0.13,0.24,176,"[0.09, 0.03, 0.01, 0.87]","[[0, 0, 0, 0, 0, 5, 0, 0], [0, 0, 0, 0, 0, 0, 0, 0], [0, 0, 0, 0, 0, 0, 0, 0], [0, 1, 0, 2, 0, 3, 0, 4]]",0.072
3512,0.01,1,"[[0.22, 0.12, 0.18, 0.2, 0.04, 0.04, 0.16], [0.19, 0.18, 0.17, 0.17, 0.18, 0.2, 0.15], [0.03, 0.13, 0.18, 0.12, 0.17, 0.16, 0.08], [0.21, 0.09, 0.16, 0.11, 0.25, 0.1, 0.16]]",0.13,0.03,176,"[0.34, 0.12, 0.22, 0.32]","[[0, 1, 0, 2, 0, 3, 0, 4], [0, 0, 0, 0, 0, 0, 0, 0], [0, 0, 0, 0, 0, 0, 0, 0], [0, 5, 0, 0, 0, 0, 0, 0]]",0.072
3513,0.01,7,"[[0.12, 0.17, 0.14, 0.13, 0.11, 0.07, 0.23], [0.21, 0.03, 0.18, 0.17, 0.22, 0.07, 0.12], [0.06, 0.15, 0.14, 0.1, 0.11, 0.15, 0.22], [0.13, 0.03, 0.18, 0.17, 0.07, 0.25, 0.1]]",0.13,0.23,176,"[0.39, 0.18, 0.15, 0.28]","[[0, 1, 0, 2, 0, 3, 0, 4], [0, 0, 0, 0, 0, 0, 0, 0], [0, 0, 0, 0, 0, 0, 0, 0], [0, 5, 0, 0, 0, 0, 0, 0]]",0.072
3514,0.01,5,"[[0.11, 0.06, 0.11, 0.08, 0.17, 0.11, 0.11], [0.14, 0.12, 0.06, 0.14, 0.09, 0.14, 0.12], [0.04, 0.15, 0.09, 0.13, 0.15, 0.18, 0.21], [0.1, 0.08, 0.17, 0.08, 0.19, 0.13, 0.19]]",0.13,0.19,176,"[0.26, 0.2, 0.27, 0.27]","[[0, 0, 0, 0, 0, 0, 0, 0], [0, 0, 0, 0, 0, 0, 0, 0], [0, 0, 0, 0, 0, 5, 0, 0], [0, 1, 0, 2, 0, 3, 0, 4]]",0.072
3515,0.01,3,"[[0.16, 0.11, 0.08, 0.09, 0.11, 0.11, 0.06], [0.14, 0.14, 0.15, 0.18, 0.2, 0.23, 0.09], [0.09, 0.18, 0.2, 0.13, 0.05, 0.16, 0.07], [0.08, 0.02, 0.16, 0.15, 0.1, 0.09, 0.12]]",0.13,0.2,176,"[0.08, 0.02, 0.89, 0.01]","[[0, 0, 0, 0, 5, 0, 0, 0], [0, 0, 0, 0, 0, 0, 0, 0], [0, 1, 0, 2, 0, 3, 0, 4], [0, 0, 0, 0, 0, 0, 0, 0]]",0.072
3516,0.01,3,"[[0.12, 0.04, 0.15, 0.03, 0.12, 0.21, 0.16], [0.15, 0.15, 0.1, 0.11, 0.22, 0.11, 0.06], [0.06, 0.07, 0.19, 0.11, 0.05, 0.07, 0.16], [0.05, 0.12, 0.14, 0.09, 0.12, 0.13, 0.02]]",0.13,0.19,176,"[0.04, 0.05, 0.89, 0.02]","[[0, 0, 0, 0, 0, 0, 0, 0], [0, 0, 0, 5, 0, 0, 0, 0], [0, 1, 0, 2, 0, 3, 0, 4], [0, 0, 0, 0, 0, 0, 0, 0]]",0.072
3517,0.01,7,"[[0.19, 0.11, 0.24, 0.23, 0.21, 0.14, 0.16], [0.12, 0.1, 0.02, 0.19, 0.1, 0.08, 0.14], [0.05, 0.21, 0.07, 0.2, 0.09, 0.02, 0.23], [0.09, 0.04, 0.09, 0.14, 0.18, 0.2, 0.23]]",0.13,0.23,176,"[0.03, 0.01, 0.92, 0.04]","[[0, 0, 0, 0, 0, 0, 0, 0], [0, 0, 0, 0, 0, 0, 0, 0], [0, 1, 0, 2, 0, 3, 0, 4], [0, 0, 0, 0, 0, 0, 0, 5]]",0.072
3518,0.01,3,"[[0.14, 0.16, 0.16, 0.21, 0.14, 0.04, 0.08], [0.06, 0.2, 0.17, 0.04, 0.15, 0.07, 0.15], [0.13, 0.19, 0.14, 0.02, 0.08, 0.23, 0.1], [0.15, 0.03, 0.13, 0.07, 0.13, 0.07, 0.19]]",0.13,0.17,176,"[0.26, 0.28, 0.24, 0.22]","[[0, 0, 0, 5, 0, 0, 0, 0], [0, 1, 0, 2, 0, 3, 0, 4], [0, 0, 0, 0, 0, 0, 0, 0], [0, 0, 0, 0, 0, 0, 0, 0]]",0.072
3519,0.01,5,"[[0.15, 0.17, 0.12, 0.06, 0.06, 0.22, 0.15], [0.19, 0.17, 0.21, 0.18, 0.06, 0.19, 0.04], [0.07, 0.13, 0.08, 0.09, 0.18, 0.11, 0.12], [0.16, 0.1, 0.02, 0.11, 0.21, 0.13, 0.19]]",0.13,0.21,176,"[0.09, 0.05, 0.01, 0.85]","[[0, 0, 0, 0, 0, 0, 0, 0], [0, 0, 0, 0, 0, 0, 0, 0], [0, 0, 0, 0, 0, 0, 0, 0], [0, 1, 0, 2, 0, 3, 0, 4]]",0.072
3520,0.0,1,"[[5.93, 4.61, 6.44, 6.58, 0.77, 6.66, 0.58], [1.24, 4.91, 5.63, 0.45, 3.38, 4.94, 3.12], [7.83, 1.4, 2.04, 7.87, 6.09, 6.31, 5.4], [6.34, 6.33, 4.75, 6.81, 8.3, 6.3, 9.27]]",5.0,7.83,177,"[0.01, 0.1, 0.87, 0.02]","[[0, 0, 0, 0, 9, 0, 0, 0], [0, 12, 11, 13, 8, 0, 0, 0], [0, 1, 2, 3, 4, 5, 6, 7], [0, 0, 0, 0, 10, 0, 0, 0]]",2.994
3521,0.0,6,"[[1.63, 4.7, 3.32, 2.64, 8.47, 3.24, 4.54], [8.67, 5.47, 1.74, 1.77, 1.06, 7.43, 3.25], [4.05, 4.33, 1.96, 6.68, 6.28, 9.52, 7.64], [3.95, 5.24, 1.85, 2.91, 0.64, 2.21, 1.85]]",5.0,7.43,177,"[0.05, 0.89, 0.05, 0.01]","[[0, 8, 0, 0, 0, 0, 11, 0], [0, 1, 2, 3, 4, 5, 6, 7], [0, 9, 0, 0, 0, 0, 12, 0], [0, 10, 0, 0, 0, 0, 13, 0]]",2.994
3522,0.0,4,"[[7.91, 1.03, 5.87, 7.52, 6.88, 7.18, 6.1], [5.88, 5.55, 1.78, 3.0, 4.69, 4.52, 8.75], [5.71, 1.25, 6.22, 6.17, 8.38, 7.26, 4.32], [6.4, 8.88, 5.28, 4.23, 1.08, 0.7, 3.39]]",5.0,4.23,177,"[0.3, 0.18, 0.2, 0.32]","[[0, 1, 2, 3, 4, 5, 6, 7], [0, 0, 0, 0, 15, 0, 0, 0], [0, 0, 0, 0, 16, 0, 0, 0], [0, 8, 9, 10, 11, 12, 13, 14]]",2.994
3523,0.0,1,"[[4.36, 8.7, 5.94, 4.41, 8.37, 5.83, 0.58], [9.58, 2.24, 8.49, 4.24, 4.63, 4.53, 5.29], [6.08, 4.31, 5.59, 3.3, 3.91, 4.21, 4.74], [9.25, 5.33, 1.67, 7.75, 5.64, 2.81, 3.02]]",5.0,6.08,177,"[0.31, 0.27, 0.14, 0.28]","[[0, 1, 2, 3, 4, 5, 6, 7], [0, 8, 9, 10, 11, 12, 13, 14], [0, 0, 0, 0, 0, 0, 0, 15], [0, 22, 21, 20, 19, 18, 17, 16]]",2.994
3524,0.0,4,"[[5.16, 3.84, 2.97, 6.89, 7.92, 3.02, 6.81], [6.93, 3.64, 5.33, 8.47, 3.82, 8.88, 7.83], [4.51, 5.38, 9.21, 3.79, 4.77, 9.29, 4.59], [3.55, 8.48, 4.66, 2.28, 3.95, 2.95, 5.67]]",5.0,6.89,177,"[0.86, 0.08, 0.05, 0.01]","[[0, 1, 2, 3, 4, 5, 6, 7], [0, 0, 0, 0, 9, 8, 0, 10], [0, 0, 0, 0, 11, 0, 0, 12], [0, 0, 0, 0, 13, 0, 0, 14]]",2.994
3525,0.0,1,"[[1.89, 1.68, 4.82, 0.64, 6.72, 5.82, 3.47], [2.81, 5.64, 4.93, 5.88, 1.19, 6.58, 2.91], [6.88, 4.96, 4.06, 5.77, 1.03, 4.24, 5.62], [0.22, 1.89, 4.63, 5.2, 4.1, 3.36, 6.44]]",5.0,2.81,177,"[0.25, 0.26, 0.31, 0.18]","[[0, 21, 20, 19, 18, 17, 16, 15], [0, 8, 9, 10, 11, 12, 13, 14], [0, 1, 2, 3, 4, 5, 6, 7], [0, 0, 0, 0, 0, 0, 0, 0]]",2.994
3526,0.0,1,"[[3.54, 3.18, 6.26, 3.39, 3.52, 5.47, 1.42], [3.13, 1.91, 7.14, 3.81, 4.58, 6.9, 8.39], [7.48, 1.27, 5.41, 7.63, 6.12, 1.81, 6.34], [6.09, 3.7, 4.25, 4.91, 0.8, 7.46, 7.59]]",5.0,7.48,177,"[0.04, 0.07, 0.88, 0.01]","[[0, 0, 0, 0, 0, 0, 0, 0], [0, 8, 0, 0, 0, 9, 0, 0], [0, 1, 2, 3, 4, 5, 6, 7], [0, 0, 0, 0, 0, 0, 0, 0]]",2.994
3527,0.0,4,"[[5.11, 2.17, 0.1, 9.47, 2.73, 6.4, 3.36], [4.31, 7.26, 6.36, 8.48, 2.98, 4.68, 5.77], [8.38, 2.0, 6.14, 7.53, 4.7, 1.99, 1.53], [7.09, 5.94, 3.03, 5.37, 2.51, 3.9, 2.79]]",5.0,9.47,177,"[0.31, 0.35, 0.15, 0.19]","[[0, 14, 13, 12, 11, 10, 9, 8], [0, 1, 2, 3, 4, 5, 6, 7], [0, 0, 0, 0, 0, 0, 0, 0], [0, 0, 0, 0, 15, 0, 0, 0]]",2.994
3528,0.0,2,"[[5.92, 9.68, 5.15, 2.59, 5.89, 7.38, 2.85], [1.22, 5.64, 6.3, 3.82, 9.13, 6.51, 3.36], [6.72, 1.0, 8.86, 8.25, 8.82, 6.13, 4.12], [7.5, 7.75, 5.39, 3.9, 7.48, 3.23, 1.98]]",5.0,1.0,177,"[0.3, 0.17, 0.24, 0.29]","[[0, 1, 2, 3, 4, 5, 6, 7], [0, 17, 18, 0, 0, 0, 0, 0], [0, 16, 15, 0, 0, 0, 0, 0], [0, 14, 13, 12, 11, 10, 9, 8]]",2.994
3529,0.0,4,"[[2.54, 7.44, 2.24, 4.32, 2.76, 9.01, 8.48], [1.82, 8.34, 6.23, 3.89, 6.94, 3.11, 6.18], [7.6, 3.71, 5.31, 9.83, 1.09, 3.87, 7.81], [7.76, 7.0, 2.77, 7.48, 3.83, 0.31, 3.13]]",5.0,7.48,177,"[0.04, 0.07, 0.03, 0.86]","[[0, 8, 0, 0, 9, 0, 0, 0], [0, 11, 0, 0, 10, 0, 0, 0], [0, 0, 0, 0, 0, 0, 0, 0], [0, 1, 2, 3, 4, 5, 6, 7]]",2.994
3530,0.0,5,"[[0.08, 0.23, 0.11, 0.15, 0.14, 0.16, 0.07], [0.19, 0.17, 0.09, 0.16, 0.14, 0.09, 0.03], [0.13, 0.11, 0.24, 0.17, 0.14, 0.06, 0.15], [0.09, 0.17, 0.09, 0.17, 0.19, 0.1, 0.17]]",0.13,0.14,177,"[0.01, 0.02, 0.11, 0.86]","[[0, 0, 0, 0, 0, 0, 0, 0], [0, 0, 0, 0, 0, 0, 0, 0], [0, 8, 9, 10, 11, 12, 13, 14], [0, 1, 2, 3, 4, 5, 6, 7]]",0.072
3531,0.0,7,"[[0.16, 0.21, 0.19, 0.12, 0.21, 0.05, 0.2], [0.14, 0.1, 0.04, 0.07, 0.08, 0.16, 0.22], [0.03, 0.17, 0.22, 0.13, 0.04, 0.22, 0.12], [0.16, 0.14, 0.16, 0.16, 0.18, 0.13, 0.14]]",0.13,0.22,177,"[0.06, 0.89, 0.04, 0.01]","[[0, 1, 0, 0, 0, 0, 0, 9], [0, 2, 3, 4, 5, 6, 7, 8], [0, 12, 0, 0, 0, 0, 0, 10], [0, 13, 0, 0, 0, 0, 0, 11]]",0.072
3532,0.0,2,"[[0.12, 0.13, 0.12, 0.14, 0.05, 0.1, 0.25], [0.16, 0.2, 0.2, 0.14, 0.09, 0.17, 0.09], [0.11, 0.12, 0.11, 0.11, 0.08, 0.05, 0.17], [0.19, 0.2, 0.07, 0.21, 0.07, 0.13, 0.2]]",0.13,0.2,177,"[0.17, 0.35, 0.31, 0.17]","[[0, 0, 15, 16, 0, 0, 0, 0], [0, 1, 2, 3, 4, 5, 6, 7], [0, 8, 10, 9, 11, 12, 13, 14], [0, 0, 18, 17, 0, 0, 0, 0]]",0.072
3533,0.0,2,"[[0.08, 0.23, 0.16, 0.14, 0.22, 0.12, 0.2], [0.17, 0.2, 0.03, 0.17, 0.21, 0.17, 0.07], [0.08, 0.2, 0.14, 0.22, 0.1, 0.13, 0.17], [0.07, 0.12, 0.01, 0.11, 0.05, 0.12, 0.17]]",0.13,0.23,177,"[0.86, 0.03, 0.04, 0.07]","[[0, 1, 2, 3, 4, 7, 5, 6], [0, 0, 8, 0, 0, 0, 0, 11], [0, 0, 9, 0, 0, 0, 0, 12], [0, 0, 10, 0, 0, 0, 0, 13]]",0.072
3534,0.0,7,"[[0.21, 0.18, 0.18, 0.07, 0.17, 0.09, 0.08], [0.07, 0.09, 0.01, 0.16, 0.02, 0.06, 0.25], [0.21, 0.16, 0.24, 0.08, 0.24, 0.16, 0.09], [0.17, 0.08, 0.18, 0.24, 0.11, 0.09, 0.22]]",0.13,0.09,177,"[0.21, 0.27, 0.2, 0.32]","[[0, 0, 0, 0, 10, 0, 0, 11], [0, 0, 0, 0, 9, 0, 0, 12], [0, 0, 0, 0, 8, 0, 0, 13], [0, 1, 2, 3, 4, 5, 6, 7]]",0.072
3535,0.0,4,"[[0.2, 0.21, 0.23, 0.23, 0.18, 0.14, 0.22], [0.2, 0.22, 0.22, 0.25, 0.05, 0.12, 0.09], [0.02, 0.05, 0.07, 0.23, 0.14, 0.19, 0.02], [0.12, 0.1, 0.13, 0.23, 0.18, 0.06, 0.24]]",0.13,0.23,177,"[0.08, 0.03, 0.87, 0.02]","[[0, 0, 0, 0, 9, 0, 13, 0], [0, 0, 0, 0, 8, 0, 12, 0], [0, 1, 2, 3, 4, 5, 6, 7], [0, 0, 0, 0, 10, 0, 11, 0]]",0.072
3536,0.0,1,"[[0.18, 0.08, 0.14, 0.2, 0.12, 0.1, 0.1], [0.1, 0.05, 0.2, 0.13, 0.11, 0.09, 0.04], [0.15, 0.11, 0.22, 0.09, 0.14, 0.12, 0.12], [0.17, 0.01, 0.14, 0.05, 0.14, 0.07, 0.08]]",0.13,0.17,177,"[0.3, 0.22, 0.27, 0.21]","[[0, 2, 3, 4, 5, 6, 7, 8], [0, 16, 0, 0, 15, 0, 0, 0], [0, 1, 9, 10, 11, 13, 12, 14], [0, 18, 0, 0, 17, 0, 0, 0]]",0.072
3537,0.0,7,"[[0.15, 0.2, 0.21, 0.14, 0.15, 0.21, 0.2], [0.1, 0.12, 0.15, 0.05, 0.19, 0.19, 0.19], [0.2, 0.18, 0.22, 0.07, 0.23, 0.17, 0.15], [0.25, 0.17, 0.14, 0.07, 0.06, 0.14, 0.21]]",0.13,0.21,177,"[0.33, 0.32, 0.13, 0.22]","[[0, 1, 2, 3, 4, 5, 6, 7], [0, 14, 13, 12, 11, 10, 9, 8], [0, 0, 0, 0, 0, 0, 15, 18], [0, 0, 0, 0, 0, 0, 16, 17]]",0.072
3538,0.0,7,"[[0.12, 0.17, 0.14, 0.13, 0.11, 0.07, 0.23], [0.21, 0.03, 0.18, 0.17, 0.22, 0.07, 0.12], [0.06, 0.15, 0.14, 0.1, 0.11, 0.15, 0.22], [0.13, 0.03, 0.18, 0.17, 0.07, 0.25, 0.1]]",0.13,0.1,177,"[0.39, 0.18, 0.15, 0.28]","[[0, 1, 2, 3, 4, 5, 6, 7], [0, 0, 0, 0, 0, 0, 0, 0], [0, 0, 0, 0, 0, 0, 0, 0], [0, 14, 13, 12, 11, 10, 9, 8]]",0.072
3539,0.0,2,"[[0.15, 0.08, 0.15, 0.12, 0.15, 0.08, 0.22], [0.12, 0.2, 0.22, 0.16, 0.25, 0.12, 0.11], [0.19, 0.22, 0.15, 0.08, 0.12, 0.14, 0.2], [0.21, 0.16, 0.09, 0.16, 0.22, 0.15, 0.19]]",0.13,0.22,177,"[0.05, 0.07, 0.86, 0.02]","[[0, 16, 9, 0, 0, 0, 0, 13], [0, 15, 8, 0, 0, 0, 0, 12], [0, 1, 2, 3, 4, 5, 6, 7], [0, 14, 10, 0, 0, 0, 0, 11]]",0.072
3540,0.0,6,"[[9.88, 3.37, 6.84, 6.02, 5.72, 2.47, 6.83], [4.66, 3.57, 1.89, 8.02, 4.52, 4.58, 0.56], [5.57, 8.71, 8.98, 7.3, 1.41, 5.09, 6.3], [2.79, 3.58, 9.87, 3.61, 3.51, 7.13, 2.78]]",5.0,7.13,178,"[0.02, 0.05, 0.05, 0.88]","[[0, 0, 0, 10, 0, 0, 13, 0], [0, 0, 0, 11, 0, 0, 12, 0], [0, 0, 0, 8, 0, 0, 9, 0], [0, 1, 2, 3, 4, 5, 6, 7]]",2.994
3541,0.0,2,"[[2.54, 7.44, 2.24, 4.32, 2.76, 9.01, 8.48], [1.82, 8.34, 6.23, 3.89, 6.94, 3.11, 6.18], [7.6, 3.71, 5.31, 9.83, 1.09, 3.87, 7.81], [7.76, 7.0, 2.77, 7.48, 3.83, 0.31, 3.13]]",5.0,7.0,178,"[0.04, 0.07, 0.03, 0.86]","[[0, 10, 13, 0, 16, 0, 0, 0], [0, 9, 12, 0, 15, 0, 0, 0], [0, 8, 11, 0, 14, 0, 0, 0], [0, 1, 2, 3, 4, 5, 6, 7]]",2.994
3542,0.0,2,"[[7.11, 5.78, 4.85, 4.33, 7.33, 7.89, 5.26], [5.95, 7.87, 3.44, 7.0, 6.97, 5.22, 6.26], [3.72, 9.35, 7.04, 6.38, 7.42, 6.47, 5.89], [5.94, 4.84, 1.39, 4.52, 3.41, 2.82, 3.73]]",5.0,4.84,178,"[0.33, 0.2, 0.24, 0.23]","[[0, 1, 5, 9, 13, 17, 21, 25], [0, 2, 6, 10, 14, 18, 22, 26], [0, 3, 7, 11, 15, 19, 23, 27], [0, 4, 8, 12, 16, 20, 24, 28]]",2.994
3543,0.0,1,"[[3.54, 3.18, 6.26, 3.39, 3.52, 5.47, 1.42], [3.13, 1.91, 7.14, 3.81, 4.58, 6.9, 8.39], [7.48, 1.27, 5.41, 7.63, 6.12, 1.81, 6.34], [6.09, 3.7, 4.25, 4.91, 0.8, 7.46, 7.59]]",5.0,7.48,178,"[0.04, 0.07, 0.88, 0.01]","[[0, 10, 0, 0, 12, 15, 0, 18], [0, 8, 0, 0, 11, 14, 0, 17], [0, 1, 2, 3, 4, 5, 7, 6], [0, 9, 0, 0, 13, 16, 0, 19]]",2.994
3544,0.0,7,"[[8.39, 1.9, 3.96, 5.78, 2.24, 5.8, 4.1], [0.94, 5.02, 2.49, 5.54, 6.54, 4.33, 9.65], [7.94, 7.8, 4.1, 9.82, 1.59, 4.84, 8.58], [8.96, 7.49, 1.94, 3.92, 0.76, 2.82, 6.17]]",5.0,9.65,178,"[0.11, 0.85, 0.02, 0.02]","[[0, 0, 0, 0, 12, 0, 0, 8], [0, 1, 2, 3, 4, 5, 6, 7], [0, 0, 0, 0, 11, 0, 0, 9], [0, 0, 0, 0, 13, 0, 0, 10]]",2.994
3545,0.0,4,"[[5.11, 2.17, 0.1, 9.47, 2.73, 6.4, 3.36], [4.31, 7.26, 6.36, 8.48, 2.98, 4.68, 5.77], [8.38, 2.0, 6.14, 7.53, 4.7, 1.99, 1.53], [7.09, 5.94, 3.03, 5.37, 2.51, 3.9, 2.79]]",5.0,8.48,178,"[0.31, 0.35, 0.15, 0.19]","[[0, 2, 3, 6, 7, 10, 11, 14], [0, 1, 4, 5, 8, 9, 12, 13], [0, 22, 17, 0, 15, 0, 19, 0], [0, 21, 18, 0, 16, 0, 20, 0]]",2.994
3546,0.0,1,"[[8.02, 3.92, 3.11, 4.49, 4.13, 7.86, 3.71], [5.5, 3.12, 4.78, 4.63, 5.83, 9.55, 5.01], [6.87, 6.07, 1.32, 5.58, 8.22, 5.74, 5.54], [4.62, 3.36, 5.75, 5.59, 2.34, 1.7, 6.64]]",5.0,8.02,178,"[0.25, 0.27, 0.24, 0.24]","[[0, 1, 8, 9, 16, 17, 24, 25], [0, 2, 7, 10, 15, 18, 23, 26], [0, 3, 6, 11, 14, 19, 22, 27], [0, 4, 5, 12, 13, 20, 21, 28]]",2.994
3547,0.0,3,"[[1.32, 1.79, 4.74, 6.52, 9.55, 1.49, 3.36], [2.67, 2.3, 3.39, 7.85, 3.89, 7.4, 8.55], [4.18, 0.46, 4.32, 2.27, 3.18, 8.62, 2.94], [6.02, 2.09, 4.16, 3.95, 2.34, 3.36, 2.27]]",5.0,4.74,178,"[0.16, 0.11, 0.34, 0.39]","[[0, 18, 0, 20, 0, 0, 16, 0], [0, 17, 0, 19, 0, 0, 15, 0], [0, 1, 3, 5, 8, 9, 12, 13], [0, 2, 4, 6, 7, 10, 11, 14]]",2.994
3548,0.0,1,"[[2.44, 7.36, 6.46, 5.15, 7.43, 1.32, 0.71], [3.96, 8.36, 4.6, 6.91, 2.69, 5.0, 1.64], [8.24, 5.23, 2.67, 1.92, 6.03, 2.88, 7.54], [1.43, 5.93, 6.77, 1.1, 3.47, 5.78, 6.1]]",5.0,8.24,178,"[0.02, 0.06, 0.89, 0.03]","[[0, 9, 15, 0, 0, 12, 0, 0], [0, 8, 14, 0, 0, 11, 0, 0], [0, 1, 2, 3, 4, 5, 6, 7], [0, 10, 16, 0, 0, 13, 0, 0]]",2.994
3549,0.0,3,"[[2.09, 7.52, 9.74, 6.72, 2.88, 5.9, 5.87], [6.25, 4.49, 6.66, 2.68, 2.62, 7.58, 4.86], [0.33, 4.49, 3.44, 6.0, 4.73, 0.87, 2.63], [7.63, 1.46, 3.24, 5.72, 7.53, 7.25, 3.01]]",5.0,6.66,178,"[0.34, 0.23, 0.2, 0.23]","[[0, 1, 5, 27, 23, 22, 17, 16], [0, 2, 6, 28, 25, 21, 18, 15], [0, 3, 7, 26, 24, 20, 19, 14], [0, 4, 8, 9, 10, 13, 11, 12]]",2.994
3550,0.0,1,"[[0.16, 0.14, 0.08, 0.14, 0.11, 0.13, 0.09], [0.19, 0.11, 0.19, 0.08, 0.11, 0.19, 0.13], [0.21, 0.23, 0.11, 0.11, 0.1, 0.18, 0.03], [0.04, 0.14, 0.12, 0.13, 0.05, 0.04, 0.05]]",0.13,0.21,178,"[0.31, 0.22, 0.18, 0.29]","[[0, 1, 5, 12, 13, 19, 21, 28], [0, 2, 6, 11, 14, 20, 22, 27], [0, 3, 7, 10, 15, 18, 23, 26], [0, 4, 8, 9, 16, 17, 24, 25]]",0.072
3551,0.0,6,"[[0.18, 0.08, 0.04, 0.19, 0.05, 0.05, 0.16], [0.09, 0.22, 0.23, 0.17, 0.13, 0.24, 0.18], [0.21, 0.2, 0.1, 0.14, 0.11, 0.11, 0.19], [0.23, 0.14, 0.16, 0.18, 0.12, 0.18, 0.03]]",0.13,0.24,178,"[0.02, 0.92, 0.02, 0.04]","[[0, 0, 8, 9, 0, 0, 14, 0], [0, 1, 2, 3, 4, 5, 6, 7], [0, 0, 10, 11, 0, 0, 15, 0], [0, 0, 12, 13, 0, 0, 16, 0]]",0.072
3552,0.0,3,"[[0.02, 0.1, 0.05, 0.19, 0.09, 0.05, 0.06], [0.03, 0.12, 0.22, 0.08, 0.02, 0.07, 0.12], [0.18, 0.19, 0.1, 0.18, 0.18, 0.13, 0.15], [0.08, 0.17, 0.23, 0.11, 0.13, 0.16, 0.07]]",0.13,0.23,178,"[0.06, 0.06, 0.03, 0.85]","[[0, 0, 0, 10, 0, 0, 0, 0], [0, 0, 0, 9, 0, 0, 0, 0], [0, 0, 0, 8, 0, 0, 0, 0], [0, 1, 2, 3, 4, 5, 6, 7]]",0.072
3553,0.0,1,"[[0.15, 0.2, 0.21, 0.14, 0.15, 0.21, 0.2], [0.1, 0.12, 0.15, 0.05, 0.19, 0.19, 0.19], [0.2, 0.18, 0.22, 0.07, 0.23, 0.17, 0.15], [0.25, 0.17, 0.14, 0.07, 0.06, 0.14, 0.21]]",0.13,0.15,178,"[0.33, 0.32, 0.13, 0.22]","[[0, 2, 8, 9, 17, 16, 24, 25], [0, 1, 7, 10, 15, 18, 22, 26], [0, 6, 5, 11, 14, 19, 23, 27], [0, 3, 4, 12, 13, 20, 21, 28]]",0.072
3554,0.0,2,"[[0.02, 0.18, 0.09, 0.13, 0.07, 0.12, 0.08], [0.15, 0.12, 0.24, 0.14, 0.1, 0.01, 0.14], [0.2, 0.14, 0.24, 0.13, 0.22, 0.23, 0.18], [0.11, 0.21, 0.18, 0.07, 0.12, 0.14, 0.14]]",0.13,0.18,178,"[0.85, 0.02, 0.03, 0.1]","[[0, 1, 2, 3, 4, 5, 6, 7], [0, 0, 0, 0, 0, 0, 0, 0], [0, 0, 0, 0, 0, 0, 0, 0], [0, 0, 0, 0, 0, 0, 0, 0]]",0.072
3555,0.0,7,"[[0.11, 0.13, 0.2, 0.15, 0.12, 0.07, 0.12], [0.17, 0.14, 0.08, 0.03, 0.14, 0.12, 0.21], [0.15, 0.05, 0.06, 0.08, 0.07, 0.16, 0.13], [0.11, 0.11, 0.13, 0.18, 0.08, 0.12, 0.15]]",0.13,0.21,178,"[0.11, 0.38, 0.34, 0.17]","[[0, 4, 5, 11, 13, 18, 24, 25], [0, 1, 6, 10, 14, 19, 23, 26], [0, 2, 7, 12, 15, 20, 21, 27], [0, 3, 8, 9, 16, 17, 22, 28]]",0.072
3556,0.0,1,"[[0.08, 0.08, 0.03, 0.08, 0.06, 0.11, 0.11], [0.21, 0.12, 0.16, 0.16, 0.17, 0.12, 0.08], [0.24, 0.22, 0.1, 0.12, 0.06, 0.2, 0.05], [0.13, 0.19, 0.1, 0.18, 0.14, 0.09, 0.16]]",0.13,0.13,178,"[0.12, 0.34, 0.21, 0.33]","[[0, 1, 8, 9, 16, 17, 21, 28], [0, 2, 7, 10, 15, 18, 22, 27], [0, 3, 6, 11, 14, 19, 23, 26], [0, 4, 5, 12, 13, 20, 24, 25]]",0.072
3557,0.0,2,"[[0.08, 0.23, 0.16, 0.14, 0.22, 0.12, 0.2], [0.17, 0.2, 0.03, 0.17, 0.21, 0.17, 0.07], [0.08, 0.2, 0.14, 0.22, 0.1, 0.13, 0.17], [0.07, 0.12, 0.01, 0.11, 0.05, 0.12, 0.17]]",0.13,0.2,178,"[0.86, 0.03, 0.04, 0.07]","[[0, 1, 2, 3, 4, 5, 6, 7], [0, 0, 8, 0, 0, 11, 0, 0], [0, 0, 9, 0, 0, 12, 0, 0], [0, 0, 10, 0, 0, 13, 0, 0]]",0.072
3558,0.0,1,"[[0.06, 0.1, 0.22, 0.17, 0.09, 0.03, 0.08], [0.24, 0.07, 0.1, 0.11, 0.11, 0.15, 0.16], [0.04, 0.05, 0.2, 0.13, 0.03, 0.1, 0.19], [0.2, 0.09, 0.17, 0.15, 0.2, 0.1, 0.15]]",0.13,0.2,178,"[0.01, 0.1, 0.04, 0.85]","[[0, 8, 0, 0, 0, 11, 0, 0], [0, 9, 0, 0, 0, 12, 0, 0], [0, 10, 0, 0, 0, 13, 0, 0], [0, 1, 2, 3, 4, 5, 6, 7]]",0.072
3559,0.0,2,"[[0.12, 0.13, 0.12, 0.14, 0.05, 0.1, 0.25], [0.16, 0.2, 0.2, 0.14, 0.09, 0.17, 0.09], [0.11, 0.12, 0.11, 0.11, 0.08, 0.05, 0.17], [0.19, 0.2, 0.07, 0.21, 0.07, 0.13, 0.2]]",0.13,0.2,178,"[0.17, 0.35, 0.31, 0.17]","[[0, 18, 15, 19, 0, 0, 0, 0], [0, 1, 3, 6, 7, 10, 11, 14], [0, 2, 4, 5, 8, 9, 12, 13], [0, 17, 16, 20, 0, 0, 0, 0]]",0.072
3560,0.01,2,"[[0.06, 0.11, 0.17, 0.23, 0.15, 0.14, 0.21], [0.16, 0.17, 0.08, 0.04, 0.07, 0.21, 0.12], [0.2, 0.19, 0.13, 0.12, 0.17, 0.2, 0.16], [0.1, 0.1, 0.12, 0.16, 0.01, 0.17, 0.09]]",0.13,0.19,179,"[0.23, 0.25, 0.3, 0.22]","[[0, 0, 0, 0, 0, 0, 0, 0], [0, 0, 1, 0, 0, 0, 0, 0], [0, 0, 0, 0, 0, 0, 0, 0], [0, 0, 0, 0, 0, 0, 0, 0]]",0.072
3561,0.01,4,"[[0.11, 0.18, 0.17, 0.05, 0.02, 0.11, 0.14], [0.16, 0.12, 0.11, 0.08, 0.11, 0.16, 0.08], [0.12, 0.16, 0.05, 0.23, 0.13, 0.08, 0.03], [0.17, 0.24, 0.1, 0.22, 0.06, 0.14, 0.05]]",0.13,0.23,179,"[0.01, 0.08, 0.86, 0.05]","[[0, 0, 0, 0, 0, 0, 0, 0], [0, 0, 0, 0, 0, 0, 0, 0], [0, 0, 0, 0, 1, 0, 0, 0], [0, 0, 0, 0, 0, 0, 0, 0]]",0.072
3562,0.01,2,"[[0.11, 0.13, 0.2, 0.15, 0.12, 0.07, 0.12], [0.17, 0.14, 0.08, 0.03, 0.14, 0.12, 0.21], [0.15, 0.05, 0.06, 0.08, 0.07, 0.16, 0.13], [0.11, 0.11, 0.13, 0.18, 0.08, 0.12, 0.15]]",0.13,0.11,179,"[0.11, 0.38, 0.34, 0.17]","[[0, 0, 0, 0, 0, 0, 0, 0], [0, 0, 2, 0, 0, 0, 0, 0], [0, 0, 0, 0, 0, 1, 0, 0], [0, 0, 0, 0, 0, 0, 0, 0]]",0.072
3563,0.01,7,"[[0.21, 0.18, 0.18, 0.07, 0.17, 0.09, 0.08], [0.07, 0.09, 0.01, 0.16, 0.02, 0.06, 0.25], [0.21, 0.16, 0.24, 0.08, 0.24, 0.16, 0.09], [0.17, 0.08, 0.18, 0.24, 0.11, 0.09, 0.22]]",0.13,0.22,179,"[0.21, 0.27, 0.2, 0.32]","[[0, 0, 0, 0, 0, 0, 0, 0], [0, 0, 0, 0, 0, 0, 0, 0], [0, 0, 0, 0, 0, 0, 0, 0], [0, 0, 0, 0, 0, 0, 0, 1]]",0.072
3564,0.01,1,"[[0.06, 0.22, 0.11, 0.12, 0.13, 0.09, 0.18], [0.2, 0.17, 0.05, 0.09, 0.17, 0.16, 0.24], [0.14, 0.03, 0.23, 0.14, 0.04, 0.13, 0.18], [0.16, 0.1, 0.17, 0.16, 0.14, 0.04, 0.05]]",0.13,0.14,179,"[0.87, 0.02, 0.1, 0.01]","[[0, 0, 0, 2, 0, 1, 0, 3], [0, 0, 0, 0, 0, 0, 0, 0], [0, 0, 0, 0, 0, 0, 0, 0], [0, 0, 0, 0, 0, 0, 0, 0]]",0.072
3565,0.01,2,"[[0.14, 0.16, 0.16, 0.21, 0.14, 0.04, 0.08], [0.06, 0.2, 0.17, 0.04, 0.15, 0.07, 0.15], [0.13, 0.19, 0.14, 0.02, 0.08, 0.23, 0.1], [0.15, 0.03, 0.13, 0.07, 0.13, 0.07, 0.19]]",0.13,0.19,179,"[0.26, 0.28, 0.24, 0.22]","[[0, 0, 0, 0, 0, 0, 0, 0], [0, 0, 0, 0, 0, 0, 0, 0], [0, 0, 2, 0, 0, 0, 0, 0], [0, 0, 0, 0, 0, 1, 0, 0]]",0.072
3566,0.01,5,"[[0.04, 0.14, 0.09, 0.06, 0.18, 0.1, 0.07], [0.09, 0.13, 0.01, 0.23, 0.07, 0.19, 0.05], [0.08, 0.2, 0.08, 0.21, 0.07, 0.04, 0.22], [0.12, 0.1, 0.09, 0.18, 0.18, 0.04, 0.15]]",0.13,0.18,179,"[0.05, 0.03, 0.07, 0.85]","[[0, 0, 0, 0, 0, 0, 0, 0], [0, 0, 0, 0, 0, 0, 0, 0], [0, 0, 0, 0, 0, 0, 0, 0], [0, 3, 0, 2, 0, 0, 1, 4]]",0.072
3567,0.01,7,"[[0.07, 0.07, 0.17, 0.05, 0.08, 0.18, 0.15], [0.19, 0.17, 0.06, 0.13, 0.2, 0.13, 0.2], [0.08, 0.18, 0.04, 0.21, 0.15, 0.15, 0.18], [0.06, 0.08, 0.09, 0.02, 0.12, 0.19, 0.09]]",0.13,0.15,179,"[0.31, 0.27, 0.19, 0.23]","[[0, 0, 1, 0, 0, 2, 0, 0], [0, 0, 0, 3, 0, 0, 0, 0], [0, 0, 0, 0, 0, 0, 0, 0], [0, 0, 0, 0, 0, 0, 0, 0]]",0.072
3568,0.01,2,"[[0.15, 0.06, 0.09, 0.11, 0.16, 0.04, 0.14], [0.13, 0.19, 0.06, 0.21, 0.14, 0.09, 0.14], [0.16, 0.13, 0.11, 0.14, 0.1, 0.12, 0.12], [0.2, 0.09, 0.2, 0.06, 0.12, 0.09, 0.16]]",0.13,0.06,179,"[0.08, 0.04, 0.87, 0.01]","[[0, 0, 0, 0, 0, 0, 0, 0], [0, 0, 0, 0, 0, 0, 0, 0], [0, 1, 0, 0, 3, 0, 2, 0], [0, 0, 0, 0, 0, 0, 0, 0]]",0.072
3569,0.01,3,"[[0.18, 0.08, 0.04, 0.19, 0.05, 0.05, 0.16], [0.09, 0.22, 0.23, 0.17, 0.13, 0.24, 0.18], [0.21, 0.2, 0.1, 0.14, 0.11, 0.11, 0.19], [0.23, 0.14, 0.16, 0.18, 0.12, 0.18, 0.03]]",0.13,0.23,179,"[0.02, 0.92, 0.02, 0.04]","[[0, 0, 0, 0, 0, 0, 0, 0], [0, 0, 0, 2, 0, 1, 0, 0], [0, 0, 0, 0, 0, 0, 0, 0], [0, 0, 0, 0, 0, 0, 0, 0]]",0.072
3570,0.01,2,"[[5.97, 8.23, 1.24, 7.62, 4.62, 4.29, 5.98], [8.29, 4.65, 5.55, 1.01, 2.98, 8.74, 8.92], [1.93, 2.81, 4.79, 6.01, 7.29, 6.55, 4.48], [9.09, 1.98, 6.38, 4.5, 3.08, 5.26, 4.47]]",5.0,8.23,179,"[0.86, 0.01, 0.12, 0.01]","[[0, 0, 2, 0, 0, 1, 0, 0], [0, 0, 0, 0, 0, 0, 0, 0], [0, 0, 0, 0, 0, 0, 0, 0], [0, 0, 0, 0, 0, 0, 0, 0]]",2.994
3571,0.01,3,"[[7.04, 7.27, 1.99, 4.87, 6.53, 6.34, 1.47], [5.29, 2.16, 9.06, 4.67, 7.92, 5.41, 7.56], [6.95, 5.35, 1.7, 4.81, 6.84, 1.21, 8.92], [6.63, 5.53, 4.35, 1.42, 5.69, 5.92, 4.12]]",5.0,9.06,179,"[0.07, 0.87, 0.03, 0.03]","[[0, 0, 0, 0, 0, 0, 0, 0], [0, 3, 4, 2, 5, 6, 1, 7], [0, 0, 0, 0, 0, 0, 0, 0], [0, 0, 0, 0, 0, 0, 0, 0]]",2.994
3572,0.01,3,"[[9.88, 3.37, 6.84, 6.02, 5.72, 2.47, 6.83], [4.66, 3.57, 1.89, 8.02, 4.52, 4.58, 0.56], [5.57, 8.71, 8.98, 7.3, 1.41, 5.09, 6.3], [2.79, 3.58, 9.87, 3.61, 3.51, 7.13, 2.78]]",5.0,9.87,179,"[0.02, 0.05, 0.05, 0.88]","[[0, 0, 0, 0, 0, 0, 0, 0], [0, 0, 0, 0, 0, 0, 0, 0], [0, 0, 0, 0, 0, 0, 0, 0], [0, 1, 2, 3, 0, 0, 0, 0]]",2.994
3573,0.01,6,"[[1.89, 1.68, 4.82, 0.64, 6.72, 5.82, 3.47], [2.81, 5.64, 4.93, 5.88, 1.19, 6.58, 2.91], [6.88, 4.96, 4.06, 5.77, 1.03, 4.24, 5.62], [0.22, 1.89, 4.63, 5.2, 4.1, 3.36, 6.44]]",5.0,4.24,179,"[0.25, 0.26, 0.31, 0.18]","[[0, 0, 0, 0, 0, 0, 0, 0], [0, 1, 7, 2, 6, 3, 4, 5], [0, 0, 0, 0, 0, 0, 0, 0], [0, 0, 0, 0, 0, 0, 0, 0]]",2.994
3574,0.01,2,"[[5.63, 2.91, 6.84, 6.5, 2.65, 5.91, 4.09], [5.16, 0.83, 2.41, 5.99, 6.15, 3.67, 6.12], [5.67, 9.08, 3.93, 7.57, 5.62, 2.51, 2.61], [4.59, 1.2, 4.42, 1.16, 8.17, 8.27, 1.11]]",5.0,9.08,179,"[0.14, 0.34, 0.35, 0.17]","[[0, 0, 0, 0, 0, 0, 0, 0], [0, 0, 0, 0, 0, 0, 0, 0], [0, 0, 1, 0, 0, 0, 0, 0], [0, 0, 0, 0, 0, 0, 0, 0]]",2.994
3575,0.01,2,"[[0.72, 5.25, 9.97, 4.85, 8.58, 2.57, 9.15], [5.48, 9.36, 2.36, 9.25, 3.72, 4.76, 6.74], [7.14, 7.36, 2.91, 4.13, 7.03, 8.48, 0.38], [5.84, 6.37, 7.56, 3.71, 4.02, 2.93, 0.09]]",5.0,7.36,179,"[0.03, 0.85, 0.06, 0.06]","[[0, 0, 0, 0, 0, 0, 0, 0], [0, 1, 2, 0, 0, 0, 0, 0], [0, 0, 0, 0, 0, 0, 0, 0], [0, 0, 0, 0, 0, 0, 0, 0]]",2.994
3576,0.01,5,"[[6.19, 1.85, 1.16, 4.28, 2.66, 3.25, 7.93], [4.16, 3.03, 5.34, 3.93, 5.82, 4.05, 2.14], [6.53, 8.89, 6.73, 7.28, 2.75, 0.6, 4.09], [4.95, 6.55, 6.81, 6.9, 1.07, 2.2, 5.26]]",5.0,5.82,179,"[0.03, 0.86, 0.04, 0.07]","[[0, 0, 0, 0, 0, 0, 0, 0], [0, 1, 2, 3, 4, 5, 6, 7], [0, 0, 0, 0, 0, 0, 0, 0], [0, 0, 0, 0, 0, 0, 0, 0]]",2.994
3577,0.01,1,"[[4.36, 8.7, 5.94, 4.41, 8.37, 5.83, 0.58], [9.58, 2.24, 8.49, 4.24, 4.63, 4.53, 5.29], [6.08, 4.31, 5.59, 3.3, 3.91, 4.21, 4.74], [9.25, 5.33, 1.67, 7.75, 5.64, 2.81, 3.02]]",5.0,9.25,179,"[0.31, 0.27, 0.14, 0.28]","[[0, 0, 0, 0, 0, 0, 0, 0], [0, 0, 0, 0, 0, 0, 0, 0], [0, 0, 0, 0, 0, 0, 0, 0], [0, 1, 0, 0, 0, 0, 0, 0]]",2.994
3578,0.01,3,"[[2.09, 7.52, 9.74, 6.72, 2.88, 5.9, 5.87], [6.25, 4.49, 6.66, 2.68, 2.62, 7.58, 4.86], [0.33, 4.49, 3.44, 6.0, 4.73, 0.87, 2.63], [7.63, 1.46, 3.24, 5.72, 7.53, 7.25, 3.01]]",5.0,3.24,179,"[0.34, 0.23, 0.2, 0.23]","[[0, 0, 0, 4, 0, 0, 0, 0], [0, 1, 0, 3, 0, 0, 0, 0], [0, 0, 0, 0, 0, 0, 0, 0], [0, 0, 2, 0, 0, 0, 0, 0]]",2.994
3579,0.01,1,"[[6.38, 4.4, 2.78, 4.02, 3.28, 4.56, 6.79], [6.89, 5.4, 5.87, 9.63, 0.42, 4.93, 4.29], [2.96, 2.23, 8.29, 4.74, 3.72, 2.39, 0.86], [5.36, 5.18, 6.28, 1.08, 2.81, 5.95, 9.65]]",5.0,2.96,179,"[0.2, 0.38, 0.3, 0.12]","[[0, 0, 0, 0, 0, 0, 0, 0], [0, 1, 2, 0, 0, 0, 0, 0], [0, 0, 0, 0, 0, 0, 0, 0], [0, 0, 0, 0, 0, 0, 0, 0]]",2.994
3580,0.01,1,"[[0.15, 0.06, 0.09, 0.11, 0.16, 0.04, 0.14], [0.13, 0.19, 0.06, 0.21, 0.14, 0.09, 0.14], [0.16, 0.13, 0.11, 0.14, 0.1, 0.12, 0.12], [0.2, 0.09, 0.2, 0.06, 0.12, 0.09, 0.16]]",0.13,0.15,180,"[0.08, 0.04, 0.87, 0.01]","[[0, 0, 0, 0, 4, 0, 0, 0], [0, 0, 0, 0, 0, 0, 0, 0], [0, 1, 2, 3, 6, 5, 7, 8], [0, 0, 0, 0, 0, 0, 0, 0]]",0.072
3581,0.01,1,"[[0.22, 0.12, 0.18, 0.2, 0.04, 0.04, 0.16], [0.19, 0.18, 0.17, 0.17, 0.18, 0.2, 0.15], [0.03, 0.13, 0.18, 0.12, 0.17, 0.16, 0.08], [0.21, 0.09, 0.16, 0.11, 0.25, 0.1, 0.16]]",0.13,0.22,180,"[0.34, 0.12, 0.22, 0.32]","[[0, 1, 0, 0, 6, 0, 0, 7], [0, 0, 0, 0, 0, 0, 0, 0], [0, 0, 0, 0, 2, 0, 0, 0], [0, 0, 0, 3, 5, 0, 4, 0]]",0.072
3582,0.01,6,"[[0.06, 0.22, 0.11, 0.12, 0.13, 0.09, 0.18], [0.2, 0.17, 0.05, 0.09, 0.17, 0.16, 0.24], [0.14, 0.03, 0.23, 0.14, 0.04, 0.13, 0.18], [0.16, 0.1, 0.17, 0.16, 0.14, 0.04, 0.05]]",0.13,0.09,180,"[0.87, 0.02, 0.1, 0.01]","[[0, 2, 0, 1, 0, 0, 0, 0], [0, 0, 0, 0, 0, 0, 0, 0], [0, 0, 0, 0, 0, 0, 0, 0], [0, 0, 0, 0, 0, 0, 0, 0]]",0.072
3583,0.01,1,"[[0.11, 0.13, 0.2, 0.15, 0.12, 0.07, 0.12], [0.17, 0.14, 0.08, 0.03, 0.14, 0.12, 0.21], [0.15, 0.05, 0.06, 0.08, 0.07, 0.16, 0.13], [0.11, 0.11, 0.13, 0.18, 0.08, 0.12, 0.15]]",0.13,0.15,180,"[0.11, 0.38, 0.34, 0.17]","[[0, 0, 0, 0, 0, 0, 0, 0], [0, 1, 0, 2, 0, 0, 3, 0], [0, 0, 0, 0, 0, 0, 0, 0], [0, 0, 0, 0, 0, 0, 0, 0]]",0.072
3584,0.01,3,"[[0.08, 0.23, 0.16, 0.14, 0.22, 0.12, 0.2], [0.17, 0.2, 0.03, 0.17, 0.21, 0.17, 0.07], [0.08, 0.2, 0.14, 0.22, 0.1, 0.13, 0.17], [0.07, 0.12, 0.01, 0.11, 0.05, 0.12, 0.17]]",0.13,0.03,180,"[0.86, 0.03, 0.04, 0.07]","[[0, 1, 0, 2, 0, 0, 0, 0], [0, 0, 0, 0, 0, 0, 0, 0], [0, 0, 0, 0, 0, 0, 0, 0], [0, 0, 0, 0, 0, 0, 0, 0]]",0.072
3585,0.01,2,"[[0.14, 0.12, 0.08, 0.02, 0.14, 0.19, 0.09], [0.2, 0.01, 0.13, 0.03, 0.11, 0.06, 0.23], [0.19, 0.12, 0.16, 0.15, 0.16, 0.07, 0.21], [0.09, 0.14, 0.24, 0.12, 0.1, 0.2, 0.16]]",0.13,0.01,180,"[0.36, 0.17, 0.12, 0.35]","[[0, 1, 0, 3, 0, 0, 0, 5], [0, 0, 0, 0, 0, 0, 0, 0], [0, 0, 0, 0, 0, 0, 0, 0], [0, 0, 2, 0, 0, 4, 0, 0]]",0.072
3586,0.01,6,"[[0.02, 0.1, 0.05, 0.19, 0.09, 0.05, 0.06], [0.03, 0.12, 0.22, 0.08, 0.02, 0.07, 0.12], [0.18, 0.19, 0.1, 0.18, 0.18, 0.13, 0.15], [0.08, 0.17, 0.23, 0.11, 0.13, 0.16, 0.07]]",0.13,0.05,180,"[0.06, 0.06, 0.03, 0.85]","[[0, 1, 0, 0, 0, 0, 0, 0], [0, 0, 0, 0, 0, 0, 0, 0], [0, 0, 0, 0, 0, 0, 0, 0], [0, 2, 0, 0, 3, 0, 5, 4]]",0.072
3587,0.01,1,"[[0.1, 0.1, 0.17, 0.08, 0.04, 0.09, 0.12], [0.18, 0.07, 0.12, 0.15, 0.14, 0.22, 0.18], [0.17, 0.02, 0.06, 0.16, 0.1, 0.2, 0.19], [0.23, 0.18, 0.17, 0.22, 0.21, 0.09, 0.19]]",0.13,0.17,180,"[0.21, 0.32, 0.34, 0.13]","[[0, 0, 0, 0, 0, 0, 0, 0], [0, 0, 0, 0, 0, 0, 0, 0], [0, 1, 2, 0, 3, 0, 0, 0], [0, 0, 0, 0, 0, 0, 0, 0]]",0.072
3588,0.01,5,"[[0.05, 0.17, 0.08, 0.07, 0.16, 0.13, 0.05], [0.1, 0.16, 0.24, 0.2, 0.19, 0.19, 0.23], [0.18, 0.13, 0.06, 0.19, 0.17, 0.21, 0.13], [0.16, 0.18, 0.2, 0.12, 0.19, 0.08, 0.19]]",0.13,0.16,180,"[0.85, 0.1, 0.02, 0.03]","[[0, 0, 0, 1, 0, 0, 0, 0], [0, 0, 0, 0, 0, 0, 0, 0], [0, 0, 0, 0, 0, 0, 0, 0], [0, 0, 0, 0, 0, 0, 0, 0]]",0.072
3589,0.01,4,"[[0.16, 0.14, 0.08, 0.14, 0.11, 0.13, 0.09], [0.19, 0.11, 0.19, 0.08, 0.11, 0.19, 0.13], [0.21, 0.23, 0.11, 0.11, 0.1, 0.18, 0.03], [0.04, 0.14, 0.12, 0.13, 0.05, 0.04, 0.05]]",0.13,0.08,180,"[0.31, 0.22, 0.18, 0.29]","[[0, 0, 0, 0, 0, 0, 0, 0], [0, 0, 0, 0, 0, 0, 0, 0], [0, 0, 0, 0, 0, 0, 0, 0], [0, 0, 0, 0, 0, 0, 0, 0]]",0.072
3590,0.01,4,"[[7.29, 4.26, 4.93, 3.96, 3.34, 8.54, 6.49], [0.79, 3.44, 2.71, 8.71, 2.86, 7.09, 3.94], [9.61, 8.74, 7.3, 3.82, 1.83, 1.17, 5.37], [2.04, 1.98, 8.39, 1.63, 1.8, 1.97, 7.71]]",5.0,8.71,180,"[0.21, 0.28, 0.29, 0.22]","[[0, 0, 0, 0, 0, 0, 0, 0], [0, 1, 6, 4, 7, 9, 0, 11], [0, 0, 5, 2, 8, 3, 10, 12], [0, 0, 0, 0, 0, 0, 0, 0]]",2.994
3591,0.01,5,"[[5.63, 2.91, 6.84, 6.5, 2.65, 5.91, 4.09], [5.16, 0.83, 2.41, 5.99, 6.15, 3.67, 6.12], [5.67, 9.08, 3.93, 7.57, 5.62, 2.51, 2.61], [4.59, 1.2, 4.42, 1.16, 8.17, 8.27, 1.11]]",5.0,2.65,180,"[0.14, 0.34, 0.35, 0.17]","[[0, 0, 0, 0, 0, 0, 0, 0], [0, 1, 3, 5, 8, 9, 11, 0], [0, 2, 4, 6, 7, 10, 0, 0], [0, 0, 0, 0, 0, 0, 0, 0]]",2.994
3592,0.01,7,"[[5.71, 4.0, 7.87, 3.26, 8.95, 9.97, 6.35], [4.81, 5.73, 5.74, 5.66, 5.51, 4.81, 7.59], [6.14, 5.62, 3.6, 6.94, 3.42, 3.6, 6.26], [1.09, 4.7, 1.56, 4.05, 2.65, 4.29, 5.33]]",5.0,5.33,180,"[0.02, 0.08, 0.03, 0.87]","[[0, 0, 0, 0, 0, 0, 0, 0], [0, 0, 0, 0, 0, 0, 0, 0], [0, 0, 0, 0, 0, 0, 0, 0], [0, 1, 2, 3, 4, 5, 6, 7]]",2.994
3593,0.01,5,"[[5.77, 3.99, 6.61, 4.81, 8.16, 4.87, 2.84], [5.38, 5.12, 5.88, 4.67, 7.45, 7.64, 1.41], [2.86, 1.79, 4.9, 7.89, 6.3, 3.05, 5.2], [5.28, 6.58, 1.34, 2.2, 4.69, 6.92, 5.01]]",5.0,7.45,180,"[0.34, 0.23, 0.11, 0.32]","[[0, 2, 3, 5, 7, 9, 0, 0], [0, 0, 0, 0, 0, 0, 0, 0], [0, 0, 0, 0, 0, 0, 0, 0], [0, 1, 4, 6, 8, 10, 0, 0]]",2.994
3594,0.01,4,"[[9.88, 3.37, 6.84, 6.02, 5.72, 2.47, 6.83], [4.66, 3.57, 1.89, 8.02, 4.52, 4.58, 0.56], [5.57, 8.71, 8.98, 7.3, 1.41, 5.09, 6.3], [2.79, 3.58, 9.87, 3.61, 3.51, 7.13, 2.78]]",5.0,3.61,180,"[0.02, 0.05, 0.05, 0.88]","[[0, 0, 0, 0, 0, 0, 0, 0], [0, 0, 0, 0, 0, 0, 0, 0], [0, 0, 0, 0, 0, 0, 0, 0], [0, 0, 0, 0, 0, 0, 0, 0]]",2.994
3595,0.01,1,"[[8.51, 2.86, 5.22, 3.29, 7.8, 7.12, 2.91], [7.85, 5.63, 4.76, 5.73, 4.36, 4.99, 0.21], [1.1, 2.64, 4.86, 7.57, 7.15, 0.31, 2.34], [6.38, 5.91, 3.08, 6.0, 7.58, 3.85, 6.26]]",5.0,8.51,180,"[0.19, 0.32, 0.23, 0.26]","[[0, 0, 0, 0, 0, 0, 0, 0], [0, 1, 3, 4, 6, 0, 7, 8], [0, 0, 0, 0, 0, 0, 0, 0], [0, 11, 2, 5, 10, 0, 9, 0]]",2.994
3596,0.01,2,"[[3.89, 7.03, 1.42, 3.85, 5.57, 3.85, 2.09], [1.42, 3.42, 3.49, 1.78, 8.76, 8.52, 6.88], [3.98, 7.53, 6.94, 2.68, 5.16, 4.6, 0.82], [7.43, 7.31, 6.36, 5.75, 9.0, 9.88, 3.78]]",5.0,7.03,180,"[0.86, 0.01, 0.02, 0.11]","[[0, 8, 9, 7, 10, 11, 12, 6], [0, 0, 1, 0, 2, 0, 0, 0], [0, 0, 0, 0, 3, 0, 5, 0], [0, 0, 0, 0, 4, 0, 0, 0]]",2.994
3597,0.01,1,"[[8.47, 2.82, 7.33, 4.03, 7.07, 2.75, 1.54], [4.68, 3.16, 0.97, 1.44, 5.2, 6.65, 9.25], [8.41, 7.04, 1.31, 3.23, 7.09, 7.67, 1.55], [6.28, 2.99, 4.33, 1.28, 9.25, 6.99, 2.35]]",5.0,6.28,180,"[0.01, 0.01, 0.01, 0.97]","[[0, 0, 0, 0, 0, 0, 0, 0], [0, 0, 0, 0, 0, 0, 0, 0], [0, 0, 0, 0, 0, 0, 0, 0], [0, 1, 2, 3, 4, 0, 0, 0]]",2.994
3598,0.01,6,"[[2.65, 1.66, 4.12, 6.28, 3.9, 4.24, 8.17], [4.84, 2.23, 5.57, 7.45, 3.35, 5.55, 3.39], [6.15, 3.53, 5.47, 2.82, 6.99, 9.09, 0.79], [2.47, 2.31, 1.36, 3.11, 4.52, 5.21, 3.31]]",5.0,5.55,180,"[0.01, 0.06, 0.02, 0.91]","[[0, 0, 0, 0, 0, 0, 0, 0], [0, 0, 0, 0, 0, 0, 0, 0], [0, 0, 0, 0, 0, 0, 0, 0], [0, 1, 2, 3, 4, 5, 6, 7]]",2.994
3599,0.01,3,"[[1.89, 1.68, 4.82, 0.64, 6.72, 5.82, 3.47], [2.81, 5.64, 4.93, 5.88, 1.19, 6.58, 2.91], [6.88, 4.96, 4.06, 5.77, 1.03, 4.24, 5.62], [0.22, 1.89, 4.63, 5.2, 4.1, 3.36, 6.44]]",5.0,4.93,180,"[0.25, 0.26, 0.31, 0.18]","[[0, 0, 0, 16, 15, 0, 0, 0], [0, 14, 13, 12, 4, 6, 7, 9], [0, 1, 2, 3, 11, 5, 8, 10], [0, 0, 0, 0, 0, 0, 0, 0]]",2.994
3600,0.0,3,"[[0.14, 0.12, 0.08, 0.02, 0.14, 0.19, 0.09], [0.2, 0.01, 0.13, 0.03, 0.11, 0.06, 0.23], [0.19, 0.12, 0.16, 0.15, 0.16, 0.07, 0.21], [0.09, 0.14, 0.24, 0.12, 0.1, 0.2, 0.16]]",0.13,0.24,1,"[0.36, 0.17, 0.12, 0.35]","[[0, 0, 0, 0, 0, 0, 0, 0], [0, 0, 1, 2, 0, 0, 0, 0], [0, 0, 0, 3, 0, 0, 0, 0], [0, 0, 0, 4, 5, 0, 6, 7]]",0.072
3601,0.0,1,"[[0.08, 0.08, 0.03, 0.08, 0.06, 0.11, 0.11], [0.21, 0.12, 0.16, 0.16, 0.17, 0.12, 0.08], [0.24, 0.22, 0.1, 0.12, 0.06, 0.2, 0.05], [0.13, 0.19, 0.1, 0.18, 0.14, 0.09, 0.16]]",0.13,0.21,1,"[0.12, 0.34, 0.21, 0.33]","[[0, 22, 0, 0, 0, 0, 0, 0], [0, 1, 4, 5, 7, 9, 11, 13], [0, 15, 17, 16, 18, 19, 21, 20], [0, 2, 3, 6, 8, 10, 12, 14]]",0.072
3602,0.0,5,"[[0.11, 0.22, 0.08, 0.2, 0.14, 0.03, 0.13], [0.17, 0.02, 0.02, 0.09, 0.21, 0.16, 0.15], [0.09, 0.18, 0.16, 0.17, 0.05, 0.09, 0.1], [0.18, 0.05, 0.09, 0.19, 0.24, 0.18, 0.12]]",0.13,0.24,1,"[0.33, 0.18, 0.11, 0.38]","[[0, 2, 4, 5, 7, 9, 11, 13], [0, 27, 25, 23, 15, 17, 19, 21], [0, 28, 26, 24, 16, 18, 20, 22], [0, 1, 3, 6, 8, 10, 12, 14]]",0.072
3603,0.0,1,"[[0.21, 0.18, 0.18, 0.07, 0.17, 0.09, 0.08], [0.07, 0.09, 0.01, 0.16, 0.02, 0.06, 0.25], [0.21, 0.16, 0.24, 0.08, 0.24, 0.16, 0.09], [0.17, 0.08, 0.18, 0.24, 0.11, 0.09, 0.22]]",0.13,0.07,1,"[0.21, 0.27, 0.2, 0.32]","[[0, 4, 6, 12, 13, 17, 21, 25], [0, 3, 5, 11, 14, 18, 22, 26], [0, 2, 7, 10, 15, 19, 23, 27], [0, 1, 8, 9, 16, 20, 24, 28]]",0.072
3604,0.0,5,"[[0.07, 0.16, 0.11, 0.2, 0.2, 0.19, 0.16], [0.15, 0.22, 0.24, 0.17, 0.18, 0.12, 0.12], [0.11, 0.16, 0.11, 0.12, 0.21, 0.06, 0.16], [0.17, 0.22, 0.15, 0.11, 0.24, 0.11, 0.17]]",0.13,0.21,1,"[0.09, 0.03, 0.01, 0.87]","[[0, 1, 5, 9, 13, 17, 21, 25], [0, 2, 6, 10, 14, 18, 22, 26], [0, 3, 7, 11, 15, 19, 23, 27], [0, 4, 8, 12, 16, 20, 24, 28]]",0.072
3605,0.0,4,"[[0.2, 0.21, 0.23, 0.23, 0.18, 0.14, 0.22], [0.2, 0.22, 0.22, 0.25, 0.05, 0.12, 0.09], [0.02, 0.05, 0.07, 0.23, 0.14, 0.19, 0.02], [0.12, 0.1, 0.13, 0.23, 0.18, 0.06, 0.24]]",0.13,0.23,1,"[0.08, 0.03, 0.87, 0.02]","[[0, 1, 8, 9, 16, 17, 24, 25], [0, 2, 7, 10, 15, 18, 23, 26], [0, 3, 6, 11, 14, 19, 22, 27], [0, 4, 5, 12, 13, 20, 21, 28]]",0.072
3606,0.0,4,"[[0.22, 0.12, 0.18, 0.2, 0.04, 0.04, 0.16], [0.19, 0.18, 0.17, 0.17, 0.18, 0.2, 0.15], [0.03, 0.13, 0.18, 0.12, 0.17, 0.16, 0.08], [0.21, 0.09, 0.16, 0.11, 0.25, 0.1, 0.16]]",0.13,0.12,1,"[0.34, 0.12, 0.22, 0.32]","[[0, 1, 5, 12, 13, 17, 21, 28], [0, 2, 6, 11, 14, 18, 22, 27], [0, 3, 7, 10, 15, 19, 23, 26], [0, 4, 8, 9, 16, 20, 24, 25]]",0.072
3607,0.0,2,"[[0.02, 0.18, 0.09, 0.13, 0.07, 0.12, 0.08], [0.15, 0.12, 0.24, 0.14, 0.1, 0.01, 0.14], [0.2, 0.14, 0.24, 0.13, 0.22, 0.23, 0.18], [0.11, 0.21, 0.18, 0.07, 0.12, 0.14, 0.14]]",0.13,0.21,1,"[0.85, 0.02, 0.03, 0.1]","[[0, 1, 5, 6, 7, 9, 8, 10], [0, 2, 11, 0, 0, 0, 0, 0], [0, 3, 12, 0, 0, 0, 0, 0], [0, 4, 13, 0, 0, 0, 0, 0]]",0.072
3608,0.0,3,"[[0.02, 0.1, 0.05, 0.19, 0.09, 0.05, 0.06], [0.03, 0.12, 0.22, 0.08, 0.02, 0.07, 0.12], [0.18, 0.19, 0.1, 0.18, 0.18, 0.13, 0.15], [0.08, 0.17, 0.23, 0.11, 0.13, 0.16, 0.07]]",0.13,0.23,1,"[0.06, 0.06, 0.03, 0.85]","[[0, 0, 13, 9, 0, 0, 16, 0], [0, 0, 12, 10, 0, 0, 15, 0], [0, 0, 11, 8, 0, 0, 14, 0], [0, 1, 2, 3, 4, 5, 6, 7]]",0.072
3609,0.0,2,"[[0.15, 0.08, 0.15, 0.12, 0.15, 0.08, 0.22], [0.12, 0.2, 0.22, 0.16, 0.25, 0.12, 0.11], [0.19, 0.22, 0.15, 0.08, 0.12, 0.14, 0.2], [0.21, 0.16, 0.09, 0.16, 0.22, 0.15, 0.19]]",0.13,0.22,1,"[0.05, 0.07, 0.86, 0.02]","[[0, 0, 9, 0, 0, 0, 0, 13], [0, 0, 8, 0, 0, 0, 0, 14], [0, 1, 2, 4, 3, 5, 6, 7], [0, 0, 11, 10, 0, 0, 0, 12]]",0.072
3610,0.0,3,"[[9.88, 3.37, 6.84, 6.02, 5.72, 2.47, 6.83], [4.66, 3.57, 1.89, 8.02, 4.52, 4.58, 0.56], [5.57, 8.71, 8.98, 7.3, 1.41, 5.09, 6.3], [2.79, 3.58, 9.87, 3.61, 3.51, 7.13, 2.78]]",5.0,9.87,1,"[0.02, 0.05, 0.05, 0.88]","[[0, 0, 0, 10, 0, 0, 0, 0], [0, 0, 0, 9, 0, 0, 0, 0], [0, 0, 0, 8, 0, 0, 0, 0], [0, 1, 2, 3, 4, 5, 6, 7]]",2.994
3611,0.0,6,"[[1.89, 1.68, 4.82, 0.64, 6.72, 5.82, 3.47], [2.81, 5.64, 4.93, 5.88, 1.19, 6.58, 2.91], [6.88, 4.96, 4.06, 5.77, 1.03, 4.24, 5.62], [0.22, 1.89, 4.63, 5.2, 4.1, 3.36, 6.44]]",5.0,5.82,1,"[0.25, 0.26, 0.31, 0.18]","[[0, 1, 8, 9, 16, 17, 24, 25], [0, 6, 5, 10, 15, 18, 23, 26], [0, 2, 7, 11, 14, 19, 22, 27], [0, 3, 4, 12, 13, 20, 21, 28]]",2.994
3612,0.0,5,"[[5.77, 3.99, 6.61, 4.81, 8.16, 4.87, 2.84], [5.38, 5.12, 5.88, 4.67, 7.45, 7.64, 1.41], [2.86, 1.79, 4.9, 7.89, 6.3, 3.05, 5.2], [5.28, 6.58, 1.34, 2.2, 4.69, 6.92, 5.01]]",5.0,6.3,1,"[0.34, 0.23, 0.11, 0.32]","[[0, 1, 8, 10, 16, 17, 24, 25], [0, 2, 7, 9, 15, 18, 23, 26], [0, 3, 6, 11, 14, 19, 22, 27], [0, 4, 5, 12, 13, 20, 21, 28]]",2.994
3613,0.0,6,"[[2.65, 1.66, 4.12, 6.28, 3.9, 4.24, 8.17], [4.84, 2.23, 5.57, 7.45, 3.35, 5.55, 3.39], [6.15, 3.53, 5.47, 2.82, 6.99, 9.09, 0.79], [2.47, 2.31, 1.36, 3.11, 4.52, 5.21, 3.31]]",5.0,5.21,1,"[0.01, 0.06, 0.02, 0.91]","[[0, 1, 0, 0, 0, 0, 13, 0], [0, 2, 0, 0, 0, 0, 12, 0], [0, 3, 0, 0, 0, 0, 11, 0], [0, 4, 5, 6, 7, 8, 9, 10]]",2.994
3614,0.0,7,"[[5.71, 4.0, 7.87, 3.26, 8.95, 9.97, 6.35], [4.81, 5.73, 5.74, 5.66, 5.51, 4.81, 7.59], [6.14, 5.62, 3.6, 6.94, 3.42, 3.6, 6.26], [1.09, 4.7, 1.56, 4.05, 2.65, 4.29, 5.33]]",5.0,5.33,1,"[0.02, 0.08, 0.03, 0.87]","[[0, 0, 0, 0, 0, 0, 0, 10], [0, 0, 0, 0, 0, 0, 0, 9], [0, 0, 0, 0, 0, 0, 0, 8], [0, 1, 2, 3, 4, 5, 6, 7]]",2.994
3615,0.0,1,"[[2.44, 7.36, 6.46, 5.15, 7.43, 1.32, 0.71], [3.96, 8.36, 4.6, 6.91, 2.69, 5.0, 1.64], [8.24, 5.23, 2.67, 1.92, 6.03, 2.88, 7.54], [1.43, 5.93, 6.77, 1.1, 3.47, 5.78, 6.1]]",5.0,8.24,1,"[0.02, 0.06, 0.89, 0.03]","[[0, 10, 0, 11, 0, 0, 0, 16], [0, 8, 12, 0, 0, 0, 14, 15], [0, 1, 2, 3, 4, 5, 7, 6], [0, 9, 13, 0, 0, 0, 0, 17]]",2.994
3616,0.0,1,"[[1.63, 4.7, 3.32, 2.64, 8.47, 3.24, 4.54], [8.67, 5.47, 1.74, 1.77, 1.06, 7.43, 3.25], [4.05, 4.33, 1.96, 6.68, 6.28, 9.52, 7.64], [3.95, 5.24, 1.85, 2.91, 0.64, 2.21, 1.85]]",5.0,8.67,1,"[0.05, 0.89, 0.05, 0.01]","[[0, 2, 8, 9, 16, 17, 24, 25], [0, 1, 7, 10, 15, 18, 22, 26], [0, 3, 6, 12, 14, 19, 23, 27], [0, 4, 5, 11, 13, 20, 21, 28]]",2.994
3617,0.0,6,"[[1.32, 1.79, 4.74, 6.52, 9.55, 1.49, 3.36], [2.67, 2.3, 3.39, 7.85, 3.89, 7.4, 8.55], [4.18, 0.46, 4.32, 2.27, 3.18, 8.62, 2.94], [6.02, 2.09, 4.16, 3.95, 2.34, 3.36, 2.27]]",5.0,7.4,1,"[0.16, 0.11, 0.34, 0.39]","[[0, 15, 17, 19, 21, 23, 25, 27], [0, 16, 18, 20, 22, 24, 26, 28], [0, 1, 3, 5, 7, 9, 11, 13], [0, 2, 4, 6, 8, 10, 12, 14]]",2.994
3618,0.0,5,"[[5.63, 2.91, 6.84, 6.5, 2.65, 5.91, 4.09], [5.16, 0.83, 2.41, 5.99, 6.15, 3.67, 6.12], [5.67, 9.08, 3.93, 7.57, 5.62, 2.51, 2.61], [4.59, 1.2, 4.42, 1.16, 8.17, 8.27, 1.11]]",5.0,5.62,1,"[0.14, 0.34, 0.35, 0.17]","[[0, 1, 8, 9, 16, 17, 24, 25], [0, 2, 7, 10, 15, 18, 23, 26], [0, 3, 6, 11, 14, 19, 22, 27], [0, 4, 5, 12, 13, 20, 21, 28]]",2.994
3619,0.0,1,"[[7.91, 1.03, 5.87, 7.52, 6.88, 7.18, 6.1], [5.88, 5.55, 1.78, 3.0, 4.69, 4.52, 8.75], [5.71, 1.25, 6.22, 6.17, 8.38, 7.26, 4.32], [6.4, 8.88, 5.28, 4.23, 1.08, 0.7, 3.39]]",5.0,5.88,1,"[0.3, 0.18, 0.2, 0.32]","[[0, 1, 8, 9, 16, 17, 24, 25], [0, 2, 7, 10, 15, 18, 23, 26], [0, 3, 6, 11, 14, 19, 22, 27], [0, 4, 5, 12, 13, 20, 21, 28]]",2.994
3620,0.0,1,"[[7.29, 4.26, 4.93, 3.96, 3.34, 8.54, 6.49], [0.79, 3.44, 2.71, 8.71, 2.86, 7.09, 3.94], [9.61, 8.74, 7.3, 3.82, 1.83, 1.17, 5.37], [2.04, 1.98, 8.39, 1.63, 1.8, 1.97, 7.71]]",5.0,9.61,2,"[0.21, 0.28, 0.29, 0.22]","[[0, 2, 5, 9, 13, 17, 21, 25], [0, 1, 6, 10, 14, 18, 22, 26], [0, 3, 7, 11, 15, 19, 23, 27], [0, 4, 8, 12, 16, 20, 24, 28]]",2.994
3621,0.0,6,"[[5.12, 1.51, 5.2, 6.71, 2.69, 8.45, 7.56], [1.26, 6.81, 6.02, 6.85, 3.83, 2.04, 5.15], [0.77, 1.29, 6.67, 1.6, 1.63, 0.54, 0.89], [4.2, 5.58, 3.29, 3.97, 3.54, 6.37, 4.95]]",5.0,0.54,2,"[0.21, 0.27, 0.19, 0.33]","[[0, 1, 5, 9, 13, 17, 21, 25], [0, 2, 6, 10, 15, 18, 22, 26], [0, 3, 7, 11, 14, 19, 23, 27], [0, 4, 8, 12, 16, 20, 24, 28]]",2.994
3622,0.0,6,"[[3.4, 2.14, 9.33, 2.59, 4.55, 1.09, 2.85], [2.69, 7.17, 4.91, 8.03, 6.07, 6.49, 2.28], [2.24, 5.15, 4.83, 2.39, 2.78, 7.43, 5.61], [3.01, 5.69, 6.66, 3.22, 3.6, 8.48, 3.28]]",5.0,7.43,2,"[0.07, 0.01, 0.9, 0.02]","[[0, 0, 0, 0, 0, 0, 0, 0], [0, 0, 0, 0, 0, 0, 0, 0], [0, 1, 2, 3, 4, 5, 6, 7], [0, 0, 0, 0, 0, 0, 0, 0]]",2.994
3623,0.0,4,"[[5.11, 2.17, 0.1, 9.47, 2.73, 6.4, 3.36], [4.31, 7.26, 6.36, 8.48, 2.98, 4.68, 5.77], [8.38, 2.0, 6.14, 7.53, 4.7, 1.99, 1.53], [7.09, 5.94, 3.03, 5.37, 2.51, 3.9, 2.79]]",5.0,9.47,2,"[0.31, 0.35, 0.15, 0.19]","[[0, 2, 3, 5, 7, 9, 11, 13], [0, 1, 4, 6, 8, 10, 12, 14], [0, 0, 0, 0, 0, 0, 0, 0], [0, 0, 0, 0, 0, 0, 0, 0]]",2.994
3624,0.0,7,"[[6.26, 0.19, 5.42, 8.23, 3.15, 1.79, 3.82], [4.19, 3.39, 2.75, 9.2, 5.7, 3.44, 3.56], [5.45, 5.72, 8.61, 4.63, 8.16, 8.36, 7.19], [3.14, 2.27, 7.83, 9.11, 0.69, 3.38, 9.35]]",5.0,9.35,2,"[0.1, 0.01, 0.01, 0.88]","[[0, 0, 0, 0, 0, 0, 0, 0], [0, 0, 0, 0, 0, 0, 0, 0], [0, 0, 0, 0, 0, 0, 0, 0], [0, 1, 2, 3, 4, 5, 6, 7]]",2.994
3625,0.0,5,"[[5.77, 3.99, 6.61, 4.81, 8.16, 4.87, 2.84], [5.38, 5.12, 5.88, 4.67, 7.45, 7.64, 1.41], [2.86, 1.79, 4.9, 7.89, 6.3, 3.05, 5.2], [5.28, 6.58, 1.34, 2.2, 4.69, 6.92, 5.01]]",5.0,4.69,2,"[0.34, 0.23, 0.11, 0.32]","[[0, 1, 3, 5, 7, 9, 11, 13], [0, 15, 16, 17, 18, 19, 20, 21], [0, 0, 0, 0, 0, 0, 0, 0], [0, 2, 4, 6, 8, 10, 12, 14]]",2.994
3626,0.0,5,"[[6.19, 1.85, 1.16, 4.28, 2.66, 3.25, 7.93], [4.16, 3.03, 5.34, 3.93, 5.82, 4.05, 2.14], [6.53, 8.89, 6.73, 7.28, 2.75, 0.6, 4.09], [4.95, 6.55, 6.81, 6.9, 1.07, 2.2, 5.26]]",5.0,5.82,2,"[0.03, 0.86, 0.04, 0.07]","[[0, 0, 0, 0, 0, 0, 0, 0], [0, 1, 2, 3, 4, 5, 6, 7], [0, 0, 0, 0, 0, 0, 0, 0], [0, 0, 0, 0, 0, 0, 0, 0]]",2.994
3627,0.0,2,"[[5.92, 9.68, 5.15, 2.59, 5.89, 7.38, 2.85], [1.22, 5.64, 6.3, 3.82, 9.13, 6.51, 3.36], [6.72, 1.0, 8.86, 8.25, 8.82, 6.13, 4.12], [7.5, 7.75, 5.39, 3.9, 7.48, 3.23, 1.98]]",5.0,9.68,2,"[0.3, 0.17, 0.24, 0.29]","[[0, 1, 3, 5, 7, 9, 11, 13], [0, 0, 0, 0, 0, 0, 0, 0], [0, 0, 0, 0, 0, 0, 0, 0], [0, 2, 4, 6, 8, 10, 12, 14]]",2.994
3628,0.0,7,"[[8.39, 1.9, 3.96, 5.78, 2.24, 5.8, 4.1], [0.94, 5.02, 2.49, 5.54, 6.54, 4.33, 9.65], [7.94, 7.8, 4.1, 9.82, 1.59, 4.84, 8.58], [8.96, 7.49, 1.94, 3.92, 0.76, 2.82, 6.17]]",5.0,4.1,2,"[0.11, 0.85, 0.02, 0.02]","[[0, 0, 0, 0, 0, 0, 0, 0], [0, 1, 2, 3, 4, 5, 6, 7], [0, 0, 0, 0, 0, 0, 0, 0], [0, 0, 0, 0, 0, 0, 0, 0]]",2.994
3629,0.0,3,"[[3.25, 0.97, 8.64, 8.18, 2.13, 6.22, 0.77], [5.88, 7.57, 5.25, 3.43, 6.13, 3.52, 3.61], [5.54, 4.65, 8.68, 9.8, 7.31, 3.42, 4.37], [7.14, 2.83, 7.59, 3.91, 6.6, 1.41, 1.96]]",5.0,7.59,2,"[0.06, 0.03, 0.01, 0.9]","[[0, 0, 0, 0, 0, 0, 0, 0], [0, 0, 0, 0, 0, 0, 0, 0], [0, 0, 0, 0, 0, 0, 0, 0], [0, 1, 2, 3, 4, 5, 6, 7]]",2.994
3630,0.0,1,"[[0.23, 0.06, 0.08, 0.13, 0.11, 0.05, 0.11], [0.17, 0.17, 0.17, 0.13, 0.09, 0.2, 0.07], [0.21, 0.11, 0.17, 0.05, 0.13, 0.11, 0.17], [0.16, 0.02, 0.2, 0.19, 0.23, 0.13, 0.13]]",0.13,0.16,2,"[0.24, 0.22, 0.21, 0.33]","[[0, 0, 0, 0, 0, 0, 0, 0], [0, 0, 0, 0, 0, 0, 0, 0], [0, 0, 0, 0, 0, 0, 0, 0], [0, 0, 0, 0, 0, 0, 0, 0]]",0.072
3631,0.0,1,"[[0.11, 0.22, 0.08, 0.2, 0.14, 0.03, 0.13], [0.17, 0.02, 0.02, 0.09, 0.21, 0.16, 0.15], [0.09, 0.18, 0.16, 0.17, 0.05, 0.09, 0.1], [0.18, 0.05, 0.09, 0.19, 0.24, 0.18, 0.12]]",0.13,0.17,2,"[0.33, 0.18, 0.11, 0.38]","[[0, 0, 0, 0, 0, 0, 0, 0], [0, 0, 0, 0, 0, 0, 0, 0], [0, 0, 0, 0, 0, 0, 0, 0], [0, 0, 0, 0, 0, 0, 0, 0]]",0.072
3632,0.0,1,"[[0.15, 0.08, 0.15, 0.12, 0.15, 0.08, 0.22], [0.12, 0.2, 0.22, 0.16, 0.25, 0.12, 0.11], [0.19, 0.22, 0.15, 0.08, 0.12, 0.14, 0.2], [0.21, 0.16, 0.09, 0.16, 0.22, 0.15, 0.19]]",0.13,0.19,2,"[0.05, 0.07, 0.86, 0.02]","[[0, 0, 0, 0, 0, 0, 0, 0], [0, 0, 0, 0, 0, 0, 0, 0], [0, 0, 0, 0, 0, 0, 0, 0], [0, 0, 0, 0, 0, 0, 0, 0]]",0.072
3633,0.0,1,"[[0.22, 0.12, 0.18, 0.2, 0.04, 0.04, 0.16], [0.19, 0.18, 0.17, 0.17, 0.18, 0.2, 0.15], [0.03, 0.13, 0.18, 0.12, 0.17, 0.16, 0.08], [0.21, 0.09, 0.16, 0.11, 0.25, 0.1, 0.16]]",0.13,0.03,2,"[0.34, 0.12, 0.22, 0.32]","[[0, 0, 0, 0, 0, 0, 0, 0], [0, 0, 0, 0, 0, 0, 0, 0], [0, 0, 0, 0, 0, 0, 0, 0], [0, 0, 0, 0, 0, 0, 0, 0]]",0.072
3634,0.0,1,"[[0.14, 0.12, 0.08, 0.02, 0.14, 0.19, 0.09], [0.2, 0.01, 0.13, 0.03, 0.11, 0.06, 0.23], [0.19, 0.12, 0.16, 0.15, 0.16, 0.07, 0.21], [0.09, 0.14, 0.24, 0.12, 0.1, 0.2, 0.16]]",0.13,0.14,2,"[0.36, 0.17, 0.12, 0.35]","[[0, 0, 0, 0, 0, 0, 0, 0], [0, 0, 0, 0, 0, 0, 0, 0], [0, 0, 0, 0, 0, 0, 0, 0], [0, 0, 0, 0, 0, 0, 0, 0]]",0.072
3635,0.0,1,"[[0.02, 0.1, 0.05, 0.19, 0.09, 0.05, 0.06], [0.03, 0.12, 0.22, 0.08, 0.02, 0.07, 0.12], [0.18, 0.19, 0.1, 0.18, 0.18, 0.13, 0.15], [0.08, 0.17, 0.23, 0.11, 0.13, 0.16, 0.07]]",0.13,0.08,2,"[0.06, 0.06, 0.03, 0.85]","[[0, 0, 0, 0, 0, 0, 0, 0], [0, 0, 0, 0, 0, 0, 0, 0], [0, 0, 0, 0, 0, 0, 0, 0], [0, 0, 0, 0, 0, 0, 0, 0]]",0.072
3636,0.0,1,"[[0.19, 0.11, 0.24, 0.23, 0.21, 0.14, 0.16], [0.12, 0.1, 0.02, 0.19, 0.1, 0.08, 0.14], [0.05, 0.21, 0.07, 0.2, 0.09, 0.02, 0.23], [0.09, 0.04, 0.09, 0.14, 0.18, 0.2, 0.23]]",0.13,0.05,2,"[0.03, 0.01, 0.92, 0.04]","[[0, 0, 0, 0, 0, 0, 0, 0], [0, 0, 0, 0, 0, 0, 0, 0], [0, 0, 0, 0, 0, 0, 0, 0], [0, 0, 0, 0, 0, 0, 0, 0]]",0.072
3637,0.0,1,"[[0.17, 0.04, 0.18, 0.09, 0.04, 0.16, 0.22], [0.22, 0.14, 0.04, 0.11, 0.04, 0.23, 0.13], [0.09, 0.1, 0.01, 0.06, 0.15, 0.17, 0.05], [0.04, 0.06, 0.1, 0.03, 0.1, 0.03, 0.15]]",0.13,0.17,2,"[0.35, 0.15, 0.13, 0.37]","[[0, 0, 0, 0, 0, 0, 0, 0], [0, 0, 0, 0, 0, 0, 0, 0], [0, 0, 0, 0, 0, 0, 0, 0], [0, 0, 0, 0, 0, 0, 0, 0]]",0.072
3638,0.0,1,"[[0.15, 0.08, 0.16, 0.16, 0.12, 0.04, 0.13], [0.17, 0.17, 0.2, 0.1, 0.06, 0.16, 0.12], [0.04, 0.25, 0.2, 0.11, 0.04, 0.11, 0.24], [0.15, 0.14, 0.05, 0.11, 0.22, 0.22, 0.2]]",0.13,0.17,2,"[0.01, 0.89, 0.09, 0.01]","[[0, 0, 0, 0, 0, 0, 0, 0], [0, 0, 0, 0, 0, 0, 0, 0], [0, 0, 0, 0, 0, 0, 0, 0], [0, 0, 0, 0, 0, 0, 0, 0]]",0.072
3639,0.0,1,"[[0.06, 0.22, 0.11, 0.12, 0.13, 0.09, 0.18], [0.2, 0.17, 0.05, 0.09, 0.17, 0.16, 0.24], [0.14, 0.03, 0.23, 0.14, 0.04, 0.13, 0.18], [0.16, 0.1, 0.17, 0.16, 0.14, 0.04, 0.05]]",0.13,0.06,2,"[0.87, 0.02, 0.1, 0.01]","[[0, 0, 0, 0, 0, 0, 0, 0], [0, 0, 0, 0, 0, 0, 0, 0], [0, 0, 0, 0, 0, 0, 0, 0], [0, 0, 0, 0, 0, 0, 0, 0]]",0.072
3640,0.0,5,"[[5.92, 9.68, 5.15, 2.59, 5.89, 7.38, 2.85], [1.22, 5.64, 6.3, 3.82, 9.13, 6.51, 3.36], [6.72, 1.0, 8.86, 8.25, 8.82, 6.13, 4.12], [7.5, 7.75, 5.39, 3.9, 7.48, 3.23, 1.98]]",5.0,5.89,3,"[0.3, 0.17, 0.24, 0.29]","[[0, 0, 7, 1, 16, 11, 22, 0], [0, 6, 8, 17, 15, 2, 21, 0], [0, 5, 9, 18, 14, 10, 3, 0], [0, 0, 4, 19, 13, 12, 20, 0]]",2.994
3641,0.0,1,"[[3.54, 3.18, 6.26, 3.39, 3.52, 5.47, 1.42], [3.13, 1.91, 7.14, 3.81, 4.58, 6.9, 8.39], [7.48, 1.27, 5.41, 7.63, 6.12, 1.81, 6.34], [6.09, 3.7, 4.25, 4.91, 0.8, 7.46, 7.59]]",5.0,3.54,3,"[0.04, 0.07, 0.88, 0.01]","[[0, 1, 8, 9, 16, 17, 28, 27], [0, 2, 7, 10, 15, 19, 25, 26], [0, 3, 6, 11, 14, 18, 24, 23], [0, 4, 5, 12, 13, 20, 21, 22]]",2.994
3642,0.0,7,"[[5.71, 4.0, 7.87, 3.26, 8.95, 9.97, 6.35], [4.81, 5.73, 5.74, 5.66, 5.51, 4.81, 7.59], [6.14, 5.62, 3.6, 6.94, 3.42, 3.6, 6.26], [1.09, 4.7, 1.56, 4.05, 2.65, 4.29, 5.33]]",5.0,5.33,3,"[0.02, 0.08, 0.03, 0.87]","[[0, 1, 2, 3, 4, 5, 6, 7], [0, 28, 27, 26, 25, 24, 23, 22], [0, 15, 16, 17, 18, 19, 20, 21], [0, 14, 13, 12, 11, 10, 9, 8]]",2.994
3643,0.0,7,"[[5.16, 3.84, 2.97, 6.89, 7.92, 3.02, 6.81], [6.93, 3.64, 5.33, 8.47, 3.82, 8.88, 7.83], [4.51, 5.38, 9.21, 3.79, 4.77, 9.29, 4.59], [3.55, 8.48, 4.66, 2.28, 3.95, 2.95, 5.67]]",5.0,6.81,3,"[0.86, 0.08, 0.05, 0.01]","[[0, 5, 1, 12, 13, 20, 21, 28], [0, 6, 2, 11, 14, 19, 22, 27], [0, 7, 3, 10, 15, 18, 23, 26], [0, 8, 4, 9, 16, 17, 24, 25]]",2.994
3644,0.0,3,"[[3.55, 2.94, 0.08, 3.13, 2.15, 9.59, 4.77], [4.35, 5.83, 1.82, 2.79, 3.6, 4.35, 6.66], [4.91, 4.62, 9.06, 2.02, 4.04, 2.21, 7.62], [0.78, 5.9, 1.77, 4.45, 7.63, 4.39, 2.86]]",5.0,9.06,3,"[0.34, 0.11, 0.27, 0.28]","[[0, 0, 0, 0, 0, 0, 0, 0], [0, 0, 0, 0, 1, 0, 0, 0], [0, 4, 3, 2, 5, 6, 9, 10], [0, 0, 0, 0, 0, 7, 8, 11]]",2.994
3645,0.0,5,"[[3.74, 4.35, 1.03, 5.02, 2.48, 7.72, 3.91], [9.52, 3.82, 4.46, 2.55, 5.65, 6.25, 0.76], [2.96, 5.49, 2.32, 7.63, 0.35, 8.21, 6.51], [4.09, 2.1, 9.56, 8.08, 0.89, 1.16, 4.1]]",5.0,0.89,3,"[0.04, 0.08, 0.02, 0.86]","[[0, 0, 0, 0, 1, 0, 0, 0], [0, 0, 0, 0, 2, 0, 0, 0], [0, 0, 0, 0, 3, 0, 0, 0], [0, 0, 0, 0, 4, 0, 0, 0]]",2.994
3646,0.0,4,"[[1.32, 1.79, 4.74, 6.52, 9.55, 1.49, 3.36], [2.67, 2.3, 3.39, 7.85, 3.89, 7.4, 8.55], [4.18, 0.46, 4.32, 2.27, 3.18, 8.62, 2.94], [6.02, 2.09, 4.16, 3.95, 2.34, 3.36, 2.27]]",5.0,6.52,3,"[0.16, 0.11, 0.34, 0.39]","[[0, 0, 0, 0, 0, 0, 0, 0], [0, 0, 0, 0, 0, 0, 0, 0], [0, 0, 0, 0, 0, 0, 0, 0], [0, 0, 0, 0, 0, 0, 0, 0]]",2.994
3647,0.0,2,"[[7.78, 7.83, 6.34, 3.49, 9.25, 4.1, 8.16], [4.02, 5.78, 4.37, 3.5, 3.65, 5.34, 1.1], [4.29, 1.52, 3.77, 7.63, 3.05, 0.82, 4.95], [8.46, 6.15, 6.73, 3.18, 8.15, 6.29, 5.32]]",5.0,5.78,3,"[0.2, 0.29, 0.22, 0.29]","[[0, 0, 0, 0, 0, 0, 0, 0], [0, 0, 0, 0, 0, 0, 0, 0], [0, 0, 0, 0, 0, 0, 0, 0], [0, 0, 0, 0, 0, 0, 0, 0]]",2.994
3648,0.0,5,"[[7.32, 4.38, 4.99, 7.76, 5.0, 5.94, 2.36], [8.4, 3.61, 8.45, 4.23, 7.02, 4.36, 9.23], [1.69, 3.23, 3.54, 3.86, 3.72, 2.06, 0.61], [7.94, 7.02, 6.73, 4.28, 8.5, 0.13, 2.63]]",5.0,5.0,3,"[0.85, 0.03, 0.11, 0.01]","[[0, 0, 0, 0, 0, 0, 0, 0], [0, 0, 0, 0, 0, 0, 0, 0], [0, 0, 0, 0, 0, 0, 0, 0], [0, 0, 0, 0, 0, 0, 0, 0]]",2.994
3649,0.0,6,"[[7.74, 3.22, 6.43, 3.71, 7.81, 4.87, 5.0], [6.79, 7.24, 2.38, 4.86, 3.87, 6.17, 4.92], [3.15, 9.58, 2.44, 5.2, 8.45, 2.58, 2.29], [4.2, 1.81, 5.9, 9.47, 8.69, 2.45, 6.94]]",5.0,6.17,3,"[0.15, 0.38, 0.14, 0.33]","[[0, 0, 0, 0, 0, 0, 0, 0], [0, 0, 0, 0, 0, 0, 0, 0], [0, 0, 0, 0, 0, 0, 0, 0], [0, 0, 0, 0, 0, 0, 0, 0]]",2.994
3650,0.0,3,"[[0.08, 0.23, 0.11, 0.15, 0.14, 0.16, 0.07], [0.19, 0.17, 0.09, 0.16, 0.14, 0.09, 0.03], [0.13, 0.11, 0.24, 0.17, 0.14, 0.06, 0.15], [0.09, 0.17, 0.09, 0.17, 0.19, 0.1, 0.17]]",0.13,0.09,3,"[0.01, 0.02, 0.11, 0.86]","[[0, 0, 0, 0, 0, 0, 0, 0], [0, 0, 0, 0, 0, 0, 0, 0], [0, 0, 0, 0, 0, 0, 0, 0], [0, 0, 0, 0, 0, 0, 0, 0]]",0.072
3651,0.0,5,"[[0.11, 0.22, 0.08, 0.2, 0.14, 0.03, 0.13], [0.17, 0.02, 0.02, 0.09, 0.21, 0.16, 0.15], [0.09, 0.18, 0.16, 0.17, 0.05, 0.09, 0.1], [0.18, 0.05, 0.09, 0.19, 0.24, 0.18, 0.12]]",0.13,0.14,3,"[0.33, 0.18, 0.11, 0.38]","[[0, 0, 0, 0, 0, 0, 0, 0], [0, 0, 0, 0, 0, 0, 0, 0], [0, 0, 0, 0, 0, 0, 0, 0], [0, 0, 0, 0, 0, 0, 0, 0]]",0.072
3652,0.0,2,"[[0.15, 0.2, 0.21, 0.14, 0.15, 0.21, 0.2], [0.1, 0.12, 0.15, 0.05, 0.19, 0.19, 0.19], [0.2, 0.18, 0.22, 0.07, 0.23, 0.17, 0.15], [0.25, 0.17, 0.14, 0.07, 0.06, 0.14, 0.21]]",0.13,0.18,3,"[0.33, 0.32, 0.13, 0.22]","[[0, 0, 0, 0, 0, 0, 0, 0], [0, 0, 0, 0, 0, 0, 0, 0], [0, 0, 0, 0, 0, 0, 0, 0], [0, 0, 0, 0, 0, 0, 0, 0]]",0.072
3653,0.0,5,"[[0.11, 0.17, 0.16, 0.1, 0.16, 0.08, 0.16], [0.14, 0.11, 0.1, 0.17, 0.15, 0.09, 0.15], [0.18, 0.13, 0.06, 0.09, 0.04, 0.12, 0.18], [0.24, 0.17, 0.23, 0.17, 0.08, 0.13, 0.06]]",0.13,0.04,3,"[0.26, 0.27, 0.3, 0.17]","[[0, 0, 0, 0, 0, 0, 0, 0], [0, 0, 0, 0, 0, 0, 0, 0], [0, 0, 0, 0, 0, 0, 0, 0], [0, 0, 0, 0, 0, 0, 0, 0]]",0.072
3654,0.0,3,"[[0.15, 0.17, 0.12, 0.06, 0.06, 0.22, 0.15], [0.19, 0.17, 0.21, 0.18, 0.06, 0.19, 0.04], [0.07, 0.13, 0.08, 0.09, 0.18, 0.11, 0.12], [0.16, 0.1, 0.02, 0.11, 0.21, 0.13, 0.19]]",0.13,0.02,3,"[0.09, 0.05, 0.01, 0.85]","[[0, 0, 0, 0, 0, 0, 0, 0], [0, 0, 0, 0, 0, 0, 0, 0], [0, 0, 0, 0, 0, 0, 0, 0], [0, 0, 0, 0, 0, 0, 0, 0]]",0.072
3655,0.0,6,"[[0.04, 0.14, 0.09, 0.06, 0.18, 0.1, 0.07], [0.09, 0.13, 0.01, 0.23, 0.07, 0.19, 0.05], [0.08, 0.2, 0.08, 0.21, 0.07, 0.04, 0.22], [0.12, 0.1, 0.09, 0.18, 0.18, 0.04, 0.15]]",0.13,0.04,3,"[0.05, 0.03, 0.07, 0.85]","[[0, 0, 0, 0, 0, 0, 0, 0], [0, 0, 0, 0, 0, 0, 0, 0], [0, 0, 0, 0, 0, 0, 0, 0], [0, 0, 0, 0, 0, 0, 0, 0]]",0.072
3656,0.0,2,"[[0.21, 0.18, 0.18, 0.07, 0.17, 0.09, 0.08], [0.07, 0.09, 0.01, 0.16, 0.02, 0.06, 0.25], [0.21, 0.16, 0.24, 0.08, 0.24, 0.16, 0.09], [0.17, 0.08, 0.18, 0.24, 0.11, 0.09, 0.22]]",0.13,0.16,3,"[0.21, 0.27, 0.2, 0.32]","[[0, 0, 0, 0, 0, 0, 0, 0], [0, 0, 0, 0, 0, 0, 0, 0], [0, 0, 0, 0, 0, 0, 0, 0], [0, 0, 0, 0, 0, 0, 0, 0]]",0.072
3657,0.0,7,"[[0.05, 0.17, 0.08, 0.07, 0.16, 0.13, 0.05], [0.1, 0.16, 0.24, 0.2, 0.19, 0.19, 0.23], [0.18, 0.13, 0.06, 0.19, 0.17, 0.21, 0.13], [0.16, 0.18, 0.2, 0.12, 0.19, 0.08, 0.19]]",0.13,0.05,3,"[0.85, 0.1, 0.02, 0.03]","[[0, 0, 0, 0, 0, 0, 0, 0], [0, 0, 0, 0, 0, 0, 0, 0], [0, 0, 0, 0, 0, 0, 0, 0], [0, 0, 0, 0, 0, 0, 0, 0]]",0.072
3658,0.0,3,"[[0.19, 0.12, 0.08, 0.18, 0.08, 0.2, 0.22], [0.05, 0.04, 0.19, 0.18, 0.18, 0.05, 0.1], [0.21, 0.13, 0.15, 0.13, 0.16, 0.15, 0.08], [0.19, 0.06, 0.09, 0.07, 0.04, 0.2, 0.08]]",0.13,0.09,3,"[0.16, 0.28, 0.23, 0.33]","[[0, 0, 0, 0, 0, 0, 0, 0], [0, 0, 0, 0, 0, 0, 0, 0], [0, 0, 0, 0, 0, 0, 0, 0], [0, 0, 0, 0, 0, 0, 0, 0]]",0.072
3659,0.0,3,"[[0.19, 0.09, 0.13, 0.2, 0.03, 0.17, 0.2], [0.08, 0.14, 0.18, 0.15, 0.19, 0.11, 0.07], [0.15, 0.06, 0.07, 0.11, 0.19, 0.02, 0.14], [0.12, 0.04, 0.06, 0.04, 0.06, 0.19, 0.09]]",0.13,0.18,3,"[0.02, 0.85, 0.05, 0.08]","[[0, 0, 0, 0, 0, 0, 0, 0], [0, 0, 0, 0, 0, 0, 0, 0], [0, 0, 0, 0, 0, 0, 0, 0], [0, 0, 0, 0, 0, 0, 0, 0]]",0.072
3660,0.0,1,"[[3.74, 4.35, 1.03, 5.02, 2.48, 7.72, 3.91], [9.52, 3.82, 4.46, 2.55, 5.65, 6.25, 0.76], [2.96, 5.49, 2.32, 7.63, 0.35, 8.21, 6.51], [4.09, 2.1, 9.56, 8.08, 0.89, 1.16, 4.1]]",5.0,4.09,4,"[0.04, 0.08, 0.02, 0.86]","[[0, 1, 0, 0, 5, 0, 0, 0], [0, 2, 0, 0, 6, 0, 0, 0], [0, 3, 0, 0, 7, 0, 0, 0], [0, 4, 0, 0, 8, 0, 0, 0]]",2.994
3661,0.0,4,"[[2.67, 1.86, 1.79, 5.75, 3.59, 3.3, 1.49], [1.18, 8.77, 6.89, 4.16, 3.25, 3.0, 9.34], [1.75, 2.03, 4.01, 8.67, 5.48, 1.04, 6.3], [4.37, 0.5, 5.19, 4.46, 0.43, 0.13, 6.06]]",5.0,8.67,4,"[0.24, 0.23, 0.24, 0.29]","[[0, 0, 0, 0, 2, 0, 4, 0], [0, 0, 0, 0, 0, 0, 0, 0], [0, 0, 1, 0, 0, 0, 0, 0], [0, 0, 0, 0, 0, 3, 0, 0]]",2.994
3662,0.0,6,"[[3.55, 2.94, 0.08, 3.13, 2.15, 9.59, 4.77], [4.35, 5.83, 1.82, 2.79, 3.6, 4.35, 6.66], [4.91, 4.62, 9.06, 2.02, 4.04, 2.21, 7.62], [0.78, 5.9, 1.77, 4.45, 7.63, 4.39, 2.86]]",5.0,2.21,4,"[0.34, 0.11, 0.27, 0.28]","[[0, 1, 2, 3, 4, 5, 6, 7], [0, 0, 0, 0, 0, 0, 0, 0], [0, 0, 0, 0, 0, 0, 0, 0], [0, 0, 0, 0, 0, 0, 0, 0]]",2.994
3663,0.0,6,"[[8.02, 3.92, 3.11, 4.49, 4.13, 7.86, 3.71], [5.5, 3.12, 4.78, 4.63, 5.83, 9.55, 5.01], [6.87, 6.07, 1.32, 5.58, 8.22, 5.74, 5.54], [4.62, 3.36, 5.75, 5.59, 2.34, 1.7, 6.64]]",5.0,1.7,4,"[0.25, 0.27, 0.24, 0.24]","[[0, 1, 2, 3, 4, 5, 7, 6], [0, 8, 9, 10, 11, 12, 13, 14], [0, 0, 0, 0, 0, 0, 0, 0], [0, 0, 0, 0, 0, 0, 0, 0]]",2.994
3664,0.0,1,"[[5.93, 4.61, 6.44, 6.58, 0.77, 6.66, 0.58], [1.24, 4.91, 5.63, 0.45, 3.38, 4.94, 3.12], [7.83, 1.4, 2.04, 7.87, 6.09, 6.31, 5.4], [6.34, 6.33, 4.75, 6.81, 8.3, 6.3, 9.27]]",5.0,1.24,4,"[0.01, 0.1, 0.87, 0.02]","[[0, 0, 0, 0, 0, 0, 0, 0], [0, 0, 0, 0, 0, 0, 0, 0], [0, 1, 2, 3, 4, 5, 6, 7], [0, 0, 0, 0, 0, 0, 0, 0]]",2.994
3665,0.0,1,"[[8.47, 2.82, 7.33, 4.03, 7.07, 2.75, 1.54], [4.68, 3.16, 0.97, 1.44, 5.2, 6.65, 9.25], [8.41, 7.04, 1.31, 3.23, 7.09, 7.67, 1.55], [6.28, 2.99, 4.33, 1.28, 9.25, 6.99, 2.35]]",5.0,6.28,4,"[0.01, 0.01, 0.01, 0.97]","[[0, 8, 9, 10, 11, 12, 13, 14], [0, 0, 0, 0, 0, 0, 0, 0], [0, 0, 0, 0, 0, 0, 0, 0], [0, 1, 2, 5, 3, 4, 6, 7]]",2.994
3666,0.0,1,"[[1.63, 4.7, 3.32, 2.64, 8.47, 3.24, 4.54], [8.67, 5.47, 1.74, 1.77, 1.06, 7.43, 3.25], [4.05, 4.33, 1.96, 6.68, 6.28, 9.52, 7.64], [3.95, 5.24, 1.85, 2.91, 0.64, 2.21, 1.85]]",5.0,1.63,4,"[0.05, 0.89, 0.05, 0.01]","[[0, 0, 0, 0, 0, 0, 0, 0], [0, 1, 2, 3, 4, 5, 6, 7], [0, 0, 0, 0, 0, 0, 0, 0], [0, 8, 9, 10, 11, 12, 13, 14]]",2.994
3667,0.0,7,"[[5.92, 9.68, 5.15, 2.59, 5.89, 7.38, 2.85], [1.22, 5.64, 6.3, 3.82, 9.13, 6.51, 3.36], [6.72, 1.0, 8.86, 8.25, 8.82, 6.13, 4.12], [7.5, 7.75, 5.39, 3.9, 7.48, 3.23, 1.98]]",5.0,2.85,4,"[0.3, 0.17, 0.24, 0.29]","[[0, 1, 2, 4, 3, 7, 6, 5], [0, 8, 9, 10, 11, 12, 13, 14], [0, 0, 0, 0, 0, 0, 0, 0], [0, 0, 0, 0, 0, 0, 0, 0]]",2.994
3668,0.0,3,"[[0.72, 5.25, 9.97, 4.85, 8.58, 2.57, 9.15], [5.48, 9.36, 2.36, 9.25, 3.72, 4.76, 6.74], [7.14, 7.36, 2.91, 4.13, 7.03, 8.48, 0.38], [5.84, 6.37, 7.56, 3.71, 4.02, 2.93, 0.09]]",5.0,2.36,4,"[0.03, 0.85, 0.06, 0.06]","[[0, 1, 2, 3, 4, 5, 6, 7], [0, 0, 0, 0, 0, 0, 0, 0], [0, 0, 0, 0, 0, 0, 0, 0], [0, 0, 0, 12, 11, 10, 9, 8]]",2.994
3669,0.0,4,"[[6.2, 4.19, 3.44, 8.27, 6.51, 4.65, 4.01], [2.89, 4.13, 4.82, 8.89, 9.25, 0.96, 6.04], [8.8, 2.84, 4.5, 4.81, 3.19, 0.46, 7.31], [5.12, 1.87, 1.91, 7.0, 2.08, 5.06, 2.86]]",5.0,7.0,4,"[0.15, 0.21, 0.3, 0.34]","[[0, 14, 13, 12, 11, 10, 9, 8], [0, 0, 0, 0, 15, 0, 0, 0], [0, 0, 0, 0, 16, 0, 0, 0], [0, 1, 2, 3, 4, 5, 6, 7]]",2.994
3670,0.0,5,"[[0.23, 0.06, 0.08, 0.13, 0.11, 0.05, 0.11], [0.17, 0.17, 0.17, 0.13, 0.09, 0.2, 0.07], [0.21, 0.11, 0.17, 0.05, 0.13, 0.11, 0.17], [0.16, 0.02, 0.2, 0.19, 0.23, 0.13, 0.13]]",0.13,0.11,4,"[0.24, 0.22, 0.21, 0.33]","[[0, 1, 2, 3, 4, 7, 5, 6], [0, 0, 0, 0, 0, 0, 0, 0], [0, 0, 0, 0, 0, 0, 0, 0], [0, 8, 9, 10, 11, 12, 13, 14]]",0.072
3671,0.0,5,"[[0.11, 0.06, 0.11, 0.08, 0.17, 0.11, 0.11], [0.14, 0.12, 0.06, 0.14, 0.09, 0.14, 0.12], [0.04, 0.15, 0.09, 0.13, 0.15, 0.18, 0.21], [0.1, 0.08, 0.17, 0.08, 0.19, 0.13, 0.19]]",0.13,0.19,4,"[0.26, 0.2, 0.27, 0.27]","[[0, 0, 0, 0, 0, 8, 0, 0], [0, 0, 0, 0, 0, 10, 0, 0], [0, 0, 0, 0, 0, 9, 0, 0], [0, 1, 2, 3, 4, 5, 7, 6]]",0.072
3672,0.0,2,"[[0.14, 0.16, 0.16, 0.21, 0.14, 0.04, 0.08], [0.06, 0.2, 0.17, 0.04, 0.15, 0.07, 0.15], [0.13, 0.19, 0.14, 0.02, 0.08, 0.23, 0.1], [0.15, 0.03, 0.13, 0.07, 0.13, 0.07, 0.19]]",0.13,0.16,4,"[0.26, 0.28, 0.24, 0.22]","[[0, 0, 8, 0, 0, 0, 0, 0], [0, 1, 2, 3, 4, 5, 6, 7], [0, 0, 9, 0, 0, 0, 0, 0], [0, 0, 10, 0, 0, 0, 0, 0]]",0.072
3673,0.0,6,"[[0.1, 0.1, 0.17, 0.08, 0.04, 0.09, 0.12], [0.18, 0.07, 0.12, 0.15, 0.14, 0.22, 0.18], [0.17, 0.02, 0.06, 0.16, 0.1, 0.2, 0.19], [0.23, 0.18, 0.17, 0.22, 0.21, 0.09, 0.19]]",0.13,0.2,4,"[0.21, 0.32, 0.34, 0.13]","[[0, 0, 11, 0, 0, 0, 9, 0], [0, 0, 12, 0, 0, 0, 8, 0], [0, 1, 2, 3, 4, 5, 6, 7], [0, 0, 13, 0, 0, 0, 10, 0]]",0.072
3674,0.0,1,"[[0.15, 0.06, 0.09, 0.11, 0.16, 0.04, 0.14], [0.13, 0.19, 0.06, 0.21, 0.14, 0.09, 0.14], [0.16, 0.13, 0.11, 0.14, 0.1, 0.12, 0.12], [0.2, 0.09, 0.2, 0.06, 0.12, 0.09, 0.16]]",0.13,0.16,4,"[0.08, 0.04, 0.87, 0.01]","[[0, 8, 0, 0, 0, 0, 0, 0], [0, 9, 0, 0, 0, 0, 0, 0], [0, 1, 2, 3, 4, 5, 6, 7], [0, 10, 0, 0, 0, 0, 0, 0]]",0.072
3675,0.0,5,"[[0.08, 0.23, 0.11, 0.15, 0.14, 0.16, 0.07], [0.19, 0.17, 0.09, 0.16, 0.14, 0.09, 0.03], [0.13, 0.11, 0.24, 0.17, 0.14, 0.06, 0.15], [0.09, 0.17, 0.09, 0.17, 0.19, 0.1, 0.17]]",0.13,0.14,4,"[0.01, 0.02, 0.11, 0.86]","[[0, 0, 0, 0, 0, 8, 0, 0], [0, 0, 0, 0, 0, 9, 0, 0], [0, 0, 0, 0, 0, 10, 0, 0], [0, 1, 3, 2, 4, 5, 7, 6]]",0.072
3676,0.0,2,"[[0.08, 0.23, 0.16, 0.14, 0.22, 0.12, 0.2], [0.17, 0.2, 0.03, 0.17, 0.21, 0.17, 0.07], [0.08, 0.2, 0.14, 0.22, 0.1, 0.13, 0.17], [0.07, 0.12, 0.01, 0.11, 0.05, 0.12, 0.17]]",0.13,0.23,4,"[0.86, 0.03, 0.04, 0.07]","[[0, 1, 2, 3, 4, 6, 7, 5], [0, 0, 8, 0, 0, 0, 0, 0], [0, 0, 9, 0, 0, 0, 0, 0], [0, 0, 10, 0, 0, 0, 0, 0]]",0.072
3677,0.0,2,"[[0.06, 0.22, 0.11, 0.12, 0.13, 0.09, 0.18], [0.2, 0.17, 0.05, 0.09, 0.17, 0.16, 0.24], [0.14, 0.03, 0.23, 0.14, 0.04, 0.13, 0.18], [0.16, 0.1, 0.17, 0.16, 0.14, 0.04, 0.05]]",0.13,0.22,4,"[0.87, 0.02, 0.1, 0.01]","[[0, 1, 4, 2, 3, 5, 6, 7], [0, 0, 8, 0, 0, 0, 0, 0], [0, 0, 9, 0, 0, 0, 0, 0], [0, 0, 10, 0, 0, 0, 0, 0]]",0.072
3678,0.0,2,"[[0.1, 0.22, 0.11, 0.07, 0.15, 0.15, 0.08], [0.22, 0.14, 0.05, 0.13, 0.2, 0.14, 0.2], [0.02, 0.25, 0.2, 0.08, 0.15, 0.02, 0.07], [0.11, 0.1, 0.17, 0.14, 0.2, 0.08, 0.11]]",0.13,0.22,4,"[0.87, 0.08, 0.02, 0.03]","[[0, 2, 1, 3, 4, 5, 7, 6], [0, 8, 9, 10, 11, 12, 13, 14], [0, 0, 0, 0, 0, 0, 0, 0], [0, 0, 0, 0, 0, 0, 0, 0]]",0.072
3679,0.0,1,"[[0.06, 0.11, 0.17, 0.23, 0.15, 0.14, 0.21], [0.16, 0.17, 0.08, 0.04, 0.07, 0.21, 0.12], [0.2, 0.19, 0.13, 0.12, 0.17, 0.2, 0.16], [0.1, 0.1, 0.12, 0.16, 0.01, 0.17, 0.09]]",0.13,0.2,4,"[0.23, 0.25, 0.3, 0.22]","[[0, 0, 0, 0, 0, 0, 0, 0], [0, 14, 13, 12, 10, 11, 9, 8], [0, 1, 2, 3, 4, 5, 6, 7], [0, 0, 0, 0, 0, 0, 0, 0]]",0.072
3680,0.01,5,"[[0.07, 0.16, 0.11, 0.2, 0.2, 0.19, 0.16], [0.15, 0.22, 0.24, 0.17, 0.18, 0.12, 0.12], [0.11, 0.16, 0.11, 0.12, 0.21, 0.06, 0.16], [0.17, 0.22, 0.15, 0.11, 0.24, 0.11, 0.17]]",0.13,0.24,5,"[0.09, 0.03, 0.01, 0.87]","[[0, 0, 0, 0, 0, 0, 0, 0], [0, 0, 0, 0, 0, 0, 0, 0], [0, 0, 0, 0, 0, 0, 0, 0], [0, 1, 0, 2, 0, 3, 0, 0]]",0.072
3681,0.01,1,"[[0.18, 0.08, 0.14, 0.2, 0.12, 0.1, 0.1], [0.1, 0.05, 0.2, 0.13, 0.11, 0.09, 0.04], [0.15, 0.11, 0.22, 0.09, 0.14, 0.12, 0.12], [0.17, 0.01, 0.14, 0.05, 0.14, 0.07, 0.08]]",0.13,0.17,5,"[0.3, 0.22, 0.27, 0.21]","[[0, 0, 0, 0, 0, 0, 0, 0], [0, 0, 0, 0, 0, 0, 0, 0], [0, 0, 0, 0, 0, 0, 0, 0], [0, 0, 0, 0, 0, 0, 0, 0]]",0.072
3682,0.01,4,"[[0.11, 0.18, 0.17, 0.05, 0.02, 0.11, 0.14], [0.16, 0.12, 0.11, 0.08, 0.11, 0.16, 0.08], [0.12, 0.16, 0.05, 0.23, 0.13, 0.08, 0.03], [0.17, 0.24, 0.1, 0.22, 0.06, 0.14, 0.05]]",0.13,0.23,5,"[0.01, 0.08, 0.86, 0.05]","[[0, 0, 0, 0, 0, 0, 0, 0], [0, 0, 0, 0, 0, 0, 0, 0], [0, 1, 7, 2, 6, 3, 5, 4], [0, 0, 0, 0, 0, 0, 0, 0]]",0.072
3683,0.01,1,"[[0.06, 0.11, 0.17, 0.23, 0.15, 0.14, 0.21], [0.16, 0.17, 0.08, 0.04, 0.07, 0.21, 0.12], [0.2, 0.19, 0.13, 0.12, 0.17, 0.2, 0.16], [0.1, 0.1, 0.12, 0.16, 0.01, 0.17, 0.09]]",0.13,0.2,5,"[0.23, 0.25, 0.3, 0.22]","[[0, 0, 0, 0, 0, 0, 0, 0], [0, 0, 0, 0, 0, 0, 0, 0], [0, 0, 0, 0, 0, 0, 0, 0], [0, 0, 0, 0, 0, 0, 0, 0]]",0.072
3684,0.01,7,"[[0.16, 0.21, 0.19, 0.12, 0.21, 0.05, 0.2], [0.14, 0.1, 0.04, 0.07, 0.08, 0.16, 0.22], [0.03, 0.17, 0.22, 0.13, 0.04, 0.22, 0.12], [0.16, 0.14, 0.16, 0.16, 0.18, 0.13, 0.14]]",0.13,0.2,5,"[0.06, 0.89, 0.04, 0.01]","[[0, 0, 0, 0, 0, 0, 0, 0], [0, 1, 0, 2, 0, 3, 5, 4], [0, 0, 0, 0, 0, 0, 0, 0], [0, 0, 0, 0, 0, 0, 0, 0]]",0.072
3685,0.01,1,"[[0.11, 0.17, 0.16, 0.1, 0.16, 0.08, 0.16], [0.14, 0.11, 0.1, 0.17, 0.15, 0.09, 0.15], [0.18, 0.13, 0.06, 0.09, 0.04, 0.12, 0.18], [0.24, 0.17, 0.23, 0.17, 0.08, 0.13, 0.06]]",0.13,0.11,5,"[0.26, 0.27, 0.3, 0.17]","[[0, 0, 0, 0, 0, 0, 0, 0], [0, 0, 0, 0, 0, 0, 0, 0], [0, 0, 0, 0, 0, 0, 0, 0], [0, 0, 0, 0, 0, 0, 0, 0]]",0.072
3686,0.01,5,"[[0.19, 0.09, 0.13, 0.2, 0.03, 0.17, 0.2], [0.08, 0.14, 0.18, 0.15, 0.19, 0.11, 0.07], [0.15, 0.06, 0.07, 0.11, 0.19, 0.02, 0.14], [0.12, 0.04, 0.06, 0.04, 0.06, 0.19, 0.09]]",0.13,0.19,5,"[0.02, 0.85, 0.05, 0.08]","[[0, 0, 0, 0, 0, 0, 0, 0], [0, 1, 2, 3, 4, 5, 0, 0], [0, 0, 0, 0, 0, 0, 0, 0], [0, 0, 0, 0, 0, 0, 0, 0]]",0.072
3687,0.01,3,"[[0.15, 0.08, 0.16, 0.16, 0.12, 0.04, 0.13], [0.17, 0.17, 0.2, 0.1, 0.06, 0.16, 0.12], [0.04, 0.25, 0.2, 0.11, 0.04, 0.11, 0.24], [0.15, 0.14, 0.05, 0.11, 0.22, 0.22, 0.2]]",0.13,0.2,5,"[0.01, 0.89, 0.09, 0.01]","[[0, 0, 0, 0, 0, 0, 0, 0], [0, 1, 0, 2, 0, 0, 0, 0], [0, 0, 0, 0, 0, 0, 0, 0], [0, 0, 0, 0, 0, 0, 0, 0]]",0.072
3688,0.01,1,"[[0.14, 0.16, 0.16, 0.21, 0.14, 0.04, 0.08], [0.06, 0.2, 0.17, 0.04, 0.15, 0.07, 0.15], [0.13, 0.19, 0.14, 0.02, 0.08, 0.23, 0.1], [0.15, 0.03, 0.13, 0.07, 0.13, 0.07, 0.19]]",0.13,0.14,5,"[0.26, 0.28, 0.24, 0.22]","[[0, 0, 0, 0, 0, 0, 0, 0], [0, 0, 0, 0, 0, 0, 0, 0], [0, 0, 0, 0, 0, 0, 0, 0], [0, 0, 0, 0, 0, 0, 0, 0]]",0.072
3689,0.01,1,"[[0.14, 0.12, 0.08, 0.02, 0.14, 0.19, 0.09], [0.2, 0.01, 0.13, 0.03, 0.11, 0.06, 0.23], [0.19, 0.12, 0.16, 0.15, 0.16, 0.07, 0.21], [0.09, 0.14, 0.24, 0.12, 0.1, 0.2, 0.16]]",0.13,0.09,5,"[0.36, 0.17, 0.12, 0.35]","[[0, 0, 0, 0, 0, 0, 0, 0], [0, 0, 0, 0, 0, 0, 0, 0], [0, 0, 0, 0, 0, 0, 0, 0], [0, 0, 0, 0, 0, 0, 0, 0]]",0.072
3690,0.01,6,"[[2.65, 1.66, 4.12, 6.28, 3.9, 4.24, 8.17], [4.84, 2.23, 5.57, 7.45, 3.35, 5.55, 3.39], [6.15, 3.53, 5.47, 2.82, 6.99, 9.09, 0.79], [2.47, 2.31, 1.36, 3.11, 4.52, 5.21, 3.31]]",5.0,5.21,5,"[0.01, 0.06, 0.02, 0.91]","[[0, 0, 0, 0, 0, 0, 0, 0], [0, 0, 0, 0, 0, 0, 0, 0], [0, 0, 0, 0, 0, 0, 0, 0], [0, 1, 2, 3, 4, 5, 6, 7]]",2.994
3691,0.01,1,"[[8.51, 2.86, 5.22, 3.29, 7.8, 7.12, 2.91], [7.85, 5.63, 4.76, 5.73, 4.36, 4.99, 0.21], [1.1, 2.64, 4.86, 7.57, 7.15, 0.31, 2.34], [6.38, 5.91, 3.08, 6.0, 7.58, 3.85, 6.26]]",5.0,1.1,5,"[0.19, 0.32, 0.23, 0.26]","[[0, 4, 0, 0, 0, 0, 0, 0], [0, 3, 0, 0, 0, 0, 0, 0], [0, 2, 0, 0, 0, 0, 0, 0], [0, 1, 0, 0, 0, 0, 0, 0]]",2.994
3692,0.01,4,"[[3.54, 3.18, 6.26, 3.39, 3.52, 5.47, 1.42], [3.13, 1.91, 7.14, 3.81, 4.58, 6.9, 8.39], [7.48, 1.27, 5.41, 7.63, 6.12, 1.81, 6.34], [6.09, 3.7, 4.25, 4.91, 0.8, 7.46, 7.59]]",5.0,7.63,5,"[0.04, 0.07, 0.88, 0.01]","[[0, 0, 0, 0, 0, 0, 0, 0], [0, 0, 0, 0, 0, 0, 0, 0], [0, 1, 2, 3, 4, 5, 6, 7], [0, 0, 0, 0, 0, 0, 0, 0]]",2.994
3693,0.01,1,"[[2.44, 7.36, 6.46, 5.15, 7.43, 1.32, 0.71], [3.96, 8.36, 4.6, 6.91, 2.69, 5.0, 1.64], [8.24, 5.23, 2.67, 1.92, 6.03, 2.88, 7.54], [1.43, 5.93, 6.77, 1.1, 3.47, 5.78, 6.1]]",5.0,8.24,5,"[0.02, 0.06, 0.89, 0.03]","[[0, 0, 0, 0, 0, 0, 0, 0], [0, 0, 0, 0, 0, 0, 0, 0], [0, 1, 2, 3, 4, 5, 6, 7], [0, 0, 0, 0, 0, 0, 0, 0]]",2.994
3694,0.01,3,"[[5.12, 1.51, 5.2, 6.71, 2.69, 8.45, 7.56], [1.26, 6.81, 6.02, 6.85, 3.83, 2.04, 5.15], [0.77, 1.29, 6.67, 1.6, 1.63, 0.54, 0.89], [4.2, 5.58, 3.29, 3.97, 3.54, 6.37, 4.95]]",5.0,3.29,5,"[0.21, 0.27, 0.19, 0.33]","[[0, 1, 7, 9, 13, 17, 21, 25], [0, 2, 6, 10, 14, 18, 23, 26], [0, 3, 8, 11, 15, 20, 22, 27], [0, 4, 5, 12, 16, 19, 24, 28]]",2.994
3695,0.01,4,"[[7.32, 4.38, 4.99, 7.76, 5.0, 5.94, 2.36], [8.4, 3.61, 8.45, 4.23, 7.02, 4.36, 9.23], [1.69, 3.23, 3.54, 3.86, 3.72, 2.06, 0.61], [7.94, 7.02, 6.73, 4.28, 8.5, 0.13, 2.63]]",5.0,7.76,5,"[0.85, 0.03, 0.11, 0.01]","[[0, 1, 2, 3, 4, 5, 6, 7], [0, 0, 0, 0, 0, 0, 0, 0], [0, 0, 0, 0, 0, 0, 0, 0], [0, 0, 0, 0, 0, 0, 0, 0]]",2.994
3696,0.01,2,"[[3.89, 7.03, 1.42, 3.85, 5.57, 3.85, 2.09], [1.42, 3.42, 3.49, 1.78, 8.76, 8.52, 6.88], [3.98, 7.53, 6.94, 2.68, 5.16, 4.6, 0.82], [7.43, 7.31, 6.36, 5.75, 9.0, 9.88, 3.78]]",5.0,7.03,5,"[0.86, 0.01, 0.02, 0.11]","[[0, 1, 2, 3, 4, 5, 6, 7], [0, 0, 0, 0, 0, 0, 0, 0], [0, 0, 0, 0, 0, 0, 0, 0], [0, 0, 0, 0, 0, 0, 0, 0]]",2.994
3697,0.01,3,"[[5.92, 9.68, 5.15, 2.59, 5.89, 7.38, 2.85], [1.22, 5.64, 6.3, 3.82, 9.13, 6.51, 3.36], [6.72, 1.0, 8.86, 8.25, 8.82, 6.13, 4.12], [7.5, 7.75, 5.39, 3.9, 7.48, 3.23, 1.98]]",5.0,5.15,5,"[0.3, 0.17, 0.24, 0.29]","[[0, 1, 5, 9, 13, 0, 0, 0], [0, 2, 6, 10, 14, 0, 0, 0], [0, 3, 7, 12, 15, 0, 0, 0], [0, 4, 8, 11, 16, 0, 0, 0]]",2.994
3698,0.01,4,"[[1.32, 1.79, 4.74, 6.52, 9.55, 1.49, 3.36], [2.67, 2.3, 3.39, 7.85, 3.89, 7.4, 8.55], [4.18, 0.46, 4.32, 2.27, 3.18, 8.62, 2.94], [6.02, 2.09, 4.16, 3.95, 2.34, 3.36, 2.27]]",5.0,2.27,5,"[0.16, 0.11, 0.34, 0.39]","[[0, 1, 5, 9, 25, 21, 17, 13], [0, 2, 6, 10, 26, 22, 18, 14], [0, 3, 8, 11, 27, 23, 19, 16], [0, 4, 7, 12, 28, 24, 20, 15]]",2.994
3699,0.01,5,"[[3.95, 8.96, 8.28, 6.18, 7.02, 4.65, 4.21], [7.39, 4.82, 4.44, 1.73, 7.35, 9.66, 2.04], [6.67, 2.62, 2.43, 7.24, 6.32, 7.33, 5.82], [4.75, 4.96, 2.68, 1.71, 6.22, 1.58, 9.11]]",5.0,6.22,5,"[0.25, 0.24, 0.28, 0.23]","[[0, 1, 8, 9, 13, 17, 0, 0], [0, 2, 7, 10, 14, 18, 0, 0], [0, 3, 5, 11, 15, 19, 0, 0], [0, 4, 6, 12, 16, 20, 0, 0]]",2.994
3700,0.0,6,"[[0.11, 0.13, 0.2, 0.15, 0.12, 0.07, 0.12], [0.17, 0.14, 0.08, 0.03, 0.14, 0.12, 0.21], [0.15, 0.05, 0.06, 0.08, 0.07, 0.16, 0.13], [0.11, 0.11, 0.13, 0.18, 0.08, 0.12, 0.15]]",0.13,0.12,6,"[0.11, 0.38, 0.34, 0.17]","[[0, 0, 10, 0, 0, 0, 0, 0], [0, 7, 1, 2, 3, 4, 5, 6], [0, 17, 8, 18, 19, 20, 22, 21], [0, 16, 9, 12, 11, 13, 14, 15]]",0.072
3701,0.0,4,"[[0.22, 0.12, 0.18, 0.2, 0.04, 0.04, 0.16], [0.19, 0.18, 0.17, 0.17, 0.18, 0.2, 0.15], [0.03, 0.13, 0.18, 0.12, 0.17, 0.16, 0.08], [0.21, 0.09, 0.16, 0.11, 0.25, 0.1, 0.16]]",0.13,0.2,6,"[0.34, 0.12, 0.22, 0.32]","[[0, 10, 20, 19, 18, 21, 22, 23], [0, 9, 0, 0, 17, 0, 0, 0], [0, 8, 11, 12, 13, 14, 15, 16], [0, 1, 2, 3, 4, 5, 6, 7]]",0.072
3702,0.0,3,"[[0.15, 0.08, 0.16, 0.16, 0.12, 0.04, 0.13], [0.17, 0.17, 0.2, 0.1, 0.06, 0.16, 0.12], [0.04, 0.25, 0.2, 0.11, 0.04, 0.11, 0.24], [0.15, 0.14, 0.05, 0.11, 0.22, 0.22, 0.2]]",0.13,0.2,6,"[0.01, 0.89, 0.09, 0.01]","[[0, 1, 0, 12, 0, 0, 0, 0], [0, 2, 5, 6, 7, 8, 9, 10], [0, 4, 14, 11, 15, 18, 16, 19], [0, 3, 0, 13, 0, 0, 0, 17]]",0.072
3703,0.0,2,"[[0.15, 0.08, 0.15, 0.12, 0.15, 0.08, 0.22], [0.12, 0.2, 0.22, 0.16, 0.25, 0.12, 0.11], [0.19, 0.22, 0.15, 0.08, 0.12, 0.14, 0.2], [0.21, 0.16, 0.09, 0.16, 0.22, 0.15, 0.19]]",0.13,0.22,6,"[0.05, 0.07, 0.86, 0.02]","[[0, 0, 10, 0, 0, 0, 0, 12], [0, 0, 8, 0, 0, 0, 0, 9], [0, 1, 2, 3, 4, 5, 6, 7], [0, 0, 11, 0, 0, 0, 0, 13]]",0.072
3704,0.0,4,"[[0.11, 0.18, 0.17, 0.05, 0.02, 0.11, 0.14], [0.16, 0.12, 0.11, 0.08, 0.11, 0.16, 0.08], [0.12, 0.16, 0.05, 0.23, 0.13, 0.08, 0.03], [0.17, 0.24, 0.1, 0.22, 0.06, 0.14, 0.05]]",0.13,0.23,6,"[0.01, 0.08, 0.86, 0.05]","[[0, 0, 0, 0, 9, 0, 0, 0], [0, 0, 0, 0, 8, 0, 0, 0], [0, 1, 2, 3, 4, 5, 6, 7], [0, 0, 0, 0, 10, 0, 0, 0]]",0.072
3705,0.0,5,"[[0.15, 0.17, 0.12, 0.06, 0.06, 0.22, 0.15], [0.19, 0.17, 0.21, 0.18, 0.06, 0.19, 0.04], [0.07, 0.13, 0.08, 0.09, 0.18, 0.11, 0.12], [0.16, 0.1, 0.02, 0.11, 0.21, 0.13, 0.19]]",0.13,0.21,6,"[0.09, 0.05, 0.01, 0.85]","[[0, 0, 0, 0, 0, 9, 0, 0], [0, 0, 0, 0, 0, 8, 0, 0], [0, 0, 0, 0, 0, 0, 0, 0], [0, 1, 2, 3, 4, 5, 6, 7]]",0.072
3706,0.0,2,"[[0.06, 0.22, 0.11, 0.12, 0.13, 0.09, 0.18], [0.2, 0.17, 0.05, 0.09, 0.17, 0.16, 0.24], [0.14, 0.03, 0.23, 0.14, 0.04, 0.13, 0.18], [0.16, 0.1, 0.17, 0.16, 0.14, 0.04, 0.05]]",0.13,0.03,6,"[0.87, 0.02, 0.1, 0.01]","[[0, 1, 2, 3, 4, 5, 6, 7], [0, 0, 0, 0, 0, 0, 0, 0], [0, 0, 0, 0, 0, 0, 0, 0], [0, 0, 0, 0, 0, 0, 0, 0]]",0.072
3707,0.0,2,"[[0.12, 0.13, 0.12, 0.14, 0.05, 0.1, 0.25], [0.16, 0.2, 0.2, 0.14, 0.09, 0.17, 0.09], [0.11, 0.12, 0.11, 0.11, 0.08, 0.05, 0.17], [0.19, 0.2, 0.07, 0.21, 0.07, 0.13, 0.2]]",0.13,0.12,6,"[0.17, 0.35, 0.31, 0.17]","[[0, 16, 15, 0, 0, 0, 0, 0], [0, 1, 3, 5, 7, 9, 11, 13], [0, 2, 4, 6, 8, 10, 12, 14], [0, 18, 17, 0, 0, 0, 0, 0]]",0.072
3708,0.0,2,"[[0.14, 0.07, 0.05, 0.18, 0.03, 0.01, 0.18], [0.19, 0.23, 0.07, 0.1, 0.08, 0.19, 0.2], [0.17, 0.24, 0.03, 0.21, 0.19, 0.07, 0.21], [0.14, 0.09, 0.21, 0.08, 0.19, 0.05, 0.09]]",0.13,0.24,6,"[0.15, 0.26, 0.26, 0.33]","[[0, 11, 10, 0, 0, 19, 0, 0], [0, 1, 4, 7, 0, 18, 0, 0], [0, 2, 5, 8, 16, 17, 0, 0], [0, 3, 6, 9, 12, 13, 14, 15]]",0.072
3709,0.0,1,"[[0.11, 0.17, 0.16, 0.1, 0.16, 0.08, 0.16], [0.14, 0.11, 0.1, 0.17, 0.15, 0.09, 0.15], [0.18, 0.13, 0.06, 0.09, 0.04, 0.12, 0.18], [0.24, 0.17, 0.23, 0.17, 0.08, 0.13, 0.06]]",0.13,0.14,6,"[0.26, 0.27, 0.3, 0.17]","[[0, 9, 0, 0, 0, 0, 0, 0], [0, 8, 0, 0, 0, 0, 0, 0], [0, 1, 2, 3, 4, 5, 6, 7], [0, 10, 0, 0, 0, 0, 0, 0]]",0.072
3710,0.0,2,"[[3.89, 7.03, 1.42, 3.85, 5.57, 3.85, 2.09], [1.42, 3.42, 3.49, 1.78, 8.76, 8.52, 6.88], [3.98, 7.53, 6.94, 2.68, 5.16, 4.6, 0.82], [7.43, 7.31, 6.36, 5.75, 9.0, 9.88, 3.78]]",5.0,7.03,6,"[0.86, 0.01, 0.02, 0.11]","[[0, 1, 2, 3, 4, 5, 6, 7], [0, 0, 8, 0, 0, 0, 0, 0], [0, 0, 9, 0, 0, 0, 0, 0], [0, 0, 10, 0, 0, 0, 0, 0]]",2.994
3711,0.0,6,"[[3.55, 2.94, 0.08, 3.13, 2.15, 9.59, 4.77], [4.35, 5.83, 1.82, 2.79, 3.6, 4.35, 6.66], [4.91, 4.62, 9.06, 2.02, 4.04, 2.21, 7.62], [0.78, 5.9, 1.77, 4.45, 7.63, 4.39, 2.86]]",5.0,4.39,6,"[0.34, 0.11, 0.27, 0.28]","[[0, 1, 2, 3, 4, 5, 6, 7], [0, 0, 0, 0, 0, 0, 8, 0], [0, 13, 12, 15, 17, 19, 9, 21], [0, 14, 11, 16, 18, 20, 10, 22]]",2.994
3712,0.0,1,"[[4.36, 8.7, 5.94, 4.41, 8.37, 5.83, 0.58], [9.58, 2.24, 8.49, 4.24, 4.63, 4.53, 5.29], [6.08, 4.31, 5.59, 3.3, 3.91, 4.21, 4.74], [9.25, 5.33, 1.67, 7.75, 5.64, 2.81, 3.02]]",5.0,9.58,6,"[0.31, 0.27, 0.14, 0.28]","[[0, 6, 0, 0, 0, 0, 0, 0], [0, 5, 0, 0, 0, 0, 0, 0], [0, 4, 0, 0, 0, 0, 0, 0], [0, 1, 2, 3, 0, 0, 0, 0]]",2.994
3713,0.0,7,"[[2.67, 1.86, 1.79, 5.75, 3.59, 3.3, 1.49], [1.18, 8.77, 6.89, 4.16, 3.25, 3.0, 9.34], [1.75, 2.03, 4.01, 8.67, 5.48, 1.04, 6.3], [4.37, 0.5, 5.19, 4.46, 0.43, 0.13, 6.06]]",5.0,6.06,6,"[0.24, 0.23, 0.24, 0.29]","[[0, 0, 18, 0, 15, 0, 0, 23], [0, 0, 16, 17, 14, 19, 21, 20], [0, 8, 9, 10, 11, 12, 13, 22], [0, 1, 2, 4, 3, 5, 6, 7]]",2.994
3714,0.0,1,"[[7.17, 3.46, 5.58, 3.93, 3.7, 2.49, 5.53], [9.77, 5.93, 5.47, 2.25, 8.04, 7.17, 0.39], [7.48, 1.53, 5.91, 7.74, 1.59, 6.73, 3.86], [5.1, 6.8, 2.11, 7.09, 7.57, 6.62, 8.34]]",5.0,7.17,6,"[0.88, 0.05, 0.05, 0.02]","[[0, 1, 2, 4, 3, 5, 6, 7], [0, 0, 0, 0, 0, 0, 0, 0], [0, 0, 0, 0, 0, 0, 0, 0], [0, 0, 0, 0, 0, 0, 0, 0]]",2.994
3715,0.0,3,"[[7.29, 4.26, 4.93, 3.96, 3.34, 8.54, 6.49], [0.79, 3.44, 2.71, 8.71, 2.86, 7.09, 3.94], [9.61, 8.74, 7.3, 3.82, 1.83, 1.17, 5.37], [2.04, 1.98, 8.39, 1.63, 1.8, 1.97, 7.71]]",5.0,4.93,6,"[0.21, 0.28, 0.29, 0.22]","[[0, 0, 0, 11, 0, 0, 0, 0], [0, 6, 7, 10, 15, 17, 19, 21], [0, 1, 2, 3, 8, 12, 13, 14], [0, 4, 5, 9, 16, 18, 20, 22]]",2.994
3716,0.0,3,"[[6.19, 1.85, 1.16, 4.28, 2.66, 3.25, 7.93], [4.16, 3.03, 5.34, 3.93, 5.82, 4.05, 2.14], [6.53, 8.89, 6.73, 7.28, 2.75, 0.6, 4.09], [4.95, 6.55, 6.81, 6.9, 1.07, 2.2, 5.26]]",5.0,5.34,6,"[0.03, 0.86, 0.04, 0.07]","[[0, 0, 0, 10, 0, 13, 0, 0], [0, 1, 3, 2, 4, 5, 6, 7], [0, 0, 0, 8, 0, 11, 0, 0], [0, 0, 0, 9, 0, 12, 0, 0]]",2.994
3717,0.0,1,"[[5.93, 4.61, 6.44, 6.58, 0.77, 6.66, 0.58], [1.24, 4.91, 5.63, 0.45, 3.38, 4.94, 3.12], [7.83, 1.4, 2.04, 7.87, 6.09, 6.31, 5.4], [6.34, 6.33, 4.75, 6.81, 8.3, 6.3, 9.27]]",5.0,7.83,6,"[0.01, 0.1, 0.87, 0.02]","[[0, 12, 0, 0, 13, 0, 0, 0], [0, 10, 0, 0, 8, 0, 0, 0], [0, 1, 3, 2, 4, 5, 6, 7], [0, 11, 0, 0, 9, 0, 0, 0]]",2.994
3718,0.0,4,"[[5.11, 2.17, 0.1, 9.47, 2.73, 6.4, 3.36], [4.31, 7.26, 6.36, 8.48, 2.98, 4.68, 5.77], [8.38, 2.0, 6.14, 7.53, 4.7, 1.99, 1.53], [7.09, 5.94, 3.03, 5.37, 2.51, 3.9, 2.79]]",5.0,9.47,6,"[0.31, 0.35, 0.15, 0.19]","[[0, 0, 0, 0, 10, 0, 0, 0], [0, 1, 2, 3, 4, 5, 7, 6], [0, 0, 0, 0, 8, 0, 0, 0], [0, 0, 0, 0, 9, 0, 0, 0]]",2.994
3719,0.0,5,"[[0.95, 2.78, 3.25, 5.38, 7.09, 3.77, 4.83], [7.13, 8.96, 5.39, 2.27, 8.34, 7.96, 4.55], [9.77, 5.61, 8.97, 8.09, 6.52, 2.37, 9.08], [8.52, 1.84, 1.06, 3.62, 0.7, 3.27, 0.14]]",5.0,7.09,6,"[0.85, 0.07, 0.07, 0.01]","[[0, 1, 2, 3, 4, 5, 6, 7], [0, 0, 0, 0, 0, 0, 0, 0], [0, 0, 0, 0, 0, 0, 0, 0], [0, 0, 0, 0, 0, 0, 0, 0]]",2.994
3720,0.0,7,"[[0.17, 0.04, 0.18, 0.09, 0.04, 0.16, 0.22], [0.22, 0.14, 0.04, 0.11, 0.04, 0.23, 0.13], [0.09, 0.1, 0.01, 0.06, 0.15, 0.17, 0.05], [0.04, 0.06, 0.1, 0.03, 0.1, 0.03, 0.15]]",0.13,0.22,7,"[0.35, 0.15, 0.13, 0.37]","[[0, 16, 9, 8, 1, 17, 23, 24], [0, 15, 10, 7, 2, 18, 22, 25], [0, 14, 11, 6, 3, 19, 21, 26], [0, 13, 12, 5, 4, 28, 20, 27]]",0.072
3721,0.0,3,"[[0.16, 0.11, 0.08, 0.09, 0.11, 0.11, 0.06], [0.14, 0.14, 0.15, 0.18, 0.2, 0.23, 0.09], [0.09, 0.18, 0.2, 0.13, 0.05, 0.16, 0.07], [0.08, 0.02, 0.16, 0.15, 0.1, 0.09, 0.12]]",0.13,0.08,7,"[0.08, 0.02, 0.89, 0.01]","[[0, 27, 21, 20, 13, 12, 1, 7], [0, 26, 22, 19, 14, 11, 2, 6], [0, 25, 23, 18, 15, 10, 3, 5], [0, 24, 28, 17, 16, 9, 8, 4]]",0.072
3722,0.0,5,"[[0.19, 0.09, 0.13, 0.2, 0.03, 0.17, 0.2], [0.08, 0.14, 0.18, 0.15, 0.19, 0.11, 0.07], [0.15, 0.06, 0.07, 0.11, 0.19, 0.02, 0.14], [0.12, 0.04, 0.06, 0.04, 0.06, 0.19, 0.09]]",0.13,0.06,7,"[0.02, 0.85, 0.05, 0.08]","[[0, 1, 28, 27, 26, 25, 24, 23], [0, 2, 4, 5, 6, 7, 8, 9], [0, 3, 15, 14, 13, 12, 11, 10], [0, 17, 16, 18, 19, 20, 21, 22]]",0.072
3723,0.0,4,"[[0.21, 0.14, 0.05, 0.18, 0.12, 0.1, 0.15], [0.03, 0.07, 0.04, 0.14, 0.13, 0.15, 0.2], [0.05, 0.14, 0.08, 0.16, 0.04, 0.13, 0.08], [0.19, 0.12, 0.09, 0.06, 0.18, 0.05, 0.09]]",0.13,0.16,7,"[0.01, 0.02, 0.88, 0.09]","[[0, 1, 2, 3, 4, 5, 6, 7], [0, 22, 23, 24, 25, 26, 28, 27], [0, 8, 11, 9, 10, 12, 13, 14], [0, 20, 19, 21, 18, 17, 16, 15]]",0.072
3724,0.0,7,"[[0.21, 0.18, 0.18, 0.07, 0.17, 0.09, 0.08], [0.07, 0.09, 0.01, 0.16, 0.02, 0.06, 0.25], [0.21, 0.16, 0.24, 0.08, 0.24, 0.16, 0.09], [0.17, 0.08, 0.18, 0.24, 0.11, 0.09, 0.22]]",0.13,0.09,7,"[0.21, 0.27, 0.2, 0.32]","[[0, 1, 2, 3, 4, 5, 6, 7], [0, 14, 13, 12, 11, 10, 9, 8], [0, 15, 16, 20, 21, 23, 26, 27], [0, 17, 18, 19, 22, 24, 25, 28]]",0.072
3725,0.0,6,"[[0.14, 0.12, 0.08, 0.02, 0.14, 0.19, 0.09], [0.2, 0.01, 0.13, 0.03, 0.11, 0.06, 0.23], [0.19, 0.12, 0.16, 0.15, 0.16, 0.07, 0.21], [0.09, 0.14, 0.24, 0.12, 0.1, 0.2, 0.16]]",0.13,0.06,7,"[0.36, 0.17, 0.12, 0.35]","[[0, 1, 18, 19, 22, 23, 26, 27], [0, 2, 17, 20, 21, 25, 24, 28], [0, 3, 16, 15, 14, 13, 12, 11], [0, 4, 5, 6, 7, 9, 8, 10]]",0.072
3726,0.0,3,"[[0.12, 0.04, 0.15, 0.03, 0.12, 0.21, 0.16], [0.15, 0.15, 0.1, 0.11, 0.22, 0.11, 0.06], [0.06, 0.07, 0.19, 0.11, 0.05, 0.07, 0.16], [0.05, 0.12, 0.14, 0.09, 0.12, 0.13, 0.02]]",0.13,0.19,7,"[0.04, 0.05, 0.89, 0.02]","[[0, 1, 8, 10, 16, 17, 24, 25], [0, 2, 7, 9, 15, 19, 23, 26], [0, 3, 6, 11, 14, 18, 22, 27], [0, 4, 5, 12, 13, 20, 21, 28]]",0.072
3727,0.0,3,"[[0.15, 0.08, 0.16, 0.16, 0.12, 0.04, 0.13], [0.17, 0.17, 0.2, 0.1, 0.06, 0.16, 0.12], [0.04, 0.25, 0.2, 0.11, 0.04, 0.11, 0.24], [0.15, 0.14, 0.05, 0.11, 0.22, 0.22, 0.2]]",0.13,0.2,7,"[0.01, 0.89, 0.09, 0.01]","[[0, 2, 8, 9, 15, 20, 21, 28], [0, 4, 1, 10, 14, 19, 23, 27], [0, 3, 7, 12, 13, 18, 22, 26], [0, 5, 6, 11, 16, 17, 24, 25]]",0.072
3728,0.0,7,"[[0.07, 0.07, 0.17, 0.05, 0.08, 0.18, 0.15], [0.19, 0.17, 0.06, 0.13, 0.2, 0.13, 0.2], [0.08, 0.18, 0.04, 0.21, 0.15, 0.15, 0.18], [0.06, 0.08, 0.09, 0.02, 0.12, 0.19, 0.09]]",0.13,0.18,7,"[0.31, 0.27, 0.19, 0.23]","[[0, 1, 7, 12, 13, 20, 21, 28], [0, 2, 6, 11, 14, 19, 22, 27], [0, 4, 5, 10, 15, 17, 23, 26], [0, 3, 8, 9, 16, 18, 24, 25]]",0.072
3729,0.0,1,"[[0.08, 0.08, 0.03, 0.08, 0.06, 0.11, 0.11], [0.21, 0.12, 0.16, 0.16, 0.17, 0.12, 0.08], [0.24, 0.22, 0.1, 0.12, 0.06, 0.2, 0.05], [0.13, 0.19, 0.1, 0.18, 0.14, 0.09, 0.16]]",0.13,0.24,7,"[0.12, 0.34, 0.21, 0.33]","[[0, 2, 1, 12, 13, 20, 22, 28], [0, 3, 4, 11, 15, 19, 21, 27], [0, 5, 6, 10, 14, 18, 23, 26], [0, 8, 7, 9, 17, 16, 24, 25]]",0.072
3730,0.0,1,"[[0.94, 9.58, 9.58, 1.68, 3.99, 3.26, 9.98], [7.2, 6.69, 3.6, 6.35, 1.28, 0.52, 9.84], [4.59, 4.33, 3.41, 2.69, 0.89, 3.28, 2.91], [7.61, 5.48, 8.81, 6.78, 0.6, 7.91, 3.87]]",5.0,7.61,7,"[0.01, 0.89, 0.08, 0.02]","[[0, 1, 7, 12, 13, 20, 21, 28], [0, 2, 6, 11, 14, 19, 22, 27], [0, 3, 5, 10, 15, 18, 23, 26], [0, 4, 8, 9, 16, 17, 24, 25]]",2.994
3731,0.0,5,"[[4.41, 7.98, 5.03, 0.94, 6.07, 7.96, 3.08], [7.18, 6.38, 1.11, 4.77, 7.21, 4.82, 4.9], [5.63, 7.2, 7.79, 1.19, 2.56, 6.05, 3.13], [2.67, 2.05, 5.91, 4.15, 9.55, 4.46, 9.22]]",5.0,9.55,7,"[0.04, 0.02, 0.05, 0.89]","[[0, 1, 8, 9, 16, 17, 24, 25], [0, 2, 7, 10, 15, 18, 23, 26], [0, 3, 6, 11, 14, 19, 22, 27], [0, 4, 5, 12, 13, 20, 21, 28]]",2.994
3732,0.0,7,"[[2.67, 1.86, 1.79, 5.75, 3.59, 3.3, 1.49], [1.18, 8.77, 6.89, 4.16, 3.25, 3.0, 9.34], [1.75, 2.03, 4.01, 8.67, 5.48, 1.04, 6.3], [4.37, 0.5, 5.19, 4.46, 0.43, 0.13, 6.06]]",5.0,1.49,7,"[0.24, 0.23, 0.24, 0.29]","[[0, 1, 9, 10, 16, 17, 24, 25], [0, 3, 8, 11, 14, 18, 23, 26], [0, 2, 7, 12, 15, 19, 22, 27], [0, 4, 6, 5, 13, 20, 21, 28]]",2.994
3733,0.0,3,"[[5.12, 1.51, 5.2, 6.71, 2.69, 8.45, 7.56], [1.26, 6.81, 6.02, 6.85, 3.83, 2.04, 5.15], [0.77, 1.29, 6.67, 1.6, 1.63, 0.54, 0.89], [4.2, 5.58, 3.29, 3.97, 3.54, 6.37, 4.95]]",5.0,3.29,7,"[0.21, 0.27, 0.19, 0.33]","[[0, 1, 8, 9, 15, 20, 21, 28], [0, 2, 7, 10, 14, 19, 23, 27], [0, 3, 6, 11, 13, 18, 22, 26], [0, 4, 5, 16, 12, 17, 24, 25]]",2.994
3734,0.0,7,"[[7.29, 4.26, 4.93, 3.96, 3.34, 8.54, 6.49], [0.79, 3.44, 2.71, 8.71, 2.86, 7.09, 3.94], [9.61, 8.74, 7.3, 3.82, 1.83, 1.17, 5.37], [2.04, 1.98, 8.39, 1.63, 1.8, 1.97, 7.71]]",5.0,5.37,7,"[0.21, 0.28, 0.29, 0.22]","[[0, 1, 7, 12, 13, 20, 21, 28], [0, 2, 6, 11, 14, 19, 22, 27], [0, 3, 5, 10, 16, 18, 23, 26], [0, 4, 8, 9, 17, 15, 24, 25]]",2.994
3735,0.0,2,"[[7.11, 5.78, 4.85, 4.33, 7.33, 7.89, 5.26], [5.95, 7.87, 3.44, 7.0, 6.97, 5.22, 6.26], [3.72, 9.35, 7.04, 6.38, 7.42, 6.47, 5.89], [5.94, 4.84, 1.39, 4.52, 3.41, 2.82, 3.73]]",5.0,9.35,7,"[0.33, 0.2, 0.24, 0.23]","[[0, 3, 8, 9, 16, 17, 24, 25], [0, 2, 6, 10, 15, 18, 23, 26], [0, 1, 7, 11, 14, 19, 22, 27], [0, 4, 5, 12, 13, 20, 21, 28]]",2.994
3736,0.0,1,"[[7.17, 3.46, 5.58, 3.93, 3.7, 2.49, 5.53], [9.77, 5.93, 5.47, 2.25, 8.04, 7.17, 0.39], [7.48, 1.53, 5.91, 7.74, 1.59, 6.73, 3.86], [5.1, 6.8, 2.11, 7.09, 7.57, 6.62, 8.34]]",5.0,7.17,7,"[0.88, 0.05, 0.05, 0.02]","[[0, 1, 8, 9, 16, 17, 24, 25], [0, 2, 7, 11, 15, 18, 23, 26], [0, 4, 6, 10, 14, 20, 22, 27], [0, 3, 5, 12, 13, 19, 21, 28]]",2.994
3737,0.0,5,"[[7.74, 3.22, 6.43, 3.71, 7.81, 4.87, 5.0], [6.79, 7.24, 2.38, 4.86, 3.87, 6.17, 4.92], [3.15, 9.58, 2.44, 5.2, 8.45, 2.58, 2.29], [4.2, 1.81, 5.9, 9.47, 8.69, 2.45, 6.94]]",5.0,8.69,7,"[0.15, 0.38, 0.14, 0.33]","[[0, 1, 8, 9, 16, 17, 21, 28], [0, 2, 7, 11, 15, 20, 23, 27], [0, 3, 6, 10, 14, 18, 22, 26], [0, 4, 5, 12, 13, 19, 25, 24]]",2.994
3738,0.0,7,"[[3.54, 3.18, 6.26, 3.39, 3.52, 5.47, 1.42], [3.13, 1.91, 7.14, 3.81, 4.58, 6.9, 8.39], [7.48, 1.27, 5.41, 7.63, 6.12, 1.81, 6.34], [6.09, 3.7, 4.25, 4.91, 0.8, 7.46, 7.59]]",5.0,6.34,7,"[0.04, 0.07, 0.88, 0.01]","[[0, 2, 1, 12, 13, 20, 21, 28], [0, 6, 3, 11, 14, 19, 23, 27], [0, 5, 4, 10, 16, 18, 22, 26], [0, 7, 8, 9, 15, 17, 24, 25]]",2.994
3739,0.0,5,"[[7.04, 7.27, 1.99, 4.87, 6.53, 6.34, 1.47], [5.29, 2.16, 9.06, 4.67, 7.92, 5.41, 7.56], [6.95, 5.35, 1.7, 4.81, 6.84, 1.21, 8.92], [6.63, 5.53, 4.35, 1.42, 5.69, 5.92, 4.12]]",5.0,7.92,7,"[0.07, 0.87, 0.03, 0.03]","[[0, 1, 8, 9, 16, 18, 24, 25], [0, 2, 7, 10, 15, 17, 23, 28], [0, 3, 6, 11, 14, 19, 21, 26], [0, 4, 5, 13, 12, 20, 22, 27]]",2.994
3740,0.01,2,"[[0.14, 0.16, 0.16, 0.21, 0.14, 0.04, 0.08], [0.06, 0.2, 0.17, 0.04, 0.15, 0.07, 0.15], [0.13, 0.19, 0.14, 0.02, 0.08, 0.23, 0.1], [0.15, 0.03, 0.13, 0.07, 0.13, 0.07, 0.19]]",0.13,0.03,8,"[0.26, 0.28, 0.24, 0.22]","[[0, 0, 0, 0, 0, 3, 0, 0], [0, 0, 2, 0, 0, 0, 0, 0], [0, 0, 0, 4, 0, 0, 0, 0], [0, 0, 0, 0, 1, 0, 0, 0]]",0.072
3741,0.01,4,"[[0.21, 0.18, 0.18, 0.07, 0.17, 0.09, 0.08], [0.07, 0.09, 0.01, 0.16, 0.02, 0.06, 0.25], [0.21, 0.16, 0.24, 0.08, 0.24, 0.16, 0.09], [0.17, 0.08, 0.18, 0.24, 0.11, 0.09, 0.22]]",0.13,0.07,8,"[0.21, 0.27, 0.2, 0.32]","[[0, 0, 0, 0, 1, 0, 0, 0], [0, 0, 0, 0, 2, 0, 0, 0], [0, 0, 0, 0, 3, 0, 0, 0], [0, 0, 0, 0, 4, 0, 0, 0]]",0.072
3742,0.01,6,"[[0.1, 0.1, 0.17, 0.08, 0.04, 0.09, 0.12], [0.18, 0.07, 0.12, 0.15, 0.14, 0.22, 0.18], [0.17, 0.02, 0.06, 0.16, 0.1, 0.2, 0.19], [0.23, 0.18, 0.17, 0.22, 0.21, 0.09, 0.19]]",0.13,0.09,8,"[0.21, 0.32, 0.34, 0.13]","[[0, 0, 0, 0, 0, 0, 2, 0], [0, 0, 0, 0, 0, 0, 1, 0], [0, 0, 0, 0, 0, 0, 3, 0], [0, 0, 0, 0, 0, 0, 4, 0]]",0.072
3743,0.01,7,"[[0.08, 0.23, 0.16, 0.14, 0.22, 0.12, 0.2], [0.17, 0.2, 0.03, 0.17, 0.21, 0.17, 0.07], [0.08, 0.2, 0.14, 0.22, 0.1, 0.13, 0.17], [0.07, 0.12, 0.01, 0.11, 0.05, 0.12, 0.17]]",0.13,0.2,8,"[0.86, 0.03, 0.04, 0.07]","[[0, 0, 0, 0, 0, 0, 0, 1], [0, 0, 0, 0, 0, 0, 0, 0], [0, 0, 0, 0, 0, 0, 0, 0], [0, 0, 0, 0, 0, 0, 0, 0]]",0.072
3744,0.01,7,"[[0.08, 0.23, 0.11, 0.15, 0.14, 0.16, 0.07], [0.19, 0.17, 0.09, 0.16, 0.14, 0.09, 0.03], [0.13, 0.11, 0.24, 0.17, 0.14, 0.06, 0.15], [0.09, 0.17, 0.09, 0.17, 0.19, 0.1, 0.17]]",0.13,0.17,8,"[0.01, 0.02, 0.11, 0.86]","[[0, 0, 0, 0, 0, 0, 0, 0], [0, 0, 0, 0, 0, 0, 0, 0], [0, 0, 0, 0, 0, 0, 0, 0], [0, 0, 0, 0, 0, 0, 0, 1]]",0.072
3745,0.01,6,"[[0.1, 0.22, 0.11, 0.07, 0.15, 0.15, 0.08], [0.22, 0.14, 0.05, 0.13, 0.2, 0.14, 0.2], [0.02, 0.25, 0.2, 0.08, 0.15, 0.02, 0.07], [0.11, 0.1, 0.17, 0.14, 0.2, 0.08, 0.11]]",0.13,0.15,8,"[0.87, 0.08, 0.02, 0.03]","[[0, 0, 0, 0, 0, 3, 2, 1], [0, 0, 0, 0, 0, 0, 0, 0], [0, 0, 0, 0, 0, 0, 0, 0], [0, 0, 0, 0, 0, 0, 0, 0]]",0.072
3746,0.01,7,"[[0.04, 0.14, 0.09, 0.06, 0.18, 0.1, 0.07], [0.09, 0.13, 0.01, 0.23, 0.07, 0.19, 0.05], [0.08, 0.2, 0.08, 0.21, 0.07, 0.04, 0.22], [0.12, 0.1, 0.09, 0.18, 0.18, 0.04, 0.15]]",0.13,0.15,8,"[0.05, 0.03, 0.07, 0.85]","[[0, 0, 0, 0, 0, 0, 0, 0], [0, 0, 0, 0, 0, 0, 0, 0], [0, 0, 0, 0, 0, 0, 0, 0], [0, 0, 0, 0, 0, 0, 2, 1]]",0.072
3747,0.01,7,"[[0.1, 0.1, 0.03, 0.13, 0.2, 0.08, 0.11], [0.08, 0.05, 0.11, 0.15, 0.22, 0.2, 0.17], [0.16, 0.24, 0.08, 0.04, 0.05, 0.19, 0.14], [0.1, 0.18, 0.15, 0.14, 0.18, 0.07, 0.19]]",0.13,0.14,8,"[0.36, 0.26, 0.19, 0.19]","[[0, 0, 0, 0, 0, 0, 0, 1], [0, 0, 0, 0, 0, 0, 0, 2], [0, 0, 0, 0, 0, 0, 0, 0], [0, 0, 0, 0, 0, 0, 0, 0]]",0.072
3748,0.01,4,"[[0.11, 0.18, 0.17, 0.05, 0.02, 0.11, 0.14], [0.16, 0.12, 0.11, 0.08, 0.11, 0.16, 0.08], [0.12, 0.16, 0.05, 0.23, 0.13, 0.08, 0.03], [0.17, 0.24, 0.1, 0.22, 0.06, 0.14, 0.05]]",0.13,0.23,8,"[0.01, 0.08, 0.86, 0.05]","[[0, 0, 0, 0, 0, 0, 0, 0], [0, 0, 0, 0, 0, 0, 0, 0], [0, 0, 0, 0, 4, 3, 2, 1], [0, 0, 0, 0, 0, 0, 0, 0]]",0.072
3749,0.01,7,"[[0.11, 0.22, 0.08, 0.2, 0.14, 0.03, 0.13], [0.17, 0.02, 0.02, 0.09, 0.21, 0.16, 0.15], [0.09, 0.18, 0.16, 0.17, 0.05, 0.09, 0.1], [0.18, 0.05, 0.09, 0.19, 0.24, 0.18, 0.12]]",0.13,0.15,8,"[0.33, 0.18, 0.11, 0.38]","[[0, 0, 0, 0, 0, 0, 0, 1], [0, 0, 0, 0, 0, 0, 0, 0], [0, 0, 0, 0, 0, 0, 0, 0], [0, 0, 0, 0, 0, 0, 0, 2]]",0.072
3750,0.01,5,"[[3.25, 0.97, 8.64, 8.18, 2.13, 6.22, 0.77], [5.88, 7.57, 5.25, 3.43, 6.13, 3.52, 3.61], [5.54, 4.65, 8.68, 9.8, 7.31, 3.42, 4.37], [7.14, 2.83, 7.59, 3.91, 6.6, 1.41, 1.96]]",5.0,6.6,8,"[0.06, 0.03, 0.01, 0.9]","[[0, 0, 0, 0, 0, 0, 0, 0], [0, 0, 0, 0, 0, 0, 0, 0], [0, 0, 0, 0, 0, 0, 0, 0], [0, 0, 0, 0, 4, 3, 2, 1]]",2.994
3751,0.01,7,"[[5.28, 9.9, 6.81, 1.61, 2.79, 8.92, 6.09], [3.46, 6.68, 6.44, 3.71, 3.55, 0.25, 8.07], [6.52, 2.17, 8.0, 8.5, 5.35, 1.81, 3.32], [5.89, 1.86, 6.44, 5.29, 3.29, 8.96, 7.12]]",5.0,7.12,8,"[0.23, 0.3, 0.24, 0.23]","[[0, 0, 0, 0, 0, 0, 0, 4], [0, 0, 0, 0, 0, 0, 0, 1], [0, 0, 0, 0, 0, 0, 0, 3], [0, 0, 0, 0, 0, 0, 0, 2]]",2.994
3752,0.01,7,"[[1.92, 6.77, 0.18, 0.58, 7.09, 4.34, 4.61], [2.63, 2.6, 4.89, 2.52, 8.42, 2.23, 4.37], [6.54, 7.27, 4.71, 3.86, 8.83, 4.81, 5.31], [5.47, 8.91, 3.37, 8.65, 6.85, 1.47, 5.12]]",5.0,5.31,8,"[0.31, 0.2, 0.17, 0.32]","[[0, 0, 0, 0, 0, 0, 0, 4], [0, 10, 9, 8, 7, 6, 5, 3], [0, 0, 0, 0, 0, 0, 12, 2], [0, 0, 0, 0, 0, 0, 11, 1]]",2.994
3753,0.01,3,"[[3.74, 4.35, 1.03, 5.02, 2.48, 7.72, 3.91], [9.52, 3.82, 4.46, 2.55, 5.65, 6.25, 0.76], [2.96, 5.49, 2.32, 7.63, 0.35, 8.21, 6.51], [4.09, 2.1, 9.56, 8.08, 0.89, 1.16, 4.1]]",5.0,9.56,8,"[0.04, 0.08, 0.02, 0.86]","[[0, 0, 0, 0, 0, 0, 0, 0], [0, 0, 0, 0, 0, 0, 0, 0], [0, 0, 0, 0, 0, 0, 0, 0], [0, 7, 6, 5, 4, 2, 3, 1]]",2.994
3754,0.01,2,"[[3.89, 7.03, 1.42, 3.85, 5.57, 3.85, 2.09], [1.42, 3.42, 3.49, 1.78, 8.76, 8.52, 6.88], [3.98, 7.53, 6.94, 2.68, 5.16, 4.6, 0.82], [7.43, 7.31, 6.36, 5.75, 9.0, 9.88, 3.78]]",5.0,7.31,8,"[0.86, 0.01, 0.02, 0.11]","[[0, 1, 2, 3, 4, 5, 6, 7], [0, 0, 0, 0, 0, 0, 0, 0], [0, 0, 0, 0, 0, 0, 0, 0], [0, 0, 0, 0, 0, 0, 0, 0]]",2.994
3755,0.01,4,"[[3.54, 3.18, 6.26, 3.39, 3.52, 5.47, 1.42], [3.13, 1.91, 7.14, 3.81, 4.58, 6.9, 8.39], [7.48, 1.27, 5.41, 7.63, 6.12, 1.81, 6.34], [6.09, 3.7, 4.25, 4.91, 0.8, 7.46, 7.59]]",5.0,7.63,8,"[0.04, 0.07, 0.88, 0.01]","[[0, 0, 0, 0, 0, 0, 0, 0], [0, 0, 0, 0, 0, 0, 0, 0], [0, 1, 2, 3, 4, 5, 6, 7], [0, 0, 0, 0, 0, 0, 0, 0]]",2.994
3756,0.01,1,"[[2.54, 7.44, 2.24, 4.32, 2.76, 9.01, 8.48], [1.82, 8.34, 6.23, 3.89, 6.94, 3.11, 6.18], [7.6, 3.71, 5.31, 9.83, 1.09, 3.87, 7.81], [7.76, 7.0, 2.77, 7.48, 3.83, 0.31, 3.13]]",5.0,7.76,8,"[0.04, 0.07, 0.03, 0.86]","[[0, 0, 0, 0, 0, 0, 0, 0], [0, 0, 0, 0, 0, 0, 0, 0], [0, 0, 0, 0, 0, 0, 0, 0], [0, 1, 2, 3, 4, 5, 6, 7]]",2.994
3757,0.01,1,"[[6.38, 4.4, 2.78, 4.02, 3.28, 4.56, 6.79], [6.89, 5.4, 5.87, 9.63, 0.42, 4.93, 4.29], [2.96, 2.23, 8.29, 4.74, 3.72, 2.39, 0.86], [5.36, 5.18, 6.28, 1.08, 2.81, 5.95, 9.65]]",5.0,6.89,8,"[0.2, 0.38, 0.3, 0.12]","[[0, 3, 0, 0, 0, 0, 0, 0], [0, 1, 0, 0, 0, 0, 0, 0], [0, 2, 0, 0, 0, 0, 0, 0], [0, 4, 0, 0, 0, 0, 0, 0]]",2.994
3758,0.01,4,"[[5.63, 2.91, 6.84, 6.5, 2.65, 5.91, 4.09], [5.16, 0.83, 2.41, 5.99, 6.15, 3.67, 6.12], [5.67, 9.08, 3.93, 7.57, 5.62, 2.51, 2.61], [4.59, 1.2, 4.42, 1.16, 8.17, 8.27, 1.11]]",5.0,5.99,8,"[0.14, 0.34, 0.35, 0.17]","[[0, 0, 0, 0, 0, 0, 0, 0], [0, 1, 3, 5, 7, 0, 0, 0], [0, 2, 4, 6, 8, 0, 0, 0], [0, 0, 0, 0, 0, 0, 0, 0]]",2.994
3759,0.01,1,"[[7.74, 3.22, 6.43, 3.71, 7.81, 4.87, 5.0], [6.79, 7.24, 2.38, 4.86, 3.87, 6.17, 4.92], [3.15, 9.58, 2.44, 5.2, 8.45, 2.58, 2.29], [4.2, 1.81, 5.9, 9.47, 8.69, 2.45, 6.94]]",5.0,6.79,8,"[0.15, 0.38, 0.14, 0.33]","[[0, 0, 0, 0, 0, 0, 0, 0], [0, 1, 4, 0, 0, 0, 0, 0], [0, 0, 0, 0, 0, 0, 0, 0], [0, 2, 3, 0, 0, 0, 0, 0]]",2.994
3760,0.01,1,"[[5.93, 4.61, 6.44, 6.58, 0.77, 6.66, 0.58], [1.24, 4.91, 5.63, 0.45, 3.38, 4.94, 3.12], [7.83, 1.4, 2.04, 7.87, 6.09, 6.31, 5.4], [6.34, 6.33, 4.75, 6.81, 8.3, 6.3, 9.27]]",5.0,7.83,9,"[0.01, 0.1, 0.87, 0.02]","[[0, 0, 0, 0, 0, 0, 0, 0], [0, 0, 2, 0, 0, 0, 0, 0], [0, 1, 8, 3, 7, 4, 5, 6], [0, 0, 0, 0, 0, 0, 0, 0]]",2.994
3761,0.01,4,"[[7.78, 7.83, 6.34, 3.49, 9.25, 4.1, 8.16], [4.02, 5.78, 4.37, 3.5, 3.65, 5.34, 1.1], [4.29, 1.52, 3.77, 7.63, 3.05, 0.82, 4.95], [8.46, 6.15, 6.73, 3.18, 8.15, 6.29, 5.32]]",5.0,3.49,9,"[0.2, 0.29, 0.22, 0.29]","[[0, 0, 0, 0, 0, 0, 0, 0], [0, 1, 0, 0, 0, 0, 0, 0], [0, 0, 0, 0, 2, 0, 0, 0], [0, 0, 0, 0, 0, 0, 0, 0]]",2.994
3762,0.01,2,"[[2.88, 2.6, 7.89, 4.77, 7.12, 4.23, 2.87], [3.29, 2.97, 3.82, 9.51, 9.45, 8.27, 5.42], [3.22, 3.81, 4.18, 2.52, 3.48, 3.16, 9.41], [1.89, 5.73, 6.1, 1.69, 4.58, 1.23, 3.5]]",5.0,2.97,9,"[0.2, 0.16, 0.26, 0.38]","[[0, 0, 10, 0, 0, 0, 0, 0], [0, 0, 9, 0, 11, 0, 0, 0], [0, 0, 8, 0, 0, 0, 0, 0], [0, 3, 7, 2, 4, 1, 5, 6]]",2.994
3763,0.01,2,"[[5.12, 1.51, 5.2, 6.71, 2.69, 8.45, 7.56], [1.26, 6.81, 6.02, 6.85, 3.83, 2.04, 5.15], [0.77, 1.29, 6.67, 1.6, 1.63, 0.54, 0.89], [4.2, 5.58, 3.29, 3.97, 3.54, 6.37, 4.95]]",5.0,6.81,9,"[0.21, 0.27, 0.19, 0.33]","[[0, 0, 5, 0, 0, 0, 0, 0], [0, 10, 3, 0, 6, 0, 9, 0], [0, 0, 4, 0, 8, 0, 0, 0], [0, 0, 2, 0, 7, 1, 0, 0]]",2.994
3764,0.01,2,"[[8.02, 3.92, 3.11, 4.49, 4.13, 7.86, 3.71], [5.5, 3.12, 4.78, 4.63, 5.83, 9.55, 5.01], [6.87, 6.07, 1.32, 5.58, 8.22, 5.74, 5.54], [4.62, 3.36, 5.75, 5.59, 2.34, 1.7, 6.64]]",5.0,6.07,9,"[0.25, 0.27, 0.24, 0.24]","[[0, 0, 0, 0, 0, 0, 0, 0], [0, 0, 0, 0, 0, 0, 0, 1], [0, 0, 2, 0, 0, 0, 0, 0], [0, 0, 0, 0, 3, 0, 0, 0]]",2.994
3765,0.01,7,"[[5.71, 4.0, 7.87, 3.26, 8.95, 9.97, 6.35], [4.81, 5.73, 5.74, 5.66, 5.51, 4.81, 7.59], [6.14, 5.62, 3.6, 6.94, 3.42, 3.6, 6.26], [1.09, 4.7, 1.56, 4.05, 2.65, 4.29, 5.33]]",5.0,5.33,9,"[0.02, 0.08, 0.03, 0.87]","[[0, 0, 0, 0, 0, 0, 0, 0], [0, 0, 0, 0, 0, 0, 0, 0], [0, 0, 0, 0, 0, 0, 0, 0], [0, 5, 2, 4, 3, 6, 1, 7]]",2.994
3766,0.01,6,"[[3.55, 2.94, 0.08, 3.13, 2.15, 9.59, 4.77], [4.35, 5.83, 1.82, 2.79, 3.6, 4.35, 6.66], [4.91, 4.62, 9.06, 2.02, 4.04, 2.21, 7.62], [0.78, 5.9, 1.77, 4.45, 7.63, 4.39, 2.86]]",5.0,9.59,9,"[0.34, 0.11, 0.27, 0.28]","[[0, 8, 1, 7, 2, 9, 3, 10], [0, 0, 0, 0, 0, 0, 4, 0], [0, 0, 0, 0, 0, 0, 5, 0], [0, 0, 0, 0, 0, 0, 6, 0]]",2.994
3767,0.01,7,"[[0.94, 9.58, 9.58, 1.68, 3.99, 3.26, 9.98], [7.2, 6.69, 3.6, 6.35, 1.28, 0.52, 9.84], [4.59, 4.33, 3.41, 2.69, 0.89, 3.28, 2.91], [7.61, 5.48, 8.81, 6.78, 0.6, 7.91, 3.87]]",5.0,9.98,9,"[0.01, 0.89, 0.08, 0.02]","[[0, 0, 0, 0, 0, 0, 0, 0], [0, 7, 1, 2, 3, 4, 5, 6], [0, 0, 0, 0, 0, 0, 0, 0], [0, 0, 0, 0, 0, 0, 0, 0]]",2.994
3768,0.01,6,"[[2.65, 1.66, 4.12, 6.28, 3.9, 4.24, 8.17], [4.84, 2.23, 5.57, 7.45, 3.35, 5.55, 3.39], [6.15, 3.53, 5.47, 2.82, 6.99, 9.09, 0.79], [2.47, 2.31, 1.36, 3.11, 4.52, 5.21, 3.31]]",5.0,5.21,9,"[0.01, 0.06, 0.02, 0.91]","[[0, 0, 0, 0, 0, 0, 0, 0], [0, 0, 0, 0, 0, 0, 0, 0], [0, 0, 0, 0, 0, 0, 0, 0], [0, 7, 6, 5, 4, 3, 1, 2]]",2.994
3769,0.01,3,"[[9.88, 3.37, 6.84, 6.02, 5.72, 2.47, 6.83], [4.66, 3.57, 1.89, 8.02, 4.52, 4.58, 0.56], [5.57, 8.71, 8.98, 7.3, 1.41, 5.09, 6.3], [2.79, 3.58, 9.87, 3.61, 3.51, 7.13, 2.78]]",5.0,9.87,9,"[0.02, 0.05, 0.05, 0.88]","[[0, 0, 0, 0, 0, 0, 0, 0], [0, 0, 0, 0, 0, 0, 0, 0], [0, 0, 0, 0, 0, 0, 0, 0], [0, 1, 2, 3, 4, 5, 7, 6]]",2.994
3770,0.01,5,"[[0.15, 0.06, 0.09, 0.11, 0.16, 0.04, 0.14], [0.13, 0.19, 0.06, 0.21, 0.14, 0.09, 0.14], [0.16, 0.13, 0.11, 0.14, 0.1, 0.12, 0.12], [0.2, 0.09, 0.2, 0.06, 0.12, 0.09, 0.16]]",0.13,0.1,9,"[0.08, 0.04, 0.87, 0.01]","[[0, 0, 0, 0, 0, 0, 0, 0], [0, 0, 0, 0, 0, 0, 0, 0], [0, 0, 0, 0, 0, 0, 0, 0], [0, 0, 0, 0, 0, 0, 0, 0]]",0.072
3771,0.01,6,"[[0.15, 0.2, 0.21, 0.14, 0.15, 0.21, 0.2], [0.1, 0.12, 0.15, 0.05, 0.19, 0.19, 0.19], [0.2, 0.18, 0.22, 0.07, 0.23, 0.17, 0.15], [0.25, 0.17, 0.14, 0.07, 0.06, 0.14, 0.21]]",0.13,0.19,9,"[0.33, 0.32, 0.13, 0.22]","[[0, 0, 0, 0, 0, 0, 0, 0], [0, 0, 0, 0, 0, 0, 0, 0], [0, 0, 0, 0, 0, 0, 0, 0], [0, 0, 0, 0, 0, 0, 0, 0]]",0.072
3772,0.01,3,"[[0.14, 0.07, 0.05, 0.18, 0.03, 0.01, 0.18], [0.19, 0.23, 0.07, 0.1, 0.08, 0.19, 0.2], [0.17, 0.24, 0.03, 0.21, 0.19, 0.07, 0.21], [0.14, 0.09, 0.21, 0.08, 0.19, 0.05, 0.09]]",0.13,0.07,9,"[0.15, 0.26, 0.26, 0.33]","[[0, 0, 0, 0, 0, 0, 0, 0], [0, 0, 0, 0, 0, 0, 0, 0], [0, 0, 0, 0, 0, 0, 0, 0], [0, 0, 0, 0, 0, 0, 0, 0]]",0.072
3773,0.01,6,"[[0.15, 0.08, 0.16, 0.16, 0.12, 0.04, 0.13], [0.17, 0.17, 0.2, 0.1, 0.06, 0.16, 0.12], [0.04, 0.25, 0.2, 0.11, 0.04, 0.11, 0.24], [0.15, 0.14, 0.05, 0.11, 0.22, 0.22, 0.2]]",0.13,0.16,9,"[0.01, 0.89, 0.09, 0.01]","[[0, 0, 0, 0, 0, 0, 0, 0], [0, 0, 0, 0, 0, 0, 0, 0], [0, 0, 0, 0, 0, 0, 0, 0], [0, 0, 0, 0, 0, 0, 0, 0]]",0.072
3774,0.01,4,"[[0.11, 0.22, 0.08, 0.2, 0.14, 0.03, 0.13], [0.17, 0.02, 0.02, 0.09, 0.21, 0.16, 0.15], [0.09, 0.18, 0.16, 0.17, 0.05, 0.09, 0.1], [0.18, 0.05, 0.09, 0.19, 0.24, 0.18, 0.12]]",0.13,0.19,9,"[0.33, 0.18, 0.11, 0.38]","[[0, 0, 0, 0, 0, 0, 0, 0], [0, 0, 0, 0, 0, 0, 0, 0], [0, 0, 0, 0, 0, 0, 0, 0], [0, 0, 0, 0, 0, 0, 0, 0]]",0.072
3775,0.01,6,"[[0.11, 0.17, 0.16, 0.1, 0.16, 0.08, 0.16], [0.14, 0.11, 0.1, 0.17, 0.15, 0.09, 0.15], [0.18, 0.13, 0.06, 0.09, 0.04, 0.12, 0.18], [0.24, 0.17, 0.23, 0.17, 0.08, 0.13, 0.06]]",0.13,0.13,9,"[0.26, 0.27, 0.3, 0.17]","[[0, 0, 0, 0, 0, 0, 0, 0], [0, 0, 0, 0, 0, 0, 0, 0], [0, 0, 0, 0, 0, 0, 0, 0], [0, 0, 0, 0, 0, 0, 0, 0]]",0.072
3776,0.01,7,"[[0.22, 0.12, 0.18, 0.2, 0.04, 0.04, 0.16], [0.19, 0.18, 0.17, 0.17, 0.18, 0.2, 0.15], [0.03, 0.13, 0.18, 0.12, 0.17, 0.16, 0.08], [0.21, 0.09, 0.16, 0.11, 0.25, 0.1, 0.16]]",0.13,0.16,9,"[0.34, 0.12, 0.22, 0.32]","[[0, 0, 0, 0, 0, 0, 0, 0], [0, 0, 0, 0, 0, 0, 0, 0], [0, 0, 0, 0, 0, 0, 0, 0], [0, 0, 0, 0, 0, 0, 0, 0]]",0.072
3777,0.01,5,"[[0.21, 0.14, 0.05, 0.18, 0.12, 0.1, 0.15], [0.03, 0.07, 0.04, 0.14, 0.13, 0.15, 0.2], [0.05, 0.14, 0.08, 0.16, 0.04, 0.13, 0.08], [0.19, 0.12, 0.09, 0.06, 0.18, 0.05, 0.09]]",0.13,0.04,9,"[0.01, 0.02, 0.88, 0.09]","[[0, 0, 0, 0, 0, 0, 0, 0], [0, 0, 0, 0, 0, 0, 0, 0], [0, 0, 0, 0, 0, 0, 0, 0], [0, 0, 0, 0, 0, 0, 0, 0]]",0.072
3778,0.01,7,"[[0.19, 0.11, 0.24, 0.23, 0.21, 0.14, 0.16], [0.12, 0.1, 0.02, 0.19, 0.1, 0.08, 0.14], [0.05, 0.21, 0.07, 0.2, 0.09, 0.02, 0.23], [0.09, 0.04, 0.09, 0.14, 0.18, 0.2, 0.23]]",0.13,0.23,9,"[0.03, 0.01, 0.92, 0.04]","[[0, 0, 0, 0, 0, 0, 0, 0], [0, 0, 0, 0, 0, 0, 0, 0], [0, 0, 0, 1, 0, 2, 0, 0], [0, 0, 0, 0, 0, 0, 0, 0]]",0.072
3779,0.01,1,"[[0.06, 0.1, 0.22, 0.17, 0.09, 0.03, 0.08], [0.24, 0.07, 0.1, 0.11, 0.11, 0.15, 0.16], [0.04, 0.05, 0.2, 0.13, 0.03, 0.1, 0.19], [0.2, 0.09, 0.17, 0.15, 0.2, 0.1, 0.15]]",0.13,0.2,9,"[0.01, 0.1, 0.04, 0.85]","[[0, 0, 0, 0, 0, 0, 0, 0], [0, 0, 0, 0, 0, 0, 0, 0], [0, 0, 0, 0, 0, 0, 0, 0], [0, 0, 0, 0, 0, 0, 0, 0]]",0.072
3780,0.01,1,"[[0.1, 0.1, 0.17, 0.08, 0.04, 0.09, 0.12], [0.18, 0.07, 0.12, 0.15, 0.14, 0.22, 0.18], [0.17, 0.02, 0.06, 0.16, 0.1, 0.2, 0.19], [0.23, 0.18, 0.17, 0.22, 0.21, 0.09, 0.19]]",0.13,0.17,10,"[0.21, 0.32, 0.34, 0.13]","[[0, 1, 5, 0, 0, 0, 0, 0], [0, 2, 6, 0, 0, 0, 0, 0], [0, 3, 0, 0, 0, 0, 0, 0], [0, 4, 0, 0, 0, 0, 0, 0]]",0.072
3781,0.01,7,"[[0.16, 0.21, 0.19, 0.12, 0.21, 0.05, 0.2], [0.14, 0.1, 0.04, 0.07, 0.08, 0.16, 0.22], [0.03, 0.17, 0.22, 0.13, 0.04, 0.22, 0.12], [0.16, 0.14, 0.16, 0.16, 0.18, 0.13, 0.14]]",0.13,0.22,10,"[0.06, 0.89, 0.04, 0.01]","[[0, 1, 0, 0, 0, 0, 0, 0], [0, 2, 5, 6, 7, 8, 9, 10], [0, 3, 0, 0, 0, 0, 0, 0], [0, 4, 0, 0, 0, 0, 0, 0]]",0.072
3782,0.01,5,"[[0.07, 0.16, 0.11, 0.2, 0.2, 0.19, 0.16], [0.15, 0.22, 0.24, 0.17, 0.18, 0.12, 0.12], [0.11, 0.16, 0.11, 0.12, 0.21, 0.06, 0.16], [0.17, 0.22, 0.15, 0.11, 0.24, 0.11, 0.17]]",0.13,0.24,10,"[0.09, 0.03, 0.01, 0.87]","[[0, 0, 0, 0, 0, 0, 0, 0], [0, 0, 0, 0, 0, 0, 0, 0], [0, 0, 0, 0, 0, 0, 0, 0], [0, 1, 2, 3, 4, 5, 6, 7]]",0.072
3783,0.01,5,"[[0.19, 0.09, 0.13, 0.2, 0.03, 0.17, 0.2], [0.08, 0.14, 0.18, 0.15, 0.19, 0.11, 0.07], [0.15, 0.06, 0.07, 0.11, 0.19, 0.02, 0.14], [0.12, 0.04, 0.06, 0.04, 0.06, 0.19, 0.09]]",0.13,0.19,10,"[0.02, 0.85, 0.05, 0.08]","[[0, 0, 0, 0, 0, 0, 0, 0], [0, 1, 2, 3, 4, 5, 6, 7], [0, 0, 0, 0, 0, 0, 0, 0], [0, 0, 0, 0, 0, 0, 0, 0]]",0.072
3784,0.01,5,"[[0.09, 0.06, 0.16, 0.11, 0.12, 0.22, 0.04], [0.11, 0.19, 0.13, 0.18, 0.2, 0.12, 0.12], [0.11, 0.08, 0.15, 0.06, 0.15, 0.13, 0.16], [0.08, 0.15, 0.2, 0.17, 0.24, 0.04, 0.12]]",0.13,0.24,10,"[0.15, 0.32, 0.21, 0.32]","[[0, 0, 0, 0, 0, 0, 0, 0], [0, 1, 3, 5, 7, 9, 0, 0], [0, 0, 0, 0, 0, 0, 0, 0], [0, 2, 4, 6, 8, 10, 0, 0]]",0.072
3785,0.01,6,"[[0.14, 0.12, 0.08, 0.02, 0.14, 0.19, 0.09], [0.2, 0.01, 0.13, 0.03, 0.11, 0.06, 0.23], [0.19, 0.12, 0.16, 0.15, 0.16, 0.07, 0.21], [0.09, 0.14, 0.24, 0.12, 0.1, 0.2, 0.16]]",0.13,0.07,10,"[0.36, 0.17, 0.12, 0.35]","[[0, 2, 3, 6, 7, 10, 11, 0], [0, 0, 0, 0, 0, 0, 0, 0], [0, 0, 0, 0, 0, 0, 0, 0], [0, 1, 4, 5, 8, 9, 12, 0]]",0.072
3786,0.01,4,"[[0.2, 0.14, 0.16, 0.12, 0.21, 0.18, 0.23], [0.06, 0.09, 0.16, 0.16, 0.14, 0.12, 0.15], [0.23, 0.08, 0.17, 0.11, 0.04, 0.14, 0.15], [0.06, 0.12, 0.16, 0.23, 0.08, 0.11, 0.15]]",0.13,0.23,10,"[0.33, 0.18, 0.11, 0.38]","[[0, 0, 0, 0, 0, 0, 0, 0], [0, 0, 0, 0, 0, 0, 0, 0], [0, 0, 0, 0, 0, 0, 0, 0], [0, 1, 2, 3, 4, 5, 6, 7]]",0.072
3787,0.01,2,"[[0.15, 0.08, 0.15, 0.12, 0.15, 0.08, 0.22], [0.12, 0.2, 0.22, 0.16, 0.25, 0.12, 0.11], [0.19, 0.22, 0.15, 0.08, 0.12, 0.14, 0.2], [0.21, 0.16, 0.09, 0.16, 0.22, 0.15, 0.19]]",0.13,0.22,10,"[0.05, 0.07, 0.86, 0.02]","[[0, 0, 0, 0, 0, 0, 0, 0], [0, 0, 0, 0, 0, 0, 0, 0], [0, 1, 2, 0, 0, 0, 0, 0], [0, 0, 0, 0, 0, 0, 0, 0]]",0.072
3788,0.01,7,"[[0.12, 0.17, 0.14, 0.13, 0.11, 0.07, 0.23], [0.21, 0.03, 0.18, 0.17, 0.22, 0.07, 0.12], [0.06, 0.15, 0.14, 0.1, 0.11, 0.15, 0.22], [0.13, 0.03, 0.18, 0.17, 0.07, 0.25, 0.1]]",0.13,0.1,10,"[0.39, 0.18, 0.15, 0.28]","[[0, 1, 2, 3, 4, 5, 6, 7], [0, 0, 0, 0, 0, 0, 0, 0], [0, 0, 0, 0, 0, 0, 0, 0], [0, 0, 0, 0, 0, 0, 0, 0]]",0.072
3789,0.01,4,"[[0.2, 0.21, 0.23, 0.23, 0.18, 0.14, 0.22], [0.2, 0.22, 0.22, 0.25, 0.05, 0.12, 0.09], [0.02, 0.05, 0.07, 0.23, 0.14, 0.19, 0.02], [0.12, 0.1, 0.13, 0.23, 0.18, 0.06, 0.24]]",0.13,0.23,10,"[0.08, 0.03, 0.87, 0.02]","[[0, 0, 0, 0, 0, 0, 0, 0], [0, 0, 0, 0, 0, 0, 0, 0], [0, 1, 2, 3, 4, 0, 0, 0], [0, 0, 0, 0, 0, 0, 0, 0]]",0.072
3790,0.01,4,"[[5.11, 2.17, 0.1, 9.47, 2.73, 6.4, 3.36], [4.31, 7.26, 6.36, 8.48, 2.98, 4.68, 5.77], [8.38, 2.0, 6.14, 7.53, 4.7, 1.99, 1.53], [7.09, 5.94, 3.03, 5.37, 2.51, 3.9, 2.79]]",5.0,8.48,10,"[0.31, 0.35, 0.15, 0.19]","[[0, 0, 3, 5, 7, 0, 0, 0], [0, 1, 2, 4, 6, 0, 0, 0], [0, 0, 0, 0, 0, 0, 0, 0], [0, 0, 0, 0, 0, 0, 0, 0]]",2.994
3791,0.01,3,"[[2.88, 2.6, 7.89, 4.77, 7.12, 4.23, 2.87], [3.29, 2.97, 3.82, 9.51, 9.45, 8.27, 5.42], [3.22, 3.81, 4.18, 2.52, 3.48, 3.16, 9.41], [1.89, 5.73, 6.1, 1.69, 4.58, 1.23, 3.5]]",5.0,6.1,10,"[0.2, 0.16, 0.26, 0.38]","[[0, 0, 12, 13, 0, 0, 0, 0], [0, 0, 10, 11, 0, 0, 0, 0], [0, 0, 9, 8, 0, 0, 0, 0], [0, 1, 2, 3, 4, 5, 6, 7]]",2.994
3792,0.01,3,"[[3.74, 4.35, 1.03, 5.02, 2.48, 7.72, 3.91], [9.52, 3.82, 4.46, 2.55, 5.65, 6.25, 0.76], [2.96, 5.49, 2.32, 7.63, 0.35, 8.21, 6.51], [4.09, 2.1, 9.56, 8.08, 0.89, 1.16, 4.1]]",5.0,1.03,10,"[0.04, 0.08, 0.02, 0.86]","[[0, 0, 0, 0, 0, 0, 0, 0], [0, 0, 0, 8, 9, 0, 0, 0], [0, 0, 0, 0, 0, 0, 0, 0], [0, 1, 2, 3, 4, 5, 6, 7]]",2.994
3793,0.01,6,"[[1.32, 1.79, 4.74, 6.52, 9.55, 1.49, 3.36], [2.67, 2.3, 3.39, 7.85, 3.89, 7.4, 8.55], [4.18, 0.46, 4.32, 2.27, 3.18, 8.62, 2.94], [6.02, 2.09, 4.16, 3.95, 2.34, 3.36, 2.27]]",5.0,8.62,10,"[0.16, 0.11, 0.34, 0.39]","[[0, 0, 0, 0, 0, 0, 0, 0], [0, 0, 0, 0, 0, 0, 0, 0], [0, 2, 4, 6, 8, 10, 12, 13], [0, 1, 3, 5, 7, 9, 11, 14]]",2.994
3794,0.01,4,"[[7.32, 4.38, 4.99, 7.76, 5.0, 5.94, 2.36], [8.4, 3.61, 8.45, 4.23, 7.02, 4.36, 9.23], [1.69, 3.23, 3.54, 3.86, 3.72, 2.06, 0.61], [7.94, 7.02, 6.73, 4.28, 8.5, 0.13, 2.63]]",5.0,7.76,10,"[0.85, 0.03, 0.11, 0.01]","[[0, 1, 2, 3, 4, 5, 6, 7], [0, 0, 0, 0, 0, 0, 0, 0], [0, 0, 0, 0, 0, 0, 0, 0], [0, 0, 0, 0, 0, 0, 0, 0]]",2.994
3795,0.01,2,"[[0.72, 5.25, 9.97, 4.85, 8.58, 2.57, 9.15], [5.48, 9.36, 2.36, 9.25, 3.72, 4.76, 6.74], [7.14, 7.36, 2.91, 4.13, 7.03, 8.48, 0.38], [5.84, 6.37, 7.56, 3.71, 4.02, 2.93, 0.09]]",5.0,9.36,10,"[0.03, 0.85, 0.06, 0.06]","[[0, 0, 0, 0, 0, 0, 0, 0], [0, 1, 2, 3, 4, 5, 6, 7], [0, 0, 0, 0, 0, 0, 0, 0], [0, 0, 0, 0, 0, 0, 0, 0]]",2.994
3796,0.01,1,"[[2.54, 7.44, 2.24, 4.32, 2.76, 9.01, 8.48], [1.82, 8.34, 6.23, 3.89, 6.94, 3.11, 6.18], [7.6, 3.71, 5.31, 9.83, 1.09, 3.87, 7.81], [7.76, 7.0, 2.77, 7.48, 3.83, 0.31, 3.13]]",5.0,7.76,10,"[0.04, 0.07, 0.03, 0.86]","[[0, 0, 0, 0, 0, 0, 0, 0], [0, 0, 0, 0, 0, 0, 0, 0], [0, 0, 0, 0, 0, 0, 0, 0], [0, 1, 2, 3, 4, 5, 6, 7]]",2.994
3797,0.01,7,"[[8.39, 1.9, 3.96, 5.78, 2.24, 5.8, 4.1], [0.94, 5.02, 2.49, 5.54, 6.54, 4.33, 9.65], [7.94, 7.8, 4.1, 9.82, 1.59, 4.84, 8.58], [8.96, 7.49, 1.94, 3.92, 0.76, 2.82, 6.17]]",5.0,9.65,10,"[0.11, 0.85, 0.02, 0.02]","[[0, 0, 0, 0, 0, 0, 0, 0], [0, 1, 2, 3, 4, 5, 6, 7], [0, 0, 0, 0, 0, 0, 0, 0], [0, 0, 0, 0, 0, 0, 0, 0]]",2.994
3798,0.01,5,"[[5.92, 9.68, 5.15, 2.59, 5.89, 7.38, 2.85], [1.22, 5.64, 6.3, 3.82, 9.13, 6.51, 3.36], [6.72, 1.0, 8.86, 8.25, 8.82, 6.13, 4.12], [7.5, 7.75, 5.39, 3.9, 7.48, 3.23, 1.98]]",5.0,7.48,10,"[0.3, 0.17, 0.24, 0.29]","[[0, 2, 3, 5, 7, 9, 11, 14], [0, 0, 15, 0, 0, 17, 0, 0], [0, 0, 16, 0, 0, 18, 0, 0], [0, 1, 4, 6, 8, 10, 12, 13]]",2.994
3799,0.01,1,"[[4.36, 8.7, 5.94, 4.41, 8.37, 5.83, 0.58], [9.58, 2.24, 8.49, 4.24, 4.63, 4.53, 5.29], [6.08, 4.31, 5.59, 3.3, 3.91, 4.21, 4.74], [9.25, 5.33, 1.67, 7.75, 5.64, 2.81, 3.02]]",5.0,6.08,10,"[0.31, 0.27, 0.14, 0.28]","[[0, 3, 0, 0, 0, 0, 0, 0], [0, 2, 5, 7, 10, 11, 14, 15], [0, 4, 0, 0, 0, 0, 0, 0], [0, 1, 6, 8, 9, 12, 13, 16]]",2.994
3800,0.0,6,"[[2.65, 1.66, 4.12, 6.28, 3.9, 4.24, 8.17], [4.84, 2.23, 5.57, 7.45, 3.35, 5.55, 3.39], [6.15, 3.53, 5.47, 2.82, 6.99, 9.09, 0.79], [2.47, 2.31, 1.36, 3.11, 4.52, 5.21, 3.31]]",5.0,4.24,11,"[0.01, 0.06, 0.02, 0.91]","[[0, 0, 0, 0, 0, 13, 10, 0], [0, 0, 0, 0, 0, 12, 9, 0], [0, 0, 0, 0, 0, 11, 8, 0], [0, 1, 2, 7, 3, 4, 5, 6]]",2.994
3801,0.0,6,"[[5.77, 3.99, 6.61, 4.81, 8.16, 4.87, 2.84], [5.38, 5.12, 5.88, 4.67, 7.45, 7.64, 1.41], [2.86, 1.79, 4.9, 7.89, 6.3, 3.05, 5.2], [5.28, 6.58, 1.34, 2.2, 4.69, 6.92, 5.01]]",5.0,6.92,11,"[0.34, 0.23, 0.11, 0.32]","[[0, 0, 11, 0, 0, 0, 9, 0], [0, 0, 10, 0, 0, 0, 13, 0], [0, 0, 12, 0, 0, 0, 8, 0], [0, 2, 1, 6, 3, 7, 4, 5]]",2.994
3802,0.0,2,"[[7.74, 3.22, 6.43, 3.71, 7.81, 4.87, 5.0], [6.79, 7.24, 2.38, 4.86, 3.87, 6.17, 4.92], [3.15, 9.58, 2.44, 5.2, 8.45, 2.58, 2.29], [4.2, 1.81, 5.9, 9.47, 8.69, 2.45, 6.94]]",5.0,7.24,11,"[0.15, 0.38, 0.14, 0.33]","[[0, 0, 12, 0, 0, 0, 14, 0], [0, 1, 3, 4, 5, 6, 7, 8], [0, 0, 11, 0, 0, 0, 13, 0], [0, 2, 9, 0, 0, 0, 10, 0]]",2.994
3803,0.0,4,"[[6.26, 0.19, 5.42, 8.23, 3.15, 1.79, 3.82], [4.19, 3.39, 2.75, 9.2, 5.7, 3.44, 3.56], [5.45, 5.72, 8.61, 4.63, 8.16, 8.36, 7.19], [3.14, 2.27, 7.83, 9.11, 0.69, 3.38, 9.35]]",5.0,9.11,11,"[0.1, 0.01, 0.01, 0.88]","[[0, 0, 0, 16, 7, 0, 0, 12], [0, 0, 0, 15, 6, 0, 0, 11], [0, 0, 0, 14, 5, 0, 0, 10], [0, 1, 2, 13, 3, 4, 9, 8]]",2.994
3804,0.0,6,"[[1.32, 1.79, 4.74, 6.52, 9.55, 1.49, 3.36], [2.67, 2.3, 3.39, 7.85, 3.89, 7.4, 8.55], [4.18, 0.46, 4.32, 2.27, 3.18, 8.62, 2.94], [6.02, 2.09, 4.16, 3.95, 2.34, 3.36, 2.27]]",5.0,3.36,11,"[0.16, 0.11, 0.34, 0.39]","[[0, 16, 0, 0, 0, 0, 18, 0], [0, 15, 0, 0, 0, 0, 17, 0], [0, 14, 13, 12, 11, 10, 9, 8], [0, 1, 2, 3, 4, 5, 6, 7]]",2.994
3805,0.0,7,"[[0.94, 9.58, 9.58, 1.68, 3.99, 3.26, 9.98], [7.2, 6.69, 3.6, 6.35, 1.28, 0.52, 9.84], [4.59, 4.33, 3.41, 2.69, 0.89, 3.28, 2.91], [7.61, 5.48, 8.81, 6.78, 0.6, 7.91, 3.87]]",5.0,9.84,11,"[0.01, 0.89, 0.08, 0.02]","[[0, 11, 0, 0, 0, 0, 0, 10], [0, 1, 2, 3, 4, 5, 6, 7], [0, 12, 0, 0, 0, 0, 0, 8], [0, 13, 0, 0, 0, 0, 0, 9]]",2.994
3806,0.0,3,"[[3.74, 4.35, 1.03, 5.02, 2.48, 7.72, 3.91], [9.52, 3.82, 4.46, 2.55, 5.65, 6.25, 0.76], [2.96, 5.49, 2.32, 7.63, 0.35, 8.21, 6.51], [4.09, 2.1, 9.56, 8.08, 0.89, 1.16, 4.1]]",5.0,9.56,11,"[0.04, 0.08, 0.02, 0.86]","[[0, 0, 0, 8, 13, 0, 0, 0], [0, 0, 0, 7, 12, 0, 0, 0], [0, 0, 0, 6, 11, 0, 0, 0], [0, 1, 9, 2, 10, 3, 4, 5]]",2.994
3807,0.0,1,"[[7.91, 1.03, 5.87, 7.52, 6.88, 7.18, 6.1], [5.88, 5.55, 1.78, 3.0, 4.69, 4.52, 8.75], [5.71, 1.25, 6.22, 6.17, 8.38, 7.26, 4.32], [6.4, 8.88, 5.28, 4.23, 1.08, 0.7, 3.39]]",5.0,7.91,11,"[0.3, 0.18, 0.2, 0.32]","[[0, 11, 3, 9, 10, 0, 0, 0], [0, 13, 0, 0, 0, 0, 0, 0], [0, 12, 0, 0, 0, 0, 0, 0], [0, 1, 2, 4, 5, 6, 7, 8]]",2.994
3808,0.0,5,"[[7.11, 5.78, 4.85, 4.33, 7.33, 7.89, 5.26], [5.95, 7.87, 3.44, 7.0, 6.97, 5.22, 6.26], [3.72, 9.35, 7.04, 6.38, 7.42, 6.47, 5.89], [5.94, 4.84, 1.39, 4.52, 3.41, 2.82, 3.73]]",5.0,6.97,11,"[0.33, 0.2, 0.24, 0.23]","[[0, 7, 6, 8, 10, 11, 12, 13], [0, 9, 0, 0, 0, 15, 14, 0], [0, 2, 4, 5, 0, 16, 19, 0], [0, 1, 3, 0, 0, 17, 18, 0]]",2.994
3809,0.0,2,"[[0.72, 5.25, 9.97, 4.85, 8.58, 2.57, 9.15], [5.48, 9.36, 2.36, 9.25, 3.72, 4.76, 6.74], [7.14, 7.36, 2.91, 4.13, 7.03, 8.48, 0.38], [5.84, 6.37, 7.56, 3.71, 4.02, 2.93, 0.09]]",5.0,6.37,11,"[0.03, 0.85, 0.06, 0.06]","[[0, 0, 0, 0, 0, 0, 0, 0], [0, 1, 2, 4, 3, 5, 6, 7], [0, 0, 0, 0, 0, 0, 0, 0], [0, 0, 0, 0, 0, 0, 0, 0]]",2.994
3810,0.0,6,"[[0.06, 0.11, 0.17, 0.23, 0.15, 0.14, 0.21], [0.16, 0.17, 0.08, 0.04, 0.07, 0.21, 0.12], [0.2, 0.19, 0.13, 0.12, 0.17, 0.2, 0.16], [0.1, 0.1, 0.12, 0.16, 0.01, 0.17, 0.09]]",0.13,0.21,11,"[0.23, 0.25, 0.3, 0.22]","[[0, 0, 0, 0, 0, 0, 0, 0], [0, 8, 0, 0, 0, 0, 9, 0], [0, 1, 2, 3, 4, 5, 6, 7], [0, 0, 0, 0, 0, 0, 0, 0]]",0.072
3811,0.0,5,"[[0.19, 0.09, 0.13, 0.2, 0.03, 0.17, 0.2], [0.08, 0.14, 0.18, 0.15, 0.19, 0.11, 0.07], [0.15, 0.06, 0.07, 0.11, 0.19, 0.02, 0.14], [0.12, 0.04, 0.06, 0.04, 0.06, 0.19, 0.09]]",0.13,0.19,11,"[0.02, 0.85, 0.05, 0.08]","[[0, 0, 0, 8, 13, 14, 0, 0], [0, 1, 2, 7, 3, 6, 4, 5], [0, 0, 0, 9, 11, 15, 0, 0], [0, 0, 0, 10, 12, 16, 0, 0]]",0.072
3812,0.0,1,"[[0.15, 0.06, 0.09, 0.11, 0.16, 0.04, 0.14], [0.13, 0.19, 0.06, 0.21, 0.14, 0.09, 0.14], [0.16, 0.13, 0.11, 0.14, 0.1, 0.12, 0.12], [0.2, 0.09, 0.2, 0.06, 0.12, 0.09, 0.16]]",0.13,0.16,11,"[0.08, 0.04, 0.87, 0.01]","[[0, 0, 0, 0, 0, 0, 0, 0], [0, 0, 0, 0, 0, 0, 0, 0], [0, 1, 3, 2, 4, 5, 6, 7], [0, 0, 0, 0, 0, 0, 0, 0]]",0.072
3813,0.0,2,"[[0.16, 0.14, 0.08, 0.14, 0.11, 0.13, 0.09], [0.19, 0.11, 0.19, 0.08, 0.11, 0.19, 0.13], [0.21, 0.23, 0.11, 0.11, 0.1, 0.18, 0.03], [0.04, 0.14, 0.12, 0.13, 0.05, 0.04, 0.05]]",0.13,0.23,11,"[0.31, 0.22, 0.18, 0.29]","[[0, 0, 10, 11, 0, 0, 0, 0], [0, 0, 8, 9, 0, 0, 0, 0], [0, 0, 0, 0, 0, 0, 0, 0], [0, 1, 2, 3, 4, 5, 6, 7]]",0.072
3814,0.0,6,"[[0.15, 0.2, 0.21, 0.14, 0.15, 0.21, 0.2], [0.1, 0.12, 0.15, 0.05, 0.19, 0.19, 0.19], [0.2, 0.18, 0.22, 0.07, 0.23, 0.17, 0.15], [0.25, 0.17, 0.14, 0.07, 0.06, 0.14, 0.21]]",0.13,0.21,11,"[0.33, 0.32, 0.13, 0.22]","[[0, 4, 1, 2, 3, 5, 6, 7], [0, 0, 0, 8, 0, 0, 9, 0], [0, 0, 0, 0, 0, 0, 0, 0], [0, 0, 0, 0, 0, 0, 0, 0]]",0.072
3815,0.0,7,"[[0.15, 0.08, 0.15, 0.12, 0.15, 0.08, 0.22], [0.12, 0.2, 0.22, 0.16, 0.25, 0.12, 0.11], [0.19, 0.22, 0.15, 0.08, 0.12, 0.14, 0.2], [0.21, 0.16, 0.09, 0.16, 0.22, 0.15, 0.19]]",0.13,0.2,11,"[0.05, 0.07, 0.86, 0.02]","[[0, 0, 9, 0, 0, 0, 0, 11], [0, 0, 8, 0, 0, 0, 0, 10], [0, 1, 3, 2, 4, 5, 6, 7], [0, 0, 0, 0, 0, 0, 0, 12]]",0.072
3816,0.0,2,"[[0.09, 0.06, 0.16, 0.11, 0.12, 0.22, 0.04], [0.11, 0.19, 0.13, 0.18, 0.2, 0.12, 0.12], [0.11, 0.08, 0.15, 0.06, 0.15, 0.13, 0.16], [0.08, 0.15, 0.2, 0.17, 0.24, 0.04, 0.12]]",0.13,0.15,11,"[0.15, 0.32, 0.21, 0.32]","[[0, 0, 0, 0, 0, 0, 0, 0], [0, 1, 2, 7, 8, 9, 12, 13], [0, 0, 0, 0, 0, 0, 0, 0], [0, 4, 3, 5, 6, 10, 11, 14]]",0.072
3817,0.0,3,"[[0.15, 0.08, 0.16, 0.16, 0.12, 0.04, 0.13], [0.17, 0.17, 0.2, 0.1, 0.06, 0.16, 0.12], [0.04, 0.25, 0.2, 0.11, 0.04, 0.11, 0.24], [0.15, 0.14, 0.05, 0.11, 0.22, 0.22, 0.2]]",0.13,0.2,11,"[0.01, 0.89, 0.09, 0.01]","[[0, 0, 0, 0, 0, 0, 0, 0], [0, 1, 3, 2, 4, 5, 7, 6], [0, 0, 0, 0, 0, 0, 0, 0], [0, 0, 0, 0, 0, 0, 0, 0]]",0.072
3818,0.0,4,"[[0.2, 0.21, 0.23, 0.23, 0.18, 0.14, 0.22], [0.2, 0.22, 0.22, 0.25, 0.05, 0.12, 0.09], [0.02, 0.05, 0.07, 0.23, 0.14, 0.19, 0.02], [0.12, 0.1, 0.13, 0.23, 0.18, 0.06, 0.24]]",0.13,0.23,11,"[0.08, 0.03, 0.87, 0.02]","[[0, 0, 0, 0, 9, 0, 12, 0], [0, 0, 0, 0, 8, 0, 11, 0], [0, 1, 7, 2, 3, 4, 6, 5], [0, 0, 0, 0, 10, 0, 0, 0]]",0.072
3819,0.0,7,"[[0.11, 0.06, 0.11, 0.08, 0.17, 0.11, 0.11], [0.14, 0.12, 0.06, 0.14, 0.09, 0.14, 0.12], [0.04, 0.15, 0.09, 0.13, 0.15, 0.18, 0.21], [0.1, 0.08, 0.17, 0.08, 0.19, 0.13, 0.19]]",0.13,0.19,11,"[0.26, 0.2, 0.27, 0.27]","[[0, 21, 20, 19, 18, 17, 16, 15], [0, 0, 0, 0, 0, 0, 0, 22], [0, 2, 4, 6, 8, 10, 11, 14], [0, 1, 3, 5, 7, 9, 12, 13]]",0.072
3820,0.0,1,"[[0.14, 0.15, 0.11, 0.2, 0.03, 0.13, 0.04], [0.03, 0.07, 0.1, 0.21, 0.1, 0.13, 0.08], [0.14, 0.03, 0.06, 0.05, 0.15, 0.08, 0.09], [0.13, 0.08, 0.16, 0.01, 0.21, 0.09, 0.05]]",0.13,0.14,12,"[0.06, 0.03, 0.86, 0.05]","[[0, 26, 25, 7, 8, 5, 20, 19], [0, 27, 24, 12, 11, 22, 21, 10], [0, 2, 23, 1, 9, 3, 4, 18], [0, 28, 6, 13, 14, 15, 16, 17]]",0.072
3821,0.0,3,"[[0.16, 0.14, 0.08, 0.14, 0.11, 0.13, 0.09], [0.19, 0.11, 0.19, 0.08, 0.11, 0.19, 0.13], [0.21, 0.23, 0.11, 0.11, 0.1, 0.18, 0.03], [0.04, 0.14, 0.12, 0.13, 0.05, 0.04, 0.05]]",0.13,0.19,12,"[0.31, 0.22, 0.18, 0.29]","[[0, 0, 7, 0, 0, 0, 5, 0], [0, 1, 0, 8, 0, 6, 0, 0], [0, 0, 0, 0, 3, 0, 0, 0], [0, 0, 4, 0, 0, 0, 0, 2]]",0.072
3822,0.0,3,"[[0.16, 0.11, 0.08, 0.09, 0.11, 0.11, 0.06], [0.14, 0.14, 0.15, 0.18, 0.2, 0.23, 0.09], [0.09, 0.18, 0.2, 0.13, 0.05, 0.16, 0.07], [0.08, 0.02, 0.16, 0.15, 0.1, 0.09, 0.12]]",0.13,0.2,12,"[0.08, 0.02, 0.89, 0.01]","[[0, 1, 2, 4, 3, 5, 6, 7], [0, 26, 25, 19, 21, 14, 13, 8], [0, 28, 24, 20, 18, 15, 12, 9], [0, 27, 23, 22, 17, 16, 11, 10]]",0.072
3823,0.0,7,"[[0.19, 0.12, 0.08, 0.18, 0.08, 0.2, 0.22], [0.05, 0.04, 0.19, 0.18, 0.18, 0.05, 0.1], [0.21, 0.13, 0.15, 0.13, 0.16, 0.15, 0.08], [0.19, 0.06, 0.09, 0.07, 0.04, 0.2, 0.08]]",0.13,0.1,12,"[0.16, 0.28, 0.23, 0.33]","[[0, 7, 6, 1, 4, 3, 5, 2], [0, 0, 0, 0, 0, 0, 0, 0], [0, 0, 0, 0, 0, 0, 0, 0], [0, 0, 0, 0, 0, 0, 0, 0]]",0.072
3824,0.0,3,"[[0.22, 0.12, 0.18, 0.2, 0.04, 0.04, 0.16], [0.19, 0.18, 0.17, 0.17, 0.18, 0.2, 0.15], [0.03, 0.13, 0.18, 0.12, 0.17, 0.16, 0.08], [0.21, 0.09, 0.16, 0.11, 0.25, 0.1, 0.16]]",0.13,0.18,12,"[0.34, 0.12, 0.22, 0.32]","[[0, 0, 0, 0, 0, 0, 0, 0], [0, 0, 8, 0, 0, 0, 0, 0], [0, 7, 1, 3, 2, 4, 5, 6], [0, 0, 0, 0, 0, 0, 0, 0]]",0.072
3825,0.0,3,"[[0.02, 0.18, 0.09, 0.13, 0.07, 0.12, 0.08], [0.15, 0.12, 0.24, 0.14, 0.1, 0.01, 0.14], [0.2, 0.14, 0.24, 0.13, 0.22, 0.23, 0.18], [0.11, 0.21, 0.18, 0.07, 0.12, 0.14, 0.14]]",0.13,0.09,12,"[0.85, 0.02, 0.03, 0.1]","[[0, 0, 0, 0, 0, 0, 0, 0], [0, 0, 0, 0, 0, 0, 0, 0], [0, 7, 1, 2, 3, 4, 5, 6], [0, 0, 0, 0, 0, 0, 0, 0]]",0.072
3826,0.0,4,"[[0.18, 0.08, 0.04, 0.19, 0.05, 0.05, 0.16], [0.09, 0.22, 0.23, 0.17, 0.13, 0.24, 0.18], [0.21, 0.2, 0.1, 0.14, 0.11, 0.11, 0.19], [0.23, 0.14, 0.16, 0.18, 0.12, 0.18, 0.03]]",0.13,0.17,12,"[0.02, 0.92, 0.02, 0.04]","[[0, 1, 5, 12, 14, 28, 26, 27], [0, 2, 6, 11, 15, 17, 18, 25], [0, 3, 7, 10, 16, 19, 21, 24], [0, 4, 8, 9, 13, 20, 22, 23]]",0.072
3827,0.0,1,"[[0.14, 0.07, 0.05, 0.18, 0.03, 0.01, 0.18], [0.19, 0.23, 0.07, 0.1, 0.08, 0.19, 0.2], [0.17, 0.24, 0.03, 0.21, 0.19, 0.07, 0.21], [0.14, 0.09, 0.21, 0.08, 0.19, 0.05, 0.09]]",0.13,0.19,12,"[0.15, 0.26, 0.26, 0.33]","[[0, 1, 2, 7, 6, 5, 3, 4], [0, 26, 25, 8, 11, 14, 17, 20], [0, 27, 24, 9, 12, 15, 18, 21], [0, 28, 23, 10, 13, 16, 19, 22]]",0.072
3828,0.0,6,"[[0.07, 0.07, 0.17, 0.05, 0.08, 0.18, 0.15], [0.19, 0.17, 0.06, 0.13, 0.2, 0.13, 0.2], [0.08, 0.18, 0.04, 0.21, 0.15, 0.15, 0.18], [0.06, 0.08, 0.09, 0.02, 0.12, 0.19, 0.09]]",0.13,0.15,12,"[0.31, 0.27, 0.19, 0.23]","[[0, 1, 8, 9, 17, 16, 24, 25], [0, 2, 7, 10, 15, 18, 23, 26], [0, 3, 6, 11, 14, 19, 22, 27], [0, 4, 5, 12, 13, 20, 21, 28]]",0.072
3829,0.0,4,"[[0.2, 0.21, 0.23, 0.23, 0.18, 0.14, 0.22], [0.2, 0.22, 0.22, 0.25, 0.05, 0.12, 0.09], [0.02, 0.05, 0.07, 0.23, 0.14, 0.19, 0.02], [0.12, 0.1, 0.13, 0.23, 0.18, 0.06, 0.24]]",0.13,0.23,12,"[0.08, 0.03, 0.87, 0.02]","[[0, 4, 5, 12, 13, 20, 21, 28], [0, 3, 6, 11, 14, 19, 22, 27], [0, 2, 7, 10, 15, 18, 23, 26], [0, 1, 8, 9, 16, 17, 24, 25]]",0.072
3830,0.0,7,"[[7.29, 4.26, 4.93, 3.96, 3.34, 8.54, 6.49], [0.79, 3.44, 2.71, 8.71, 2.86, 7.09, 3.94], [9.61, 8.74, 7.3, 3.82, 1.83, 1.17, 5.37], [2.04, 1.98, 8.39, 1.63, 1.8, 1.97, 7.71]]",5.0,5.37,12,"[0.21, 0.28, 0.29, 0.22]","[[0, 1, 8, 9, 16, 17, 23, 24], [0, 2, 7, 10, 15, 18, 22, 25], [0, 3, 6, 11, 14, 28, 21, 26], [0, 4, 5, 12, 13, 27, 20, 19]]",2.994
3831,0.0,2,"[[2.54, 7.44, 2.24, 4.32, 2.76, 9.01, 8.48], [1.82, 8.34, 6.23, 3.89, 6.94, 3.11, 6.18], [7.6, 3.71, 5.31, 9.83, 1.09, 3.87, 7.81], [7.76, 7.0, 2.77, 7.48, 3.83, 0.31, 3.13]]",5.0,7.0,12,"[0.04, 0.07, 0.03, 0.86]","[[0, 16, 18, 20, 22, 24, 26, 28], [0, 15, 17, 19, 21, 23, 25, 27], [0, 14, 13, 12, 11, 10, 9, 8], [0, 1, 2, 3, 4, 5, 6, 7]]",2.994
3832,0.0,3,"[[2.09, 7.52, 9.74, 6.72, 2.88, 5.9, 5.87], [6.25, 4.49, 6.66, 2.68, 2.62, 7.58, 4.86], [0.33, 4.49, 3.44, 6.0, 4.73, 0.87, 2.63], [7.63, 1.46, 3.24, 5.72, 7.53, 7.25, 3.01]]",5.0,3.24,12,"[0.34, 0.23, 0.2, 0.23]","[[0, 1, 8, 9, 16, 17, 24, 25], [0, 2, 7, 10, 15, 18, 23, 26], [0, 3, 6, 11, 14, 19, 22, 27], [0, 4, 5, 12, 13, 20, 21, 28]]",2.994
3833,0.0,2,"[[0.72, 5.25, 9.97, 4.85, 8.58, 2.57, 9.15], [5.48, 9.36, 2.36, 9.25, 3.72, 4.76, 6.74], [7.14, 7.36, 2.91, 4.13, 7.03, 8.48, 0.38], [5.84, 6.37, 7.56, 3.71, 4.02, 2.93, 0.09]]",5.0,9.36,12,"[0.03, 0.85, 0.06, 0.06]","[[0, 1, 8, 12, 13, 20, 21, 28], [0, 2, 7, 11, 14, 19, 22, 27], [0, 3, 6, 10, 15, 18, 23, 26], [0, 4, 5, 9, 16, 17, 24, 25]]",2.994
3834,0.0,5,"[[8.47, 2.82, 7.33, 4.03, 7.07, 2.75, 1.54], [4.68, 3.16, 0.97, 1.44, 5.2, 6.65, 9.25], [8.41, 7.04, 1.31, 3.23, 7.09, 7.67, 1.55], [6.28, 2.99, 4.33, 1.28, 9.25, 6.99, 2.35]]",5.0,9.25,12,"[0.01, 0.01, 0.01, 0.97]","[[0, 1, 8, 9, 0, 17, 18, 20], [0, 2, 7, 10, 0, 16, 19, 21], [0, 3, 6, 11, 13, 15, 0, 0], [0, 4, 5, 0, 12, 14, 0, 0]]",2.994
3835,0.0,5,"[[5.63, 2.91, 6.84, 6.5, 2.65, 5.91, 4.09], [5.16, 0.83, 2.41, 5.99, 6.15, 3.67, 6.12], [5.67, 9.08, 3.93, 7.57, 5.62, 2.51, 2.61], [4.59, 1.2, 4.42, 1.16, 8.17, 8.27, 1.11]]",5.0,6.15,12,"[0.14, 0.34, 0.35, 0.17]","[[0, 1, 28, 26, 22, 13, 14, 21], [0, 2, 27, 25, 24, 12, 15, 20], [0, 3, 6, 8, 23, 11, 16, 19], [0, 4, 5, 7, 9, 10, 17, 18]]",2.994
3836,0.0,7,"[[0.94, 9.58, 9.58, 1.68, 3.99, 3.26, 9.98], [7.2, 6.69, 3.6, 6.35, 1.28, 0.52, 9.84], [4.59, 4.33, 3.41, 2.69, 0.89, 3.28, 2.91], [7.61, 5.48, 8.81, 6.78, 0.6, 7.91, 3.87]]",5.0,9.84,12,"[0.01, 0.89, 0.08, 0.02]","[[0, 1, 7, 9, 16, 17, 23, 24], [0, 2, 8, 10, 15, 18, 25, 26], [0, 3, 6, 11, 14, 19, 22, 27], [0, 4, 5, 12, 13, 21, 20, 28]]",2.994
3837,0.0,4,"[[7.74, 3.22, 6.43, 3.71, 7.81, 4.87, 5.0], [6.79, 7.24, 2.38, 4.86, 3.87, 6.17, 4.92], [3.15, 9.58, 2.44, 5.2, 8.45, 2.58, 2.29], [4.2, 1.81, 5.9, 9.47, 8.69, 2.45, 6.94]]",5.0,9.47,12,"[0.15, 0.38, 0.14, 0.33]","[[0, 1, 8, 9, 16, 17, 24, 25], [0, 2, 7, 10, 15, 18, 23, 26], [0, 3, 6, 11, 14, 19, 22, 27], [0, 4, 5, 12, 13, 20, 21, 28]]",2.994
3838,0.0,7,"[[5.12, 1.51, 5.2, 6.71, 2.69, 8.45, 7.56], [1.26, 6.81, 6.02, 6.85, 3.83, 2.04, 5.15], [0.77, 1.29, 6.67, 1.6, 1.63, 0.54, 0.89], [4.2, 5.58, 3.29, 3.97, 3.54, 6.37, 4.95]]",5.0,4.95,12,"[0.21, 0.27, 0.19, 0.33]","[[0, 1, 8, 9, 16, 17, 24, 25], [0, 2, 7, 10, 15, 18, 23, 26], [0, 3, 6, 11, 14, 19, 22, 27], [0, 4, 5, 12, 13, 20, 21, 28]]",2.994
3839,0.0,7,"[[5.71, 4.0, 7.87, 3.26, 8.95, 9.97, 6.35], [4.81, 5.73, 5.74, 5.66, 5.51, 4.81, 7.59], [6.14, 5.62, 3.6, 6.94, 3.42, 3.6, 6.26], [1.09, 4.7, 1.56, 4.05, 2.65, 4.29, 5.33]]",5.0,5.33,12,"[0.02, 0.08, 0.03, 0.87]","[[0, 1, 8, 12, 16, 20, 24, 28], [0, 2, 7, 11, 15, 19, 23, 27], [0, 3, 6, 10, 14, 18, 22, 26], [0, 4, 5, 9, 13, 17, 21, 25]]",2.994
3840,0.0,1,"[[2.88, 2.6, 7.89, 4.77, 7.12, 4.23, 2.87], [3.29, 2.97, 3.82, 9.51, 9.45, 8.27, 5.42], [3.22, 3.81, 4.18, 2.52, 3.48, 3.16, 9.41], [1.89, 5.73, 6.1, 1.69, 4.58, 1.23, 3.5]]",5.0,3.22,13,"[0.2, 0.16, 0.26, 0.38]","[[0, 1, 7, 13, 12, 17, 24, 25], [0, 4, 6, 11, 16, 18, 23, 26], [0, 3, 5, 10, 15, 19, 22, 28], [0, 2, 8, 9, 14, 20, 21, 27]]",2.994
3841,0.0,1,"[[1.63, 4.7, 3.32, 2.64, 8.47, 3.24, 4.54], [8.67, 5.47, 1.74, 1.77, 1.06, 7.43, 3.25], [4.05, 4.33, 1.96, 6.68, 6.28, 9.52, 7.64], [3.95, 5.24, 1.85, 2.91, 0.64, 2.21, 1.85]]",5.0,8.67,13,"[0.05, 0.89, 0.05, 0.01]","[[0, 17, 16, 12, 10, 7, 0, 0], [0, 18, 14, 13, 9, 6, 0, 0], [0, 19, 15, 11, 8, 5, 0, 0], [0, 1, 3, 2, 4, 0, 0, 0]]",2.994
3842,0.0,1,"[[5.12, 1.51, 5.2, 6.71, 2.69, 8.45, 7.56], [1.26, 6.81, 6.02, 6.85, 3.83, 2.04, 5.15], [0.77, 1.29, 6.67, 1.6, 1.63, 0.54, 0.89], [4.2, 5.58, 3.29, 3.97, 3.54, 6.37, 4.95]]",5.0,0.77,13,"[0.21, 0.27, 0.19, 0.33]","[[0, 0, 0, 0, 0, 0, 0, 0], [0, 0, 0, 0, 0, 0, 0, 0], [0, 0, 0, 0, 0, 0, 0, 0], [0, 0, 0, 0, 0, 0, 0, 0]]",2.994
3843,0.0,3,"[[7.17, 3.46, 5.58, 3.93, 3.7, 2.49, 5.53], [9.77, 5.93, 5.47, 2.25, 8.04, 7.17, 0.39], [7.48, 1.53, 5.91, 7.74, 1.59, 6.73, 3.86], [5.1, 6.8, 2.11, 7.09, 7.57, 6.62, 8.34]]",5.0,5.58,13,"[0.88, 0.05, 0.05, 0.02]","[[0, 0, 0, 0, 0, 0, 0, 0], [0, 0, 0, 0, 0, 0, 0, 0], [0, 0, 0, 0, 0, 0, 0, 0], [0, 0, 0, 0, 0, 0, 0, 0]]",2.994
3844,0.0,3,"[[3.74, 4.35, 1.03, 5.02, 2.48, 7.72, 3.91], [9.52, 3.82, 4.46, 2.55, 5.65, 6.25, 0.76], [2.96, 5.49, 2.32, 7.63, 0.35, 8.21, 6.51], [4.09, 2.1, 9.56, 8.08, 0.89, 1.16, 4.1]]",5.0,9.56,13,"[0.04, 0.08, 0.02, 0.86]","[[0, 1, 2, 3, 4, 5, 6, 7], [0, 0, 0, 0, 0, 0, 0, 0], [0, 0, 0, 0, 0, 0, 0, 0], [0, 9, 8, 10, 11, 12, 13, 14]]",2.994
3845,0.0,7,"[[5.28, 9.9, 6.81, 1.61, 2.79, 8.92, 6.09], [3.46, 6.68, 6.44, 3.71, 3.55, 0.25, 8.07], [6.52, 2.17, 8.0, 8.5, 5.35, 1.81, 3.32], [5.89, 1.86, 6.44, 5.29, 3.29, 8.96, 7.12]]",5.0,6.09,13,"[0.23, 0.3, 0.24, 0.23]","[[0, 0, 0, 0, 0, 0, 0, 0], [0, 1, 2, 3, 4, 5, 6, 7], [0, 0, 0, 0, 0, 0, 0, 0], [0, 0, 0, 0, 0, 0, 0, 0]]",2.994
3846,0.0,4,"[[5.11, 2.17, 0.1, 9.47, 2.73, 6.4, 3.36], [4.31, 7.26, 6.36, 8.48, 2.98, 4.68, 5.77], [8.38, 2.0, 6.14, 7.53, 4.7, 1.99, 1.53], [7.09, 5.94, 3.03, 5.37, 2.51, 3.9, 2.79]]",5.0,5.37,13,"[0.31, 0.35, 0.15, 0.19]","[[0, 0, 0, 0, 0, 0, 0, 0], [0, 1, 2, 3, 4, 5, 6, 0], [0, 0, 0, 0, 0, 0, 0, 0], [0, 0, 0, 0, 0, 0, 0, 0]]",2.994
3847,0.0,5,"[[5.16, 3.84, 2.97, 6.89, 7.92, 3.02, 6.81], [6.93, 3.64, 5.33, 8.47, 3.82, 8.88, 7.83], [4.51, 5.38, 9.21, 3.79, 4.77, 9.29, 4.59], [3.55, 8.48, 4.66, 2.28, 3.95, 2.95, 5.67]]",5.0,7.92,13,"[0.86, 0.08, 0.05, 0.01]","[[0, 1, 2, 3, 4, 5, 6, 7], [0, 0, 0, 0, 0, 0, 0, 0], [0, 0, 0, 0, 0, 0, 0, 0], [0, 0, 0, 0, 0, 0, 0, 0]]",2.994
3848,0.0,2,"[[7.91, 1.03, 5.87, 7.52, 6.88, 7.18, 6.1], [5.88, 5.55, 1.78, 3.0, 4.69, 4.52, 8.75], [5.71, 1.25, 6.22, 6.17, 8.38, 7.26, 4.32], [6.4, 8.88, 5.28, 4.23, 1.08, 0.7, 3.39]]",5.0,8.88,13,"[0.3, 0.18, 0.2, 0.32]","[[0, 0, 0, 0, 0, 0, 0, 0], [0, 0, 0, 0, 0, 0, 0, 0], [0, 0, 0, 0, 0, 0, 0, 0], [0, 1, 2, 3, 4, 5, 6, 7]]",2.994
3849,0.0,7,"[[8.39, 1.9, 3.96, 5.78, 2.24, 5.8, 4.1], [0.94, 5.02, 2.49, 5.54, 6.54, 4.33, 9.65], [7.94, 7.8, 4.1, 9.82, 1.59, 4.84, 8.58], [8.96, 7.49, 1.94, 3.92, 0.76, 2.82, 6.17]]",5.0,9.65,13,"[0.11, 0.85, 0.02, 0.02]","[[0, 0, 0, 0, 0, 0, 0, 0], [0, 1, 2, 3, 4, 5, 7, 6], [0, 0, 0, 0, 0, 0, 0, 0], [0, 0, 0, 0, 0, 0, 0, 0]]",2.994
3850,0.0,3,"[[0.14, 0.07, 0.05, 0.18, 0.03, 0.01, 0.18], [0.19, 0.23, 0.07, 0.1, 0.08, 0.19, 0.2], [0.17, 0.24, 0.03, 0.21, 0.19, 0.07, 0.21], [0.14, 0.09, 0.21, 0.08, 0.19, 0.05, 0.09]]",0.13,0.07,13,"[0.15, 0.26, 0.26, 0.33]","[[0, 0, 0, 0, 0, 0, 0, 0], [0, 0, 0, 0, 0, 0, 0, 0], [0, 0, 0, 0, 0, 0, 0, 0], [0, 1, 2, 3, 4, 5, 6, 7]]",0.072
3851,0.0,3,"[[0.16, 0.11, 0.08, 0.09, 0.11, 0.11, 0.06], [0.14, 0.14, 0.15, 0.18, 0.2, 0.23, 0.09], [0.09, 0.18, 0.2, 0.13, 0.05, 0.16, 0.07], [0.08, 0.02, 0.16, 0.15, 0.1, 0.09, 0.12]]",0.13,0.2,13,"[0.08, 0.02, 0.89, 0.01]","[[0, 0, 0, 0, 0, 0, 0, 0], [0, 0, 0, 0, 0, 0, 0, 0], [0, 0, 0, 0, 0, 0, 0, 0], [0, 0, 0, 0, 0, 0, 0, 0]]",0.072
3852,0.0,5,"[[0.1, 0.22, 0.11, 0.07, 0.15, 0.15, 0.08], [0.22, 0.14, 0.05, 0.13, 0.2, 0.14, 0.2], [0.02, 0.25, 0.2, 0.08, 0.15, 0.02, 0.07], [0.11, 0.1, 0.17, 0.14, 0.2, 0.08, 0.11]]",0.13,0.2,13,"[0.87, 0.08, 0.02, 0.03]","[[0, 0, 0, 0, 0, 0, 0, 0], [0, 0, 0, 0, 0, 0, 0, 0], [0, 0, 0, 0, 0, 0, 0, 0], [0, 0, 0, 0, 0, 0, 0, 0]]",0.072
3853,0.0,5,"[[0.18, 0.08, 0.04, 0.19, 0.05, 0.05, 0.16], [0.09, 0.22, 0.23, 0.17, 0.13, 0.24, 0.18], [0.21, 0.2, 0.1, 0.14, 0.11, 0.11, 0.19], [0.23, 0.14, 0.16, 0.18, 0.12, 0.18, 0.03]]",0.13,0.13,13,"[0.02, 0.92, 0.02, 0.04]","[[0, 0, 0, 0, 0, 0, 0, 0], [0, 0, 0, 0, 0, 0, 0, 0], [0, 0, 0, 0, 0, 0, 0, 0], [0, 0, 0, 0, 0, 0, 0, 0]]",0.072
3854,0.0,5,"[[0.2, 0.14, 0.16, 0.12, 0.21, 0.18, 0.23], [0.06, 0.09, 0.16, 0.16, 0.14, 0.12, 0.15], [0.23, 0.08, 0.17, 0.11, 0.04, 0.14, 0.15], [0.06, 0.12, 0.16, 0.23, 0.08, 0.11, 0.15]]",0.13,0.08,13,"[0.33, 0.18, 0.11, 0.38]","[[0, 0, 0, 0, 0, 1, 0, 0], [0, 0, 0, 0, 0, 0, 0, 0], [0, 0, 0, 0, 0, 0, 0, 0], [0, 0, 0, 0, 0, 0, 0, 0]]",0.072
3855,0.0,4,"[[0.06, 0.1, 0.22, 0.17, 0.09, 0.03, 0.08], [0.24, 0.07, 0.1, 0.11, 0.11, 0.15, 0.16], [0.04, 0.05, 0.2, 0.13, 0.03, 0.1, 0.19], [0.2, 0.09, 0.17, 0.15, 0.2, 0.1, 0.15]]",0.13,0.15,13,"[0.01, 0.1, 0.04, 0.85]","[[0, 0, 0, 0, 0, 0, 0, 0], [0, 0, 0, 0, 0, 0, 0, 0], [0, 0, 0, 0, 0, 0, 0, 0], [0, 0, 0, 0, 0, 0, 0, 0]]",0.072
3856,0.0,4,"[[0.12, 0.13, 0.12, 0.14, 0.05, 0.1, 0.25], [0.16, 0.2, 0.2, 0.14, 0.09, 0.17, 0.09], [0.11, 0.12, 0.11, 0.11, 0.08, 0.05, 0.17], [0.19, 0.2, 0.07, 0.21, 0.07, 0.13, 0.2]]",0.13,0.11,13,"[0.17, 0.35, 0.31, 0.17]","[[0, 0, 0, 0, 0, 0, 0, 0], [0, 0, 0, 0, 0, 0, 0, 0], [0, 0, 0, 0, 0, 0, 0, 0], [0, 0, 0, 0, 0, 0, 0, 0]]",0.072
3857,0.0,5,"[[0.02, 0.18, 0.09, 0.13, 0.07, 0.12, 0.08], [0.15, 0.12, 0.24, 0.14, 0.1, 0.01, 0.14], [0.2, 0.14, 0.24, 0.13, 0.22, 0.23, 0.18], [0.11, 0.21, 0.18, 0.07, 0.12, 0.14, 0.14]]",0.13,0.07,13,"[0.85, 0.02, 0.03, 0.1]","[[0, 0, 0, 0, 0, 0, 0, 0], [0, 0, 0, 0, 0, 0, 0, 0], [0, 0, 0, 0, 0, 0, 0, 0], [0, 0, 0, 0, 0, 0, 0, 0]]",0.072
3858,0.0,6,"[[0.08, 0.08, 0.03, 0.08, 0.06, 0.11, 0.11], [0.21, 0.12, 0.16, 0.16, 0.17, 0.12, 0.08], [0.24, 0.22, 0.1, 0.12, 0.06, 0.2, 0.05], [0.13, 0.19, 0.1, 0.18, 0.14, 0.09, 0.16]]",0.13,0.12,13,"[0.12, 0.34, 0.21, 0.33]","[[0, 0, 0, 0, 0, 0, 0, 0], [0, 0, 0, 0, 0, 0, 0, 0], [0, 0, 0, 0, 0, 0, 0, 0], [0, 0, 0, 0, 0, 0, 0, 0]]",0.072
3859,0.0,5,"[[0.1, 0.1, 0.17, 0.08, 0.04, 0.09, 0.12], [0.18, 0.07, 0.12, 0.15, 0.14, 0.22, 0.18], [0.17, 0.02, 0.06, 0.16, 0.1, 0.2, 0.19], [0.23, 0.18, 0.17, 0.22, 0.21, 0.09, 0.19]]",0.13,0.1,13,"[0.21, 0.32, 0.34, 0.13]","[[0, 0, 0, 0, 0, 0, 0, 0], [0, 0, 0, 0, 0, 0, 0, 0], [0, 0, 0, 0, 0, 0, 0, 0], [0, 0, 0, 0, 0, 0, 0, 0]]",0.072
3860,0.01,4,"[[5.16, 3.84, 2.97, 6.89, 7.92, 3.02, 6.81], [6.93, 3.64, 5.33, 8.47, 3.82, 8.88, 7.83], [4.51, 5.38, 9.21, 3.79, 4.77, 9.29, 4.59], [3.55, 8.48, 4.66, 2.28, 3.95, 2.95, 5.67]]",5.0,6.89,14,"[0.86, 0.08, 0.05, 0.01]","[[0, 1, 8, 9, 16, 17, 24, 25], [0, 2, 7, 10, 15, 18, 23, 27], [0, 3, 5, 11, 13, 19, 22, 26], [0, 4, 6, 12, 14, 20, 21, 28]]",2.994
3861,0.01,4,"[[6.38, 4.4, 2.78, 4.02, 3.28, 4.56, 6.79], [6.89, 5.4, 5.87, 9.63, 0.42, 4.93, 4.29], [2.96, 2.23, 8.29, 4.74, 3.72, 2.39, 0.86], [5.36, 5.18, 6.28, 1.08, 2.81, 5.95, 9.65]]",5.0,4.74,14,"[0.2, 0.38, 0.3, 0.12]","[[0, 1, 2, 3, 4, 5, 6, 7], [0, 13, 12, 14, 11, 10, 9, 8], [0, 15, 16, 17, 24, 18, 19, 20], [0, 28, 27, 26, 25, 23, 22, 21]]",2.994
3862,0.01,4,"[[3.54, 3.18, 6.26, 3.39, 3.52, 5.47, 1.42], [3.13, 1.91, 7.14, 3.81, 4.58, 6.9, 8.39], [7.48, 1.27, 5.41, 7.63, 6.12, 1.81, 6.34], [6.09, 3.7, 4.25, 4.91, 0.8, 7.46, 7.59]]",5.0,7.63,14,"[0.04, 0.07, 0.88, 0.01]","[[0, 1, 7, 14, 13, 18, 19, 21], [0, 2, 6, 8, 16, 17, 20, 22], [0, 3, 5, 9, 12, 24, 23, 27], [0, 4, 15, 10, 11, 25, 28, 26]]",2.994
3863,0.01,7,"[[2.67, 1.86, 1.79, 5.75, 3.59, 3.3, 1.49], [1.18, 8.77, 6.89, 4.16, 3.25, 3.0, 9.34], [1.75, 2.03, 4.01, 8.67, 5.48, 1.04, 6.3], [4.37, 0.5, 5.19, 4.46, 0.43, 0.13, 6.06]]",5.0,6.06,14,"[0.24, 0.23, 0.24, 0.29]","[[0, 1, 8, 9, 16, 17, 28, 27], [0, 2, 7, 10, 15, 18, 25, 26], [0, 3, 5, 11, 13, 19, 24, 23], [0, 4, 6, 12, 14, 20, 21, 22]]",2.994
3864,0.01,4,"[[6.18, 4.93, 6.72, 3.3, 6.34, 6.06, 5.41], [7.2, 2.38, 3.93, 9.67, 4.79, 7.96, 3.99], [0.82, 2.25, 1.43, 2.43, 5.42, 7.07, 9.93], [9.97, 3.97, 5.79, 8.9, 4.27, 7.39, 5.81]]",5.0,3.3,14,"[0.28, 0.28, 0.19, 0.25]","[[0, 1, 8, 9, 16, 17, 24, 25], [0, 2, 7, 10, 15, 18, 23, 26], [0, 3, 6, 11, 14, 19, 22, 27], [0, 4, 5, 12, 13, 20, 21, 28]]",2.994
3865,0.01,4,"[[3.74, 4.35, 1.03, 5.02, 2.48, 7.72, 3.91], [9.52, 3.82, 4.46, 2.55, 5.65, 6.25, 0.76], [2.96, 5.49, 2.32, 7.63, 0.35, 8.21, 6.51], [4.09, 2.1, 9.56, 8.08, 0.89, 1.16, 4.1]]",5.0,8.08,14,"[0.04, 0.08, 0.02, 0.86]","[[0, 1, 8, 9, 15, 16, 17, 18], [0, 2, 7, 10, 14, 27, 25, 26], [0, 3, 6, 11, 13, 28, 24, 19], [0, 4, 5, 12, 23, 22, 21, 20]]",2.994
3866,0.01,1,"[[7.74, 3.22, 6.43, 3.71, 7.81, 4.87, 5.0], [6.79, 7.24, 2.38, 4.86, 3.87, 6.17, 4.92], [3.15, 9.58, 2.44, 5.2, 8.45, 2.58, 2.29], [4.2, 1.81, 5.9, 9.47, 8.69, 2.45, 6.94]]",5.0,4.2,14,"[0.15, 0.38, 0.14, 0.33]","[[0, 1, 18, 17, 16, 15, 14, 13], [0, 2, 19, 28, 27, 26, 25, 12], [0, 3, 20, 21, 22, 23, 24, 11], [0, 4, 5, 6, 7, 8, 9, 10]]",2.994
3867,0.01,5,"[[7.04, 7.27, 1.99, 4.87, 6.53, 6.34, 1.47], [5.29, 2.16, 9.06, 4.67, 7.92, 5.41, 7.56], [6.95, 5.35, 1.7, 4.81, 6.84, 1.21, 8.92], [6.63, 5.53, 4.35, 1.42, 5.69, 5.92, 4.12]]",5.0,7.92,14,"[0.07, 0.87, 0.03, 0.03]","[[0, 1, 3, 2, 4, 5, 6, 7], [0, 18, 19, 20, 21, 22, 23, 8], [0, 17, 28, 27, 26, 25, 24, 9], [0, 16, 15, 14, 13, 12, 11, 10]]",2.994
3868,0.01,6,"[[1.89, 1.68, 4.82, 0.64, 6.72, 5.82, 3.47], [2.81, 5.64, 4.93, 5.88, 1.19, 6.58, 2.91], [6.88, 4.96, 4.06, 5.77, 1.03, 4.24, 5.62], [0.22, 1.89, 4.63, 5.2, 4.1, 3.36, 6.44]]",5.0,5.82,14,"[0.25, 0.26, 0.31, 0.18]","[[0, 1, 2, 3, 4, 5, 6, 7], [0, 18, 19, 20, 21, 22, 23, 8], [0, 17, 28, 27, 26, 25, 24, 9], [0, 16, 14, 13, 15, 12, 11, 10]]",2.994
3869,0.01,3,"[[9.88, 3.37, 6.84, 6.02, 5.72, 2.47, 6.83], [4.66, 3.57, 1.89, 8.02, 4.52, 4.58, 0.56], [5.57, 8.71, 8.98, 7.3, 1.41, 5.09, 6.3], [2.79, 3.58, 9.87, 3.61, 3.51, 7.13, 2.78]]",5.0,1.89,14,"[0.02, 0.05, 0.05, 0.88]","[[0, 1, 2, 3, 4, 5, 6, 7], [0, 18, 20, 19, 28, 27, 26, 8], [0, 17, 21, 22, 23, 24, 25, 9], [0, 16, 15, 14, 13, 12, 11, 10]]",2.994
3870,0.01,7,"[[0.06, 0.11, 0.17, 0.23, 0.15, 0.14, 0.21], [0.16, 0.17, 0.08, 0.04, 0.07, 0.21, 0.12], [0.2, 0.19, 0.13, 0.12, 0.17, 0.2, 0.16], [0.1, 0.1, 0.12, 0.16, 0.01, 0.17, 0.09]]",0.13,0.16,14,"[0.23, 0.25, 0.3, 0.22]","[[0, 0, 0, 0, 0, 0, 0, 0], [0, 1, 0, 0, 3, 0, 0, 0], [0, 0, 0, 0, 0, 0, 0, 0], [0, 0, 2, 0, 0, 0, 4, 0]]",0.072
3871,0.01,6,"[[0.08, 0.23, 0.16, 0.14, 0.22, 0.12, 0.2], [0.17, 0.2, 0.03, 0.17, 0.21, 0.17, 0.07], [0.08, 0.2, 0.14, 0.22, 0.1, 0.13, 0.17], [0.07, 0.12, 0.01, 0.11, 0.05, 0.12, 0.17]]",0.13,0.17,14,"[0.86, 0.03, 0.04, 0.07]","[[0, 0, 0, 0, 0, 0, 0, 0], [0, 0, 0, 0, 0, 0, 0, 0], [0, 0, 0, 0, 0, 0, 0, 0], [0, 0, 0, 0, 0, 0, 0, 0]]",0.072
3872,0.01,4,"[[0.08, 0.08, 0.03, 0.08, 0.06, 0.11, 0.11], [0.21, 0.12, 0.16, 0.16, 0.17, 0.12, 0.08], [0.24, 0.22, 0.1, 0.12, 0.06, 0.2, 0.05], [0.13, 0.19, 0.1, 0.18, 0.14, 0.09, 0.16]]",0.13,0.16,14,"[0.12, 0.34, 0.21, 0.33]","[[0, 0, 0, 0, 0, 0, 0, 0], [0, 0, 0, 0, 0, 0, 0, 0], [0, 0, 0, 0, 0, 0, 0, 0], [0, 0, 0, 0, 0, 0, 0, 0]]",0.072
3873,0.01,6,"[[0.2, 0.21, 0.23, 0.23, 0.18, 0.14, 0.22], [0.2, 0.22, 0.22, 0.25, 0.05, 0.12, 0.09], [0.02, 0.05, 0.07, 0.23, 0.14, 0.19, 0.02], [0.12, 0.1, 0.13, 0.23, 0.18, 0.06, 0.24]]",0.13,0.19,14,"[0.08, 0.03, 0.87, 0.02]","[[0, 0, 0, 0, 0, 0, 0, 0], [0, 0, 0, 0, 0, 0, 0, 0], [0, 0, 0, 0, 0, 0, 0, 0], [0, 0, 0, 0, 0, 0, 0, 0]]",0.072
3874,0.01,6,"[[0.08, 0.23, 0.11, 0.15, 0.14, 0.16, 0.07], [0.19, 0.17, 0.09, 0.16, 0.14, 0.09, 0.03], [0.13, 0.11, 0.24, 0.17, 0.14, 0.06, 0.15], [0.09, 0.17, 0.09, 0.17, 0.19, 0.1, 0.17]]",0.13,0.1,14,"[0.01, 0.02, 0.11, 0.86]","[[0, 0, 0, 0, 0, 0, 0, 0], [0, 0, 0, 0, 0, 0, 0, 0], [0, 0, 0, 0, 0, 0, 0, 0], [0, 0, 0, 0, 0, 0, 0, 0]]",0.072
3875,0.01,3,"[[0.19, 0.12, 0.08, 0.18, 0.08, 0.2, 0.22], [0.05, 0.04, 0.19, 0.18, 0.18, 0.05, 0.1], [0.21, 0.13, 0.15, 0.13, 0.16, 0.15, 0.08], [0.19, 0.06, 0.09, 0.07, 0.04, 0.2, 0.08]]",0.13,0.19,14,"[0.16, 0.28, 0.23, 0.33]","[[0, 0, 0, 0, 0, 0, 0, 0], [0, 0, 0, 0, 0, 0, 0, 0], [0, 0, 0, 0, 0, 0, 0, 0], [0, 0, 0, 0, 0, 0, 0, 0]]",0.072
3876,0.01,3,"[[0.15, 0.08, 0.15, 0.12, 0.15, 0.08, 0.22], [0.12, 0.2, 0.22, 0.16, 0.25, 0.12, 0.11], [0.19, 0.22, 0.15, 0.08, 0.12, 0.14, 0.2], [0.21, 0.16, 0.09, 0.16, 0.22, 0.15, 0.19]]",0.13,0.15,14,"[0.05, 0.07, 0.86, 0.02]","[[0, 0, 0, 0, 0, 0, 0, 0], [0, 0, 0, 0, 0, 0, 0, 0], [0, 0, 0, 0, 0, 0, 0, 0], [0, 0, 0, 0, 0, 0, 0, 0]]",0.072
3877,0.01,4,"[[0.15, 0.2, 0.21, 0.14, 0.15, 0.21, 0.2], [0.1, 0.12, 0.15, 0.05, 0.19, 0.19, 0.19], [0.2, 0.18, 0.22, 0.07, 0.23, 0.17, 0.15], [0.25, 0.17, 0.14, 0.07, 0.06, 0.14, 0.21]]",0.13,0.14,14,"[0.33, 0.32, 0.13, 0.22]","[[0, 0, 0, 0, 0, 0, 0, 0], [0, 0, 0, 0, 0, 0, 0, 0], [0, 0, 0, 0, 0, 0, 0, 0], [0, 0, 0, 0, 0, 0, 0, 0]]",0.072
3878,0.01,5,"[[0.12, 0.13, 0.12, 0.14, 0.05, 0.1, 0.25], [0.16, 0.2, 0.2, 0.14, 0.09, 0.17, 0.09], [0.11, 0.12, 0.11, 0.11, 0.08, 0.05, 0.17], [0.19, 0.2, 0.07, 0.21, 0.07, 0.13, 0.2]]",0.13,0.05,14,"[0.17, 0.35, 0.31, 0.17]","[[0, 0, 0, 0, 0, 0, 0, 0], [0, 0, 0, 0, 0, 0, 0, 0], [0, 0, 0, 0, 0, 0, 0, 0], [0, 0, 0, 0, 0, 0, 0, 0]]",0.072
3879,0.01,7,"[[0.04, 0.14, 0.09, 0.06, 0.18, 0.1, 0.07], [0.09, 0.13, 0.01, 0.23, 0.07, 0.19, 0.05], [0.08, 0.2, 0.08, 0.21, 0.07, 0.04, 0.22], [0.12, 0.1, 0.09, 0.18, 0.18, 0.04, 0.15]]",0.13,0.15,14,"[0.05, 0.03, 0.07, 0.85]","[[0, 0, 0, 0, 0, 0, 0, 0], [0, 0, 0, 0, 0, 0, 0, 0], [0, 0, 0, 0, 0, 0, 0, 0], [0, 0, 0, 0, 0, 0, 0, 0]]",0.072
3880,0.01,1,"[[0.22, 0.12, 0.18, 0.2, 0.04, 0.04, 0.16], [0.19, 0.18, 0.17, 0.17, 0.18, 0.2, 0.15], [0.03, 0.13, 0.18, 0.12, 0.17, 0.16, 0.08], [0.21, 0.09, 0.16, 0.11, 0.25, 0.1, 0.16]]",0.13,0.21,15,"[0.34, 0.12, 0.22, 0.32]","[[0, 1, 5, 11, 0, 0, 0, 0], [0, 2, 6, 10, 0, 0, 0, 0], [0, 3, 7, 0, 0, 0, 0, 0], [0, 4, 8, 9, 0, 0, 0, 0]]",0.072
3881,0.01,2,"[[0.11, 0.18, 0.17, 0.05, 0.02, 0.11, 0.14], [0.16, 0.12, 0.11, 0.08, 0.11, 0.16, 0.08], [0.12, 0.16, 0.05, 0.23, 0.13, 0.08, 0.03], [0.17, 0.24, 0.1, 0.22, 0.06, 0.14, 0.05]]",0.13,0.16,15,"[0.01, 0.08, 0.86, 0.05]","[[0, 0, 1, 0, 0, 0, 0, 0], [0, 0, 0, 0, 0, 0, 0, 0], [0, 0, 2, 0, 0, 0, 0, 0], [0, 0, 0, 0, 0, 0, 0, 0]]",0.072
3882,0.01,3,"[[0.14, 0.12, 0.08, 0.02, 0.14, 0.19, 0.09], [0.2, 0.01, 0.13, 0.03, 0.11, 0.06, 0.23], [0.19, 0.12, 0.16, 0.15, 0.16, 0.07, 0.21], [0.09, 0.14, 0.24, 0.12, 0.1, 0.2, 0.16]]",0.13,0.24,15,"[0.36, 0.17, 0.12, 0.35]","[[0, 0, 0, 2, 0, 0, 0, 0], [0, 0, 0, 0, 0, 0, 0, 0], [0, 0, 0, 0, 0, 0, 0, 0], [0, 0, 0, 1, 0, 0, 0, 0]]",0.072
3883,0.01,4,"[[0.05, 0.08, 0.17, 0.15, 0.22, 0.07, 0.07], [0.06, 0.1, 0.12, 0.11, 0.19, 0.16, 0.05], [0.19, 0.16, 0.13, 0.06, 0.18, 0.04, 0.24], [0.15, 0.24, 0.11, 0.13, 0.14, 0.03, 0.01]]",0.13,0.15,15,"[0.86, 0.01, 0.05, 0.08]","[[0, 0, 0, 0, 1, 0, 0, 0], [0, 0, 0, 0, 3, 0, 0, 0], [0, 0, 0, 0, 2, 0, 0, 0], [0, 0, 0, 0, 0, 0, 0, 0]]",0.072
3884,0.01,5,"[[0.17, 0.04, 0.18, 0.09, 0.04, 0.16, 0.22], [0.22, 0.14, 0.04, 0.11, 0.04, 0.23, 0.13], [0.09, 0.1, 0.01, 0.06, 0.15, 0.17, 0.05], [0.04, 0.06, 0.1, 0.03, 0.1, 0.03, 0.15]]",0.13,0.04,15,"[0.35, 0.15, 0.13, 0.37]","[[0, 0, 0, 0, 0, 1, 0, 0], [0, 0, 0, 0, 0, 4, 0, 0], [0, 0, 0, 0, 0, 3, 0, 0], [0, 0, 0, 0, 0, 2, 0, 0]]",0.072
3885,0.01,6,"[[0.06, 0.1, 0.22, 0.17, 0.09, 0.03, 0.08], [0.24, 0.07, 0.1, 0.11, 0.11, 0.15, 0.16], [0.04, 0.05, 0.2, 0.13, 0.03, 0.1, 0.19], [0.2, 0.09, 0.17, 0.15, 0.2, 0.1, 0.15]]",0.13,0.1,15,"[0.01, 0.1, 0.04, 0.85]","[[0, 0, 0, 0, 0, 0, 0, 0], [0, 0, 0, 0, 0, 0, 2, 0], [0, 0, 0, 0, 0, 0, 0, 0], [0, 0, 0, 0, 0, 0, 1, 0]]",0.072
3886,0.01,7,"[[0.08, 0.08, 0.03, 0.08, 0.06, 0.11, 0.11], [0.21, 0.12, 0.16, 0.16, 0.17, 0.12, 0.08], [0.24, 0.22, 0.1, 0.12, 0.06, 0.2, 0.05], [0.13, 0.19, 0.1, 0.18, 0.14, 0.09, 0.16]]",0.13,0.05,15,"[0.12, 0.34, 0.21, 0.33]","[[0, 0, 0, 0, 0, 0, 0, 0], [0, 0, 0, 0, 0, 0, 0, 2], [0, 0, 0, 0, 0, 0, 0, 3], [0, 0, 5, 0, 0, 4, 0, 1]]",0.072
3887,0.01,7,"[[0.16, 0.21, 0.19, 0.12, 0.21, 0.05, 0.2], [0.14, 0.1, 0.04, 0.07, 0.08, 0.16, 0.22], [0.03, 0.17, 0.22, 0.13, 0.04, 0.22, 0.12], [0.16, 0.14, 0.16, 0.16, 0.18, 0.13, 0.14]]",0.13,0.22,15,"[0.06, 0.89, 0.04, 0.01]","[[0, 0, 0, 0, 4, 0, 0, 0], [0, 2, 0, 0, 1, 0, 0, 3], [0, 0, 0, 0, 0, 0, 0, 0], [0, 0, 0, 0, 5, 0, 0, 0]]",0.072
3888,0.01,7,"[[0.07, 0.07, 0.17, 0.05, 0.08, 0.18, 0.15], [0.19, 0.17, 0.06, 0.13, 0.2, 0.13, 0.2], [0.08, 0.18, 0.04, 0.21, 0.15, 0.15, 0.18], [0.06, 0.08, 0.09, 0.02, 0.12, 0.19, 0.09]]",0.13,0.09,15,"[0.31, 0.27, 0.19, 0.23]","[[0, 0, 0, 0, 0, 3, 0, 1], [0, 0, 0, 0, 2, 0, 0, 0], [0, 0, 0, 0, 0, 0, 0, 0], [0, 0, 0, 5, 0, 4, 0, 0]]",0.072
3889,0.01,4,"[[0.21, 0.14, 0.05, 0.18, 0.12, 0.1, 0.15], [0.03, 0.07, 0.04, 0.14, 0.13, 0.15, 0.2], [0.05, 0.14, 0.08, 0.16, 0.04, 0.13, 0.08], [0.19, 0.12, 0.09, 0.06, 0.18, 0.05, 0.09]]",0.13,0.16,15,"[0.01, 0.02, 0.88, 0.09]","[[0, 0, 0, 0, 0, 0, 0, 0], [0, 0, 0, 0, 0, 0, 0, 0], [0, 0, 3, 0, 2, 0, 0, 1], [0, 0, 0, 0, 4, 0, 0, 0]]",0.072
3890,0.01,4,"[[2.54, 7.44, 2.24, 4.32, 2.76, 9.01, 8.48], [1.82, 8.34, 6.23, 3.89, 6.94, 3.11, 6.18], [7.6, 3.71, 5.31, 9.83, 1.09, 3.87, 7.81], [7.76, 7.0, 2.77, 7.48, 3.83, 0.31, 3.13]]",5.0,7.48,15,"[0.04, 0.07, 0.03, 0.86]","[[0, 0, 0, 0, 0, 0, 0, 0], [0, 0, 0, 0, 0, 0, 0, 0], [0, 0, 0, 0, 0, 0, 0, 0], [0, 0, 0, 1, 3, 0, 2, 0]]",2.994
3891,0.01,2,"[[1.92, 6.77, 0.18, 0.58, 7.09, 4.34, 4.61], [2.63, 2.6, 4.89, 2.52, 8.42, 2.23, 4.37], [6.54, 7.27, 4.71, 3.86, 8.83, 4.81, 5.31], [5.47, 8.91, 3.37, 8.65, 6.85, 1.47, 5.12]]",5.0,2.6,15,"[0.31, 0.2, 0.17, 0.32]","[[0, 0, 5, 0, 0, 3, 0, 0], [0, 0, 4, 0, 2, 0, 0, 0], [0, 0, 0, 0, 0, 0, 0, 0], [0, 0, 1, 0, 0, 0, 0, 0]]",2.994
3892,0.01,5,"[[6.18, 4.93, 6.72, 3.3, 6.34, 6.06, 5.41], [7.2, 2.38, 3.93, 9.67, 4.79, 7.96, 3.99], [0.82, 2.25, 1.43, 2.43, 5.42, 7.07, 9.93], [9.97, 3.97, 5.79, 8.9, 4.27, 7.39, 5.81]]",5.0,6.34,15,"[0.28, 0.28, 0.19, 0.25]","[[0, 0, 0, 0, 0, 0, 0, 0], [0, 0, 0, 3, 0, 4, 0, 0], [0, 0, 0, 0, 0, 0, 0, 0], [0, 0, 2, 0, 0, 1, 0, 0]]",2.994
3893,0.01,6,"[[2.65, 1.66, 4.12, 6.28, 3.9, 4.24, 8.17], [4.84, 2.23, 5.57, 7.45, 3.35, 5.55, 3.39], [6.15, 3.53, 5.47, 2.82, 6.99, 9.09, 0.79], [2.47, 2.31, 1.36, 3.11, 4.52, 5.21, 3.31]]",5.0,5.21,15,"[0.01, 0.06, 0.02, 0.91]","[[0, 0, 0, 0, 0, 0, 0, 0], [0, 0, 0, 0, 0, 0, 4, 0], [0, 0, 0, 0, 0, 0, 0, 0], [0, 0, 1, 0, 0, 0, 2, 3]]",2.994
3894,0.01,2,"[[7.91, 1.03, 5.87, 7.52, 6.88, 7.18, 6.1], [5.88, 5.55, 1.78, 3.0, 4.69, 4.52, 8.75], [5.71, 1.25, 6.22, 6.17, 8.38, 7.26, 4.32], [6.4, 8.88, 5.28, 4.23, 1.08, 0.7, 3.39]]",5.0,8.88,15,"[0.3, 0.18, 0.2, 0.32]","[[0, 0, 6, 0, 0, 0, 0, 0], [0, 0, 0, 0, 0, 0, 0, 0], [0, 0, 5, 0, 0, 0, 0, 0], [0, 0, 4, 1, 0, 2, 0, 3]]",2.994
3895,0.01,3,"[[9.88, 3.37, 6.84, 6.02, 5.72, 2.47, 6.83], [4.66, 3.57, 1.89, 8.02, 4.52, 4.58, 0.56], [5.57, 8.71, 8.98, 7.3, 1.41, 5.09, 6.3], [2.79, 3.58, 9.87, 3.61, 3.51, 7.13, 2.78]]",5.0,9.87,15,"[0.02, 0.05, 0.05, 0.88]","[[0, 0, 0, 3, 0, 0, 0, 0], [0, 0, 0, 0, 0, 0, 0, 0], [0, 0, 0, 0, 0, 0, 0, 0], [0, 0, 0, 1, 2, 0, 0, 0]]",2.994
3896,0.01,6,"[[8.47, 2.82, 7.33, 4.03, 7.07, 2.75, 1.54], [4.68, 3.16, 0.97, 1.44, 5.2, 6.65, 9.25], [8.41, 7.04, 1.31, 3.23, 7.09, 7.67, 1.55], [6.28, 2.99, 4.33, 1.28, 9.25, 6.99, 2.35]]",5.0,6.99,15,"[0.01, 0.01, 0.01, 0.97]","[[0, 0, 0, 0, 0, 0, 0, 0], [0, 0, 0, 0, 0, 0, 3, 0], [0, 0, 0, 0, 0, 0, 0, 0], [0, 0, 1, 0, 0, 0, 2, 0]]",2.994
3897,0.01,5,"[[2.09, 7.52, 9.74, 6.72, 2.88, 5.9, 5.87], [6.25, 4.49, 6.66, 2.68, 2.62, 7.58, 4.86], [0.33, 4.49, 3.44, 6.0, 4.73, 0.87, 2.63], [7.63, 1.46, 3.24, 5.72, 7.53, 7.25, 3.01]]",5.0,2.88,15,"[0.34, 0.23, 0.2, 0.23]","[[0, 0, 0, 0, 0, 3, 0, 0], [0, 0, 0, 0, 0, 2, 0, 0], [0, 0, 0, 0, 0, 4, 0, 0], [0, 0, 0, 0, 0, 1, 0, 0]]",2.994
3898,0.01,3,"[[4.41, 7.98, 5.03, 0.94, 6.07, 7.96, 3.08], [7.18, 6.38, 1.11, 4.77, 7.21, 4.82, 4.9], [5.63, 7.2, 7.79, 1.19, 2.56, 6.05, 3.13], [2.67, 2.05, 5.91, 4.15, 9.55, 4.46, 9.22]]",5.0,5.91,15,"[0.04, 0.02, 0.05, 0.89]","[[0, 0, 0, 5, 0, 0, 0, 0], [0, 0, 0, 4, 0, 0, 0, 0], [0, 0, 0, 3, 0, 0, 0, 0], [0, 0, 6, 2, 1, 0, 0, 0]]",2.994
3899,0.01,4,"[[5.63, 2.91, 6.84, 6.5, 2.65, 5.91, 4.09], [5.16, 0.83, 2.41, 5.99, 6.15, 3.67, 6.12], [5.67, 9.08, 3.93, 7.57, 5.62, 2.51, 2.61], [4.59, 1.2, 4.42, 1.16, 8.17, 8.27, 1.11]]",5.0,5.99,15,"[0.14, 0.34, 0.35, 0.17]","[[0, 0, 0, 0, 4, 0, 0, 0], [0, 0, 0, 0, 2, 0, 0, 0], [0, 0, 0, 0, 1, 0, 0, 0], [0, 0, 0, 0, 3, 0, 0, 0]]",2.994
3900,0.01,4,"[[5.63, 2.91, 6.84, 6.5, 2.65, 5.91, 4.09], [5.16, 0.83, 2.41, 5.99, 6.15, 3.67, 6.12], [5.67, 9.08, 3.93, 7.57, 5.62, 2.51, 2.61], [4.59, 1.2, 4.42, 1.16, 8.17, 8.27, 1.11]]",5.0,5.99,16,"[0.14, 0.34, 0.35, 0.17]","[[0, 17, 0, 0, 15, 20, 0, 0], [0, 2, 4, 6, 7, 9, 12, 13], [0, 1, 3, 5, 8, 10, 11, 14], [0, 18, 0, 0, 16, 19, 0, 0]]",2.994
3901,0.01,7,"[[8.39, 1.9, 3.96, 5.78, 2.24, 5.8, 4.1], [0.94, 5.02, 2.49, 5.54, 6.54, 4.33, 9.65], [7.94, 7.8, 4.1, 9.82, 1.59, 4.84, 8.58], [8.96, 7.49, 1.94, 3.92, 0.76, 2.82, 6.17]]",5.0,9.65,16,"[0.11, 0.85, 0.02, 0.02]","[[0, 0, 0, 0, 0, 0, 0, 8], [0, 1, 2, 3, 4, 5, 6, 7], [0, 0, 0, 0, 0, 0, 0, 0], [0, 0, 0, 0, 0, 0, 0, 0]]",2.994
3902,0.01,3,"[[3.25, 0.97, 8.64, 8.18, 2.13, 6.22, 0.77], [5.88, 7.57, 5.25, 3.43, 6.13, 3.52, 3.61], [5.54, 4.65, 8.68, 9.8, 7.31, 3.42, 4.37], [7.14, 2.83, 7.59, 3.91, 6.6, 1.41, 1.96]]",5.0,7.59,16,"[0.06, 0.03, 0.01, 0.9]","[[0, 0, 0, 0, 0, 0, 0, 0], [0, 0, 0, 0, 0, 0, 0, 0], [0, 0, 0, 0, 0, 0, 0, 0], [0, 1, 2, 3, 4, 5, 6, 7]]",2.994
3903,0.01,3,"[[5.28, 9.9, 6.81, 1.61, 2.79, 8.92, 6.09], [3.46, 6.68, 6.44, 3.71, 3.55, 0.25, 8.07], [6.52, 2.17, 8.0, 8.5, 5.35, 1.81, 3.32], [5.89, 1.86, 6.44, 5.29, 3.29, 8.96, 7.12]]",5.0,6.44,16,"[0.23, 0.3, 0.24, 0.23]","[[0, 1, 8, 9, 0, 0, 0, 0], [0, 2, 7, 10, 0, 0, 0, 0], [0, 3, 6, 11, 0, 0, 0, 0], [0, 4, 5, 12, 13, 0, 0, 0]]",2.994
3904,0.01,4,"[[3.54, 3.18, 6.26, 3.39, 3.52, 5.47, 1.42], [3.13, 1.91, 7.14, 3.81, 4.58, 6.9, 8.39], [7.48, 1.27, 5.41, 7.63, 6.12, 1.81, 6.34], [6.09, 3.7, 4.25, 4.91, 0.8, 7.46, 7.59]]",5.0,7.63,16,"[0.04, 0.07, 0.88, 0.01]","[[0, 0, 0, 0, 0, 0, 0, 0], [0, 0, 0, 0, 0, 0, 0, 0], [0, 1, 2, 3, 4, 5, 6, 7], [0, 0, 0, 0, 0, 0, 0, 0]]",2.994
3905,0.01,5,"[[5.16, 3.84, 2.97, 6.89, 7.92, 3.02, 6.81], [6.93, 3.64, 5.33, 8.47, 3.82, 8.88, 7.83], [4.51, 5.38, 9.21, 3.79, 4.77, 9.29, 4.59], [3.55, 8.48, 4.66, 2.28, 3.95, 2.95, 5.67]]",5.0,7.92,16,"[0.86, 0.08, 0.05, 0.01]","[[0, 1, 2, 3, 4, 5, 6, 7], [0, 0, 0, 0, 0, 0, 0, 0], [0, 0, 0, 0, 0, 0, 0, 0], [0, 0, 0, 0, 0, 0, 0, 0]]",2.994
3906,0.01,2,"[[5.12, 1.51, 5.2, 6.71, 2.69, 8.45, 7.56], [1.26, 6.81, 6.02, 6.85, 3.83, 2.04, 5.15], [0.77, 1.29, 6.67, 1.6, 1.63, 0.54, 0.89], [4.2, 5.58, 3.29, 3.97, 3.54, 6.37, 4.95]]",5.0,5.58,16,"[0.21, 0.27, 0.19, 0.33]","[[0, 0, 11, 0, 0, 0, 9, 0], [0, 16, 10, 17, 18, 19, 8, 0], [0, 15, 12, 0, 0, 0, 13, 14], [0, 1, 2, 3, 4, 5, 6, 7]]",2.994
3907,0.01,7,"[[5.71, 4.0, 7.87, 3.26, 8.95, 9.97, 6.35], [4.81, 5.73, 5.74, 5.66, 5.51, 4.81, 7.59], [6.14, 5.62, 3.6, 6.94, 3.42, 3.6, 6.26], [1.09, 4.7, 1.56, 4.05, 2.65, 4.29, 5.33]]",5.0,5.33,16,"[0.02, 0.08, 0.03, 0.87]","[[0, 0, 0, 0, 0, 0, 0, 0], [0, 0, 0, 0, 0, 0, 0, 0], [0, 0, 0, 0, 0, 0, 0, 0], [0, 1, 2, 3, 4, 5, 6, 7]]",2.994
3908,0.01,6,"[[3.55, 2.94, 0.08, 3.13, 2.15, 9.59, 4.77], [4.35, 5.83, 1.82, 2.79, 3.6, 4.35, 6.66], [4.91, 4.62, 9.06, 2.02, 4.04, 2.21, 7.62], [0.78, 5.9, 1.77, 4.45, 7.63, 4.39, 2.86]]",5.0,9.59,16,"[0.34, 0.11, 0.27, 0.28]","[[0, 1, 2, 3, 4, 5, 6, 7], [0, 0, 0, 0, 0, 0, 10, 11], [0, 0, 0, 0, 0, 0, 9, 12], [0, 0, 0, 0, 0, 0, 8, 13]]",2.994
3909,0.01,2,"[[7.74, 3.22, 6.43, 3.71, 7.81, 4.87, 5.0], [6.79, 7.24, 2.38, 4.86, 3.87, 6.17, 4.92], [3.15, 9.58, 2.44, 5.2, 8.45, 2.58, 2.29], [4.2, 1.81, 5.9, 9.47, 8.69, 2.45, 6.94]]",5.0,7.24,16,"[0.15, 0.38, 0.14, 0.33]","[[0, 12, 13, 0, 0, 0, 0, 0], [0, 1, 2, 3, 4, 5, 6, 7], [0, 11, 14, 0, 0, 0, 0, 0], [0, 9, 8, 0, 0, 0, 10, 0]]",2.994
3910,0.01,3,"[[0.11, 0.17, 0.16, 0.1, 0.16, 0.08, 0.16], [0.14, 0.11, 0.1, 0.17, 0.15, 0.09, 0.15], [0.18, 0.13, 0.06, 0.09, 0.04, 0.12, 0.18], [0.24, 0.17, 0.23, 0.17, 0.08, 0.13, 0.06]]",0.13,0.06,16,"[0.26, 0.27, 0.3, 0.17]","[[0, 0, 0, 0, 0, 0, 0, 0], [0, 0, 0, 0, 0, 0, 0, 0], [0, 0, 0, 0, 0, 0, 0, 0], [0, 0, 0, 0, 0, 0, 0, 0]]",0.072
3911,0.01,6,"[[0.15, 0.08, 0.16, 0.16, 0.12, 0.04, 0.13], [0.17, 0.17, 0.2, 0.1, 0.06, 0.16, 0.12], [0.04, 0.25, 0.2, 0.11, 0.04, 0.11, 0.24], [0.15, 0.14, 0.05, 0.11, 0.22, 0.22, 0.2]]",0.13,0.16,16,"[0.01, 0.89, 0.09, 0.01]","[[0, 0, 0, 0, 0, 0, 0, 0], [0, 0, 0, 0, 0, 0, 0, 0], [0, 0, 0, 0, 0, 0, 0, 0], [0, 0, 0, 0, 0, 0, 0, 0]]",0.072
3912,0.01,6,"[[0.2, 0.14, 0.16, 0.12, 0.21, 0.18, 0.23], [0.06, 0.09, 0.16, 0.16, 0.14, 0.12, 0.15], [0.23, 0.08, 0.17, 0.11, 0.04, 0.14, 0.15], [0.06, 0.12, 0.16, 0.23, 0.08, 0.11, 0.15]]",0.13,0.11,16,"[0.33, 0.18, 0.11, 0.38]","[[0, 0, 0, 0, 0, 0, 0, 0], [0, 0, 0, 0, 0, 0, 0, 0], [0, 0, 0, 0, 0, 0, 0, 0], [0, 0, 0, 0, 0, 0, 0, 0]]",0.072
3913,0.01,2,"[[0.15, 0.08, 0.15, 0.12, 0.15, 0.08, 0.22], [0.12, 0.2, 0.22, 0.16, 0.25, 0.12, 0.11], [0.19, 0.22, 0.15, 0.08, 0.12, 0.14, 0.2], [0.21, 0.16, 0.09, 0.16, 0.22, 0.15, 0.19]]",0.13,0.22,16,"[0.05, 0.07, 0.86, 0.02]","[[0, 0, 0, 0, 0, 0, 0, 0], [0, 0, 0, 0, 0, 0, 0, 0], [0, 0, 2, 0, 0, 0, 1, 0], [0, 0, 0, 0, 0, 0, 0, 0]]",0.072
3914,0.01,6,"[[0.06, 0.11, 0.17, 0.23, 0.15, 0.14, 0.21], [0.16, 0.17, 0.08, 0.04, 0.07, 0.21, 0.12], [0.2, 0.19, 0.13, 0.12, 0.17, 0.2, 0.16], [0.1, 0.1, 0.12, 0.16, 0.01, 0.17, 0.09]]",0.13,0.2,16,"[0.23, 0.25, 0.3, 0.22]","[[0, 0, 0, 0, 0, 0, 0, 0], [0, 0, 0, 0, 0, 0, 0, 0], [0, 0, 0, 0, 0, 0, 0, 0], [0, 0, 0, 0, 0, 0, 0, 0]]",0.072
3915,0.01,5,"[[0.19, 0.09, 0.13, 0.2, 0.03, 0.17, 0.2], [0.08, 0.14, 0.18, 0.15, 0.19, 0.11, 0.07], [0.15, 0.06, 0.07, 0.11, 0.19, 0.02, 0.14], [0.12, 0.04, 0.06, 0.04, 0.06, 0.19, 0.09]]",0.13,0.19,16,"[0.02, 0.85, 0.05, 0.08]","[[0, 0, 0, 0, 0, 0, 0, 0], [0, 4, 2, 3, 6, 5, 1, 7], [0, 0, 0, 0, 0, 0, 0, 0], [0, 0, 0, 0, 0, 0, 0, 0]]",0.072
3916,0.01,1,"[[0.11, 0.18, 0.17, 0.05, 0.02, 0.11, 0.14], [0.16, 0.12, 0.11, 0.08, 0.11, 0.16, 0.08], [0.12, 0.16, 0.05, 0.23, 0.13, 0.08, 0.03], [0.17, 0.24, 0.1, 0.22, 0.06, 0.14, 0.05]]",0.13,0.12,16,"[0.01, 0.08, 0.86, 0.05]","[[0, 0, 0, 0, 0, 0, 0, 0], [0, 0, 0, 0, 0, 0, 0, 0], [0, 0, 2, 0, 0, 0, 1, 0], [0, 0, 0, 0, 0, 0, 0, 0]]",0.072
3917,0.01,6,"[[0.22, 0.12, 0.18, 0.2, 0.04, 0.04, 0.16], [0.19, 0.18, 0.17, 0.17, 0.18, 0.2, 0.15], [0.03, 0.13, 0.18, 0.12, 0.17, 0.16, 0.08], [0.21, 0.09, 0.16, 0.11, 0.25, 0.1, 0.16]]",0.13,0.1,16,"[0.34, 0.12, 0.22, 0.32]","[[0, 0, 0, 0, 0, 0, 0, 0], [0, 0, 0, 0, 0, 0, 0, 0], [0, 0, 0, 0, 0, 0, 0, 0], [0, 0, 0, 0, 0, 0, 0, 0]]",0.072
3918,0.01,6,"[[0.14, 0.07, 0.05, 0.18, 0.03, 0.01, 0.18], [0.19, 0.23, 0.07, 0.1, 0.08, 0.19, 0.2], [0.17, 0.24, 0.03, 0.21, 0.19, 0.07, 0.21], [0.14, 0.09, 0.21, 0.08, 0.19, 0.05, 0.09]]",0.13,0.19,16,"[0.15, 0.26, 0.26, 0.33]","[[0, 0, 0, 0, 0, 0, 0, 0], [0, 0, 0, 0, 0, 0, 0, 0], [0, 0, 0, 0, 0, 0, 0, 0], [0, 0, 0, 0, 0, 0, 0, 0]]",0.072
3919,0.01,6,"[[0.2, 0.21, 0.23, 0.23, 0.18, 0.14, 0.22], [0.2, 0.22, 0.22, 0.25, 0.05, 0.12, 0.09], [0.02, 0.05, 0.07, 0.23, 0.14, 0.19, 0.02], [0.12, 0.1, 0.13, 0.23, 0.18, 0.06, 0.24]]",0.13,0.19,16,"[0.08, 0.03, 0.87, 0.02]","[[0, 0, 0, 0, 0, 0, 0, 0], [0, 0, 0, 0, 0, 0, 0, 0], [0, 1, 0, 0, 0, 0, 2, 0], [0, 0, 0, 0, 0, 0, 0, 0]]",0.072
3920,0.0,1,"[[0.23, 0.06, 0.08, 0.13, 0.11, 0.05, 0.11], [0.17, 0.17, 0.17, 0.13, 0.09, 0.2, 0.07], [0.21, 0.11, 0.17, 0.05, 0.13, 0.11, 0.17], [0.16, 0.02, 0.2, 0.19, 0.23, 0.13, 0.13]]",0.13,0.16,17,"[0.24, 0.22, 0.21, 0.33]","[[0, 14, 15, 16, 10, 19, 3, 21], [0, 28, 2, 17, 18, 11, 20, 5], [0, 7, 25, 6, 9, 1, 8, 22], [0, 27, 26, 12, 24, 13, 23, 4]]",0.072
3921,0.0,3,"[[0.08, 0.23, 0.16, 0.14, 0.22, 0.12, 0.2], [0.17, 0.2, 0.03, 0.17, 0.21, 0.17, 0.07], [0.08, 0.2, 0.14, 0.22, 0.1, 0.13, 0.17], [0.07, 0.12, 0.01, 0.11, 0.05, 0.12, 0.17]]",0.13,0.16,17,"[0.86, 0.03, 0.04, 0.07]","[[0, 1, 0, 0, 2, 0, 3, 0], [0, 0, 0, 0, 0, 0, 0, 0], [0, 0, 0, 0, 0, 0, 0, 0], [0, 0, 0, 0, 0, 0, 0, 0]]",0.072
3922,0.0,6,"[[0.18, 0.08, 0.04, 0.19, 0.05, 0.05, 0.16], [0.09, 0.22, 0.23, 0.17, 0.13, 0.24, 0.18], [0.21, 0.2, 0.1, 0.14, 0.11, 0.11, 0.19], [0.23, 0.14, 0.16, 0.18, 0.12, 0.18, 0.03]]",0.13,0.24,17,"[0.02, 0.92, 0.02, 0.04]","[[0, 0, 0, 0, 0, 0, 0, 0], [0, 1, 2, 3, 4, 5, 6, 7], [0, 0, 0, 0, 0, 0, 0, 0], [0, 0, 0, 0, 0, 0, 0, 0]]",0.072
3923,0.0,4,"[[0.21, 0.14, 0.05, 0.18, 0.12, 0.1, 0.15], [0.03, 0.07, 0.04, 0.14, 0.13, 0.15, 0.2], [0.05, 0.14, 0.08, 0.16, 0.04, 0.13, 0.08], [0.19, 0.12, 0.09, 0.06, 0.18, 0.05, 0.09]]",0.13,0.16,17,"[0.01, 0.02, 0.88, 0.09]","[[0, 0, 0, 0, 0, 0, 0, 0], [0, 0, 0, 0, 0, 0, 0, 0], [0, 1, 2, 3, 4, 5, 6, 7], [0, 0, 0, 0, 0, 0, 0, 0]]",0.072
3924,0.0,5,"[[0.14, 0.15, 0.11, 0.2, 0.03, 0.13, 0.04], [0.03, 0.07, 0.1, 0.21, 0.1, 0.13, 0.08], [0.14, 0.03, 0.06, 0.05, 0.15, 0.08, 0.09], [0.13, 0.08, 0.16, 0.01, 0.21, 0.09, 0.05]]",0.13,0.15,17,"[0.06, 0.03, 0.86, 0.05]","[[0, 0, 0, 0, 0, 0, 0, 0], [0, 0, 0, 0, 0, 0, 0, 0], [0, 1, 2, 3, 4, 5, 6, 7], [0, 0, 0, 0, 0, 0, 0, 0]]",0.072
3925,0.0,1,"[[0.18, 0.08, 0.14, 0.2, 0.12, 0.1, 0.1], [0.1, 0.05, 0.2, 0.13, 0.11, 0.09, 0.04], [0.15, 0.11, 0.22, 0.09, 0.14, 0.12, 0.12], [0.17, 0.01, 0.14, 0.05, 0.14, 0.07, 0.08]]",0.13,0.1,17,"[0.3, 0.22, 0.27, 0.21]","[[0, 1, 2, 3, 4, 5, 6, 7], [0, 0, 0, 0, 0, 0, 0, 0], [0, 9, 0, 0, 8, 0, 0, 0], [0, 0, 0, 0, 0, 0, 0, 0]]",0.072
3926,0.0,3,"[[0.16, 0.11, 0.08, 0.09, 0.11, 0.11, 0.06], [0.14, 0.14, 0.15, 0.18, 0.2, 0.23, 0.09], [0.09, 0.18, 0.2, 0.13, 0.05, 0.16, 0.07], [0.08, 0.02, 0.16, 0.15, 0.1, 0.09, 0.12]]",0.13,0.2,17,"[0.08, 0.02, 0.89, 0.01]","[[0, 0, 8, 9, 0, 0, 0, 0], [0, 0, 0, 0, 0, 0, 0, 0], [0, 1, 2, 3, 4, 5, 7, 6], [0, 0, 0, 0, 0, 0, 0, 0]]",0.072
3927,0.0,1,"[[0.1, 0.1, 0.17, 0.08, 0.04, 0.09, 0.12], [0.18, 0.07, 0.12, 0.15, 0.14, 0.22, 0.18], [0.17, 0.02, 0.06, 0.16, 0.1, 0.2, 0.19], [0.23, 0.18, 0.17, 0.22, 0.21, 0.09, 0.19]]",0.13,0.18,17,"[0.21, 0.32, 0.34, 0.13]","[[0, 17, 0, 0, 0, 0, 15, 0], [0, 1, 4, 5, 7, 9, 11, 13], [0, 2, 3, 6, 8, 10, 12, 14], [0, 18, 0, 0, 0, 0, 16, 0]]",0.072
3928,0.0,6,"[[0.07, 0.07, 0.17, 0.05, 0.08, 0.18, 0.15], [0.19, 0.17, 0.06, 0.13, 0.2, 0.13, 0.2], [0.08, 0.18, 0.04, 0.21, 0.15, 0.15, 0.18], [0.06, 0.08, 0.09, 0.02, 0.12, 0.19, 0.09]]",0.13,0.18,17,"[0.31, 0.27, 0.19, 0.23]","[[0, 1, 2, 3, 4, 5, 6, 7], [0, 0, 0, 9, 0, 0, 8, 0], [0, 0, 0, 0, 0, 0, 0, 0], [0, 0, 0, 0, 0, 0, 0, 0]]",0.072
3929,0.0,7,"[[0.11, 0.17, 0.16, 0.1, 0.16, 0.08, 0.16], [0.14, 0.11, 0.1, 0.17, 0.15, 0.09, 0.15], [0.18, 0.13, 0.06, 0.09, 0.04, 0.12, 0.18], [0.24, 0.17, 0.23, 0.17, 0.08, 0.13, 0.06]]",0.13,0.06,17,"[0.26, 0.27, 0.3, 0.17]","[[0, 10, 0, 0, 0, 0, 0, 9], [0, 11, 0, 0, 0, 0, 0, 8], [0, 1, 3, 2, 4, 6, 5, 7], [0, 0, 0, 0, 0, 0, 0, 12]]",0.072
3930,0.0,1,"[[2.54, 7.44, 2.24, 4.32, 2.76, 9.01, 8.48], [1.82, 8.34, 6.23, 3.89, 6.94, 3.11, 6.18], [7.6, 3.71, 5.31, 9.83, 1.09, 3.87, 7.81], [7.76, 7.0, 2.77, 7.48, 3.83, 0.31, 3.13]]",5.0,1.82,17,"[0.04, 0.07, 0.03, 0.86]","[[0, 0, 0, 0, 0, 0, 0, 0], [0, 0, 0, 0, 0, 0, 0, 0], [0, 0, 0, 0, 0, 0, 0, 0], [0, 1, 2, 3, 4, 5, 6, 7]]",2.994
3931,0.0,4,"[[6.38, 4.4, 2.78, 4.02, 3.28, 4.56, 6.79], [6.89, 5.4, 5.87, 9.63, 0.42, 4.93, 4.29], [2.96, 2.23, 8.29, 4.74, 3.72, 2.39, 0.86], [5.36, 5.18, 6.28, 1.08, 2.81, 5.95, 9.65]]",5.0,4.02,17,"[0.2, 0.38, 0.3, 0.12]","[[0, 0, 0, 0, 9, 0, 0, 0], [0, 1, 2, 3, 4, 5, 6, 7], [0, 0, 0, 0, 8, 0, 0, 0], [0, 0, 0, 0, 10, 0, 0, 0]]",2.994
3932,0.0,7,"[[5.28, 9.9, 6.81, 1.61, 2.79, 8.92, 6.09], [3.46, 6.68, 6.44, 3.71, 3.55, 0.25, 8.07], [6.52, 2.17, 8.0, 8.5, 5.35, 1.81, 3.32], [5.89, 1.86, 6.44, 5.29, 3.29, 8.96, 7.12]]",5.0,3.32,17,"[0.23, 0.3, 0.24, 0.23]","[[0, 0, 9, 0, 0, 0, 0, 10], [0, 1, 2, 4, 3, 6, 5, 7], [0, 0, 8, 0, 0, 0, 0, 11], [0, 0, 0, 0, 0, 0, 0, 12]]",2.994
3933,0.0,5,"[[4.41, 7.98, 5.03, 0.94, 6.07, 7.96, 3.08], [7.18, 6.38, 1.11, 4.77, 7.21, 4.82, 4.9], [5.63, 7.2, 7.79, 1.19, 2.56, 6.05, 3.13], [2.67, 2.05, 5.91, 4.15, 9.55, 4.46, 9.22]]",5.0,9.55,17,"[0.04, 0.02, 0.05, 0.89]","[[0, 0, 0, 0, 0, 0, 0, 0], [0, 0, 0, 0, 0, 0, 0, 0], [0, 0, 0, 0, 0, 0, 0, 0], [0, 1, 2, 3, 4, 5, 6, 7]]",2.994
3934,0.0,1,"[[8.51, 2.86, 5.22, 3.29, 7.8, 7.12, 2.91], [7.85, 5.63, 4.76, 5.73, 4.36, 4.99, 0.21], [1.1, 2.64, 4.86, 7.57, 7.15, 0.31, 2.34], [6.38, 5.91, 3.08, 6.0, 7.58, 3.85, 6.26]]",5.0,6.38,17,"[0.19, 0.32, 0.23, 0.26]","[[0, 12, 0, 0, 0, 0, 0, 7], [0, 1, 3, 2, 4, 5, 6, 8], [0, 10, 0, 0, 0, 0, 0, 9], [0, 11, 0, 0, 0, 0, 0, 0]]",2.994
3935,0.0,6,"[[6.18, 4.93, 6.72, 3.3, 6.34, 6.06, 5.41], [7.2, 2.38, 3.93, 9.67, 4.79, 7.96, 3.99], [0.82, 2.25, 1.43, 2.43, 5.42, 7.07, 9.93], [9.97, 3.97, 5.79, 8.9, 4.27, 7.39, 5.81]]",5.0,6.06,17,"[0.28, 0.28, 0.19, 0.25]","[[0, 2, 3, 6, 7, 9, 11, 13], [0, 1, 4, 5, 8, 10, 12, 14], [0, 18, 0, 0, 0, 0, 16, 0], [0, 15, 0, 0, 0, 0, 17, 0]]",2.994
3936,0.0,3,"[[9.88, 3.37, 6.84, 6.02, 5.72, 2.47, 6.83], [4.66, 3.57, 1.89, 8.02, 4.52, 4.58, 0.56], [5.57, 8.71, 8.98, 7.3, 1.41, 5.09, 6.3], [2.79, 3.58, 9.87, 3.61, 3.51, 7.13, 2.78]]",5.0,9.87,17,"[0.02, 0.05, 0.05, 0.88]","[[0, 0, 0, 0, 0, 0, 0, 0], [0, 0, 0, 0, 0, 0, 0, 0], [0, 0, 0, 0, 0, 0, 0, 0], [0, 1, 2, 3, 4, 5, 6, 7]]",2.994
3937,0.0,6,"[[2.65, 1.66, 4.12, 6.28, 3.9, 4.24, 8.17], [4.84, 2.23, 5.57, 7.45, 3.35, 5.55, 3.39], [6.15, 3.53, 5.47, 2.82, 6.99, 9.09, 0.79], [2.47, 2.31, 1.36, 3.11, 4.52, 5.21, 3.31]]",5.0,5.21,17,"[0.01, 0.06, 0.02, 0.91]","[[0, 0, 0, 0, 0, 0, 0, 0], [0, 0, 0, 0, 0, 0, 8, 0], [0, 0, 0, 0, 0, 0, 0, 0], [0, 1, 2, 3, 4, 5, 6, 7]]",2.994
3938,0.0,1,"[[1.32, 1.79, 4.74, 6.52, 9.55, 1.49, 3.36], [2.67, 2.3, 3.39, 7.85, 3.89, 7.4, 8.55], [4.18, 0.46, 4.32, 2.27, 3.18, 8.62, 2.94], [6.02, 2.09, 4.16, 3.95, 2.34, 3.36, 2.27]]",5.0,4.18,17,"[0.16, 0.11, 0.34, 0.39]","[[0, 0, 0, 0, 0, 0, 0, 0], [0, 0, 0, 0, 0, 0, 0, 0], [0, 14, 13, 12, 11, 10, 9, 8], [0, 1, 2, 3, 4, 5, 6, 7]]",2.994
3939,0.0,6,"[[3.4, 2.14, 9.33, 2.59, 4.55, 1.09, 2.85], [2.69, 7.17, 4.91, 8.03, 6.07, 6.49, 2.28], [2.24, 5.15, 4.83, 2.39, 2.78, 7.43, 5.61], [3.01, 5.69, 6.66, 3.22, 3.6, 8.48, 3.28]]",5.0,7.43,17,"[0.07, 0.01, 0.9, 0.02]","[[0, 0, 0, 0, 0, 0, 0, 0], [0, 0, 0, 0, 0, 0, 0, 0], [0, 1, 2, 3, 4, 5, 6, 7], [0, 0, 0, 0, 0, 0, 0, 0]]",2.994
3940,0.0,2,"[[0.14, 0.16, 0.16, 0.21, 0.14, 0.04, 0.08], [0.06, 0.2, 0.17, 0.04, 0.15, 0.07, 0.15], [0.13, 0.19, 0.14, 0.02, 0.08, 0.23, 0.1], [0.15, 0.03, 0.13, 0.07, 0.13, 0.07, 0.19]]",0.13,0.2,18,"[0.26, 0.28, 0.24, 0.22]","[[0, 0, 1, 0, 0, 0, 0, 0], [0, 0, 0, 0, 3, 0, 5, 0], [0, 2, 6, 0, 0, 4, 0, 0], [0, 0, 0, 0, 0, 0, 0, 0]]",0.072
3941,0.0,5,"[[0.12, 0.04, 0.15, 0.03, 0.12, 0.21, 0.16], [0.15, 0.15, 0.1, 0.11, 0.22, 0.11, 0.06], [0.06, 0.07, 0.19, 0.11, 0.05, 0.07, 0.16], [0.05, 0.12, 0.14, 0.09, 0.12, 0.13, 0.02]]",0.13,0.05,18,"[0.04, 0.05, 0.89, 0.02]","[[0, 0, 0, 0, 0, 0, 0, 0], [0, 0, 2, 0, 0, 3, 6, 0], [0, 1, 0, 0, 0, 0, 0, 0], [0, 0, 0, 0, 0, 4, 5, 0]]",0.072
3942,0.0,1,"[[0.16, 0.21, 0.19, 0.12, 0.21, 0.05, 0.2], [0.14, 0.1, 0.04, 0.07, 0.08, 0.16, 0.22], [0.03, 0.17, 0.22, 0.13, 0.04, 0.22, 0.12], [0.16, 0.14, 0.16, 0.16, 0.18, 0.13, 0.14]]",0.13,0.14,18,"[0.06, 0.89, 0.04, 0.01]","[[0, 0, 0, 0, 0, 0, 0, 0], [0, 1, 2, 0, 4, 3, 0, 0], [0, 0, 0, 0, 0, 0, 0, 0], [0, 0, 0, 0, 0, 0, 0, 0]]",0.072
3943,0.0,3,"[[0.22, 0.12, 0.18, 0.2, 0.04, 0.04, 0.16], [0.19, 0.18, 0.17, 0.17, 0.18, 0.2, 0.15], [0.03, 0.13, 0.18, 0.12, 0.17, 0.16, 0.08], [0.21, 0.09, 0.16, 0.11, 0.25, 0.1, 0.16]]",0.13,0.18,18,"[0.34, 0.12, 0.22, 0.32]","[[0, 0, 0, 4, 0, 0, 0, 0], [0, 0, 0, 0, 0, 0, 0, 0], [0, 2, 0, 0, 0, 0, 0, 0], [0, 1, 3, 5, 0, 0, 0, 0]]",0.072
3944,0.0,1,"[[0.06, 0.11, 0.17, 0.23, 0.15, 0.14, 0.21], [0.16, 0.17, 0.08, 0.04, 0.07, 0.21, 0.12], [0.2, 0.19, 0.13, 0.12, 0.17, 0.2, 0.16], [0.1, 0.1, 0.12, 0.16, 0.01, 0.17, 0.09]]",0.13,0.1,18,"[0.23, 0.25, 0.3, 0.22]","[[0, 0, 2, 0, 0, 0, 0, 0], [0, 3, 0, 0, 0, 0, 0, 0], [0, 1, 5, 0, 0, 0, 0, 0], [0, 4, 6, 0, 0, 0, 0, 0]]",0.072
3945,0.0,5,"[[0.19, 0.09, 0.13, 0.2, 0.03, 0.17, 0.2], [0.08, 0.14, 0.18, 0.15, 0.19, 0.11, 0.07], [0.15, 0.06, 0.07, 0.11, 0.19, 0.02, 0.14], [0.12, 0.04, 0.06, 0.04, 0.06, 0.19, 0.09]]",0.13,0.06,18,"[0.02, 0.85, 0.05, 0.08]","[[0, 0, 0, 0, 0, 0, 0, 0], [0, 6, 2, 5, 3, 1, 4, 0], [0, 0, 0, 0, 0, 0, 0, 0], [0, 0, 0, 0, 0, 0, 0, 0]]",0.072
3946,0.0,2,"[[0.11, 0.17, 0.16, 0.1, 0.16, 0.08, 0.16], [0.14, 0.11, 0.1, 0.17, 0.15, 0.09, 0.15], [0.18, 0.13, 0.06, 0.09, 0.04, 0.12, 0.18], [0.24, 0.17, 0.23, 0.17, 0.08, 0.13, 0.06]]",0.13,0.11,18,"[0.26, 0.27, 0.3, 0.17]","[[0, 3, 0, 0, 4, 0, 0, 0], [0, 0, 2, 6, 0, 0, 0, 0], [0, 0, 0, 1, 0, 0, 0, 0], [0, 0, 7, 5, 0, 0, 0, 0]]",0.072
3947,0.0,4,"[[0.2, 0.21, 0.23, 0.23, 0.18, 0.14, 0.22], [0.2, 0.22, 0.22, 0.25, 0.05, 0.12, 0.09], [0.02, 0.05, 0.07, 0.23, 0.14, 0.19, 0.02], [0.12, 0.1, 0.13, 0.23, 0.18, 0.06, 0.24]]",0.13,0.23,18,"[0.08, 0.03, 0.87, 0.02]","[[0, 0, 0, 0, 1, 0, 0, 0], [0, 0, 0, 0, 3, 0, 0, 0], [0, 0, 0, 4, 0, 5, 0, 0], [0, 0, 0, 0, 2, 0, 0, 0]]",0.072
3948,0.0,1,"[[0.15, 0.17, 0.12, 0.06, 0.06, 0.22, 0.15], [0.19, 0.17, 0.21, 0.18, 0.06, 0.19, 0.04], [0.07, 0.13, 0.08, 0.09, 0.18, 0.11, 0.12], [0.16, 0.1, 0.02, 0.11, 0.21, 0.13, 0.19]]",0.13,0.16,18,"[0.09, 0.05, 0.01, 0.85]","[[0, 0, 0, 0, 0, 0, 0, 0], [0, 0, 0, 5, 0, 0, 0, 0], [0, 0, 0, 0, 0, 0, 0, 0], [0, 2, 3, 6, 1, 0, 4, 0]]",0.072
3949,0.0,3,"[[0.19, 0.12, 0.08, 0.18, 0.08, 0.2, 0.22], [0.05, 0.04, 0.19, 0.18, 0.18, 0.05, 0.1], [0.21, 0.13, 0.15, 0.13, 0.16, 0.15, 0.08], [0.19, 0.06, 0.09, 0.07, 0.04, 0.2, 0.08]]",0.13,0.08,18,"[0.16, 0.28, 0.23, 0.33]","[[0, 0, 0, 0, 0, 0, 0, 0], [0, 0, 0, 0, 0, 0, 0, 0], [0, 0, 0, 0, 0, 0, 0, 0], [0, 0, 0, 0, 0, 0, 0, 0]]",0.072
3950,0.0,1,"[[3.54, 3.18, 6.26, 3.39, 3.52, 5.47, 1.42], [3.13, 1.91, 7.14, 3.81, 4.58, 6.9, 8.39], [7.48, 1.27, 5.41, 7.63, 6.12, 1.81, 6.34], [6.09, 3.7, 4.25, 4.91, 0.8, 7.46, 7.59]]",5.0,7.48,18,"[0.04, 0.07, 0.88, 0.01]","[[0, 3, 0, 0, 0, 0, 0, 0], [0, 7, 0, 0, 0, 0, 0, 0], [0, 1, 4, 5, 0, 6, 0, 0], [0, 2, 0, 0, 0, 0, 0, 0]]",2.994
3951,0.0,1,"[[7.78, 7.83, 6.34, 3.49, 9.25, 4.1, 8.16], [4.02, 5.78, 4.37, 3.5, 3.65, 5.34, 1.1], [4.29, 1.52, 3.77, 7.63, 3.05, 0.82, 4.95], [8.46, 6.15, 6.73, 3.18, 8.15, 6.29, 5.32]]",5.0,4.29,18,"[0.2, 0.29, 0.22, 0.29]","[[0, 0, 0, 7, 0, 0, 0, 0], [0, 4, 2, 9, 0, 0, 0, 0], [0, 6, 3, 8, 0, 0, 0, 0], [0, 5, 1, 0, 0, 0, 0, 0]]",2.994
3952,0.0,2,"[[3.95, 8.96, 8.28, 6.18, 7.02, 4.65, 4.21], [7.39, 4.82, 4.44, 1.73, 7.35, 9.66, 2.04], [6.67, 2.62, 2.43, 7.24, 6.32, 7.33, 5.82], [4.75, 4.96, 2.68, 1.71, 6.22, 1.58, 9.11]]",5.0,4.96,18,"[0.25, 0.24, 0.28, 0.23]","[[0, 0, 4, 0, 0, 0, 0, 0], [0, 0, 5, 2, 0, 0, 0, 0], [0, 6, 0, 7, 0, 0, 0, 0], [0, 0, 3, 0, 1, 0, 0, 0]]",2.994
3953,0.0,5,"[[2.88, 2.6, 7.89, 4.77, 7.12, 4.23, 2.87], [3.29, 2.97, 3.82, 9.51, 9.45, 8.27, 5.42], [3.22, 3.81, 4.18, 2.52, 3.48, 3.16, 9.41], [1.89, 5.73, 6.1, 1.69, 4.58, 1.23, 3.5]]",5.0,9.45,18,"[0.2, 0.16, 0.26, 0.38]","[[0, 0, 0, 0, 3, 0, 0, 0], [0, 4, 0, 6, 0, 9, 0, 0], [0, 0, 0, 2, 7, 0, 0, 0], [0, 1, 0, 5, 0, 8, 0, 0]]",2.994
3954,0.0,4,"[[3.74, 4.35, 1.03, 5.02, 2.48, 7.72, 3.91], [9.52, 3.82, 4.46, 2.55, 5.65, 6.25, 0.76], [2.96, 5.49, 2.32, 7.63, 0.35, 8.21, 6.51], [4.09, 2.1, 9.56, 8.08, 0.89, 1.16, 4.1]]",5.0,8.08,18,"[0.04, 0.08, 0.02, 0.86]","[[0, 0, 0, 5, 7, 0, 0, 0], [0, 0, 0, 6, 4, 0, 0, 0], [0, 0, 0, 0, 0, 0, 0, 0], [0, 0, 3, 2, 1, 0, 0, 0]]",2.994
3955,0.0,4,"[[0.95, 2.78, 3.25, 5.38, 7.09, 3.77, 4.83], [7.13, 8.96, 5.39, 2.27, 8.34, 7.96, 4.55], [9.77, 5.61, 8.97, 8.09, 6.52, 2.37, 9.08], [8.52, 1.84, 1.06, 3.62, 0.7, 3.27, 0.14]]",5.0,8.09,18,"[0.85, 0.07, 0.07, 0.01]","[[0, 0, 2, 7, 3, 4, 8, 0], [0, 0, 0, 0, 1, 0, 6, 0], [0, 0, 0, 0, 0, 0, 0, 0], [0, 0, 0, 0, 0, 5, 0, 0]]",2.994
3956,0.0,3,"[[5.28, 9.9, 6.81, 1.61, 2.79, 8.92, 6.09], [3.46, 6.68, 6.44, 3.71, 3.55, 0.25, 8.07], [6.52, 2.17, 8.0, 8.5, 5.35, 1.81, 3.32], [5.89, 1.86, 6.44, 5.29, 3.29, 8.96, 7.12]]",5.0,6.44,18,"[0.23, 0.3, 0.24, 0.23]","[[0, 0, 0, 2, 0, 0, 0, 0], [0, 0, 0, 3, 5, 0, 0, 0], [0, 0, 0, 7, 4, 0, 0, 0], [0, 0, 0, 1, 6, 0, 0, 0]]",2.994
3957,0.0,6,"[[1.89, 1.68, 4.82, 0.64, 6.72, 5.82, 3.47], [2.81, 5.64, 4.93, 5.88, 1.19, 6.58, 2.91], [6.88, 4.96, 4.06, 5.77, 1.03, 4.24, 5.62], [0.22, 1.89, 4.63, 5.2, 4.1, 3.36, 6.44]]",5.0,6.58,18,"[0.25, 0.26, 0.31, 0.18]","[[0, 7, 6, 2, 5, 0, 13, 0], [0, 0, 0, 3, 0, 0, 11, 15], [0, 0, 1, 0, 4, 10, 0, 14], [0, 8, 0, 9, 0, 0, 12, 0]]",2.994
3958,0.0,1,"[[1.63, 4.7, 3.32, 2.64, 8.47, 3.24, 4.54], [8.67, 5.47, 1.74, 1.77, 1.06, 7.43, 3.25], [4.05, 4.33, 1.96, 6.68, 6.28, 9.52, 7.64], [3.95, 5.24, 1.85, 2.91, 0.64, 2.21, 1.85]]",5.0,4.05,18,"[0.05, 0.89, 0.05, 0.01]","[[0, 6, 7, 0, 0, 0, 0, 0], [0, 1, 3, 0, 2, 0, 0, 0], [0, 9, 4, 0, 0, 0, 0, 0], [0, 5, 0, 8, 0, 0, 0, 0]]",2.994
3959,0.0,1,"[[8.47, 2.82, 7.33, 4.03, 7.07, 2.75, 1.54], [4.68, 3.16, 0.97, 1.44, 5.2, 6.65, 9.25], [8.41, 7.04, 1.31, 3.23, 7.09, 7.67, 1.55], [6.28, 2.99, 4.33, 1.28, 9.25, 6.99, 2.35]]",5.0,6.28,18,"[0.01, 0.01, 0.01, 0.97]","[[0, 10, 0, 0, 0, 0, 7, 0], [0, 0, 0, 0, 0, 0, 0, 0], [0, 9, 0, 0, 0, 0, 8, 0], [0, 4, 1, 2, 3, 0, 5, 6]]",2.994
3960,0.01,5,"[[4.41, 7.98, 5.03, 0.94, 6.07, 7.96, 3.08], [7.18, 6.38, 1.11, 4.77, 7.21, 4.82, 4.9], [5.63, 7.2, 7.79, 1.19, 2.56, 6.05, 3.13], [2.67, 2.05, 5.91, 4.15, 9.55, 4.46, 9.22]]",5.0,9.55,19,"[0.04, 0.02, 0.05, 0.89]","[[0, 5, 0, 6, 0, 3, 0, 0], [0, 0, 0, 2, 0, 0, 0, 0], [0, 0, 0, 0, 0, 0, 0, 0], [0, 1, 0, 0, 0, 0, 4, 0]]",2.994
3961,0.01,7,"[[3.55, 2.94, 0.08, 3.13, 2.15, 9.59, 4.77], [4.35, 5.83, 1.82, 2.79, 3.6, 4.35, 6.66], [4.91, 4.62, 9.06, 2.02, 4.04, 2.21, 7.62], [0.78, 5.9, 1.77, 4.45, 7.63, 4.39, 2.86]]",5.0,4.77,19,"[0.34, 0.11, 0.27, 0.28]","[[0, 0, 0, 0, 0, 4, 3, 6], [0, 0, 1, 0, 2, 0, 0, 9], [0, 0, 0, 0, 0, 0, 7, 10], [0, 8, 0, 0, 5, 0, 0, 0]]",2.994
3962,0.01,1,"[[3.54, 3.18, 6.26, 3.39, 3.52, 5.47, 1.42], [3.13, 1.91, 7.14, 3.81, 4.58, 6.9, 8.39], [7.48, 1.27, 5.41, 7.63, 6.12, 1.81, 6.34], [6.09, 3.7, 4.25, 4.91, 0.8, 7.46, 7.59]]",5.0,3.13,19,"[0.04, 0.07, 0.88, 0.01]","[[0, 0, 4, 0, 5, 0, 0, 0], [0, 0, 0, 0, 0, 0, 0, 0], [0, 1, 0, 2, 0, 0, 0, 3], [0, 0, 6, 0, 0, 0, 0, 0]]",2.994
3963,0.01,7,"[[5.97, 8.23, 1.24, 7.62, 4.62, 4.29, 5.98], [8.29, 4.65, 5.55, 1.01, 2.98, 8.74, 8.92], [1.93, 2.81, 4.79, 6.01, 7.29, 6.55, 4.48], [9.09, 1.98, 6.38, 4.5, 3.08, 5.26, 4.47]]",5.0,5.98,19,"[0.86, 0.01, 0.12, 0.01]","[[0, 4, 10, 0, 0, 0, 7, 0], [0, 5, 0, 9, 1, 0, 0, 2], [0, 6, 11, 0, 0, 0, 0, 0], [0, 3, 0, 8, 0, 0, 0, 0]]",2.994
3964,0.01,7,"[[2.88, 2.6, 7.89, 4.77, 7.12, 4.23, 2.87], [3.29, 2.97, 3.82, 9.51, 9.45, 8.27, 5.42], [3.22, 3.81, 4.18, 2.52, 3.48, 3.16, 9.41], [1.89, 5.73, 6.1, 1.69, 4.58, 1.23, 3.5]]",5.0,5.42,19,"[0.2, 0.16, 0.26, 0.38]","[[0, 0, 8, 0, 0, 2, 5, 0], [0, 1, 0, 0, 0, 0, 0, 9], [0, 0, 0, 6, 0, 3, 0, 10], [0, 0, 7, 0, 0, 4, 0, 0]]",2.994
3965,0.01,2,"[[7.11, 5.78, 4.85, 4.33, 7.33, 7.89, 5.26], [5.95, 7.87, 3.44, 7.0, 6.97, 5.22, 6.26], [3.72, 9.35, 7.04, 6.38, 7.42, 6.47, 5.89], [5.94, 4.84, 1.39, 4.52, 3.41, 2.82, 3.73]]",5.0,5.78,19,"[0.33, 0.2, 0.24, 0.23]","[[0, 0, 6, 0, 4, 0, 11, 0], [0, 1, 7, 9, 2, 0, 0, 10], [0, 0, 5, 0, 0, 0, 12, 0], [0, 0, 8, 0, 3, 0, 0, 0]]",2.994
3966,0.01,7,"[[8.39, 1.9, 3.96, 5.78, 2.24, 5.8, 4.1], [0.94, 5.02, 2.49, 5.54, 6.54, 4.33, 9.65], [7.94, 7.8, 4.1, 9.82, 1.59, 4.84, 8.58], [8.96, 7.49, 1.94, 3.92, 0.76, 2.82, 6.17]]",5.0,9.65,19,"[0.11, 0.85, 0.02, 0.02]","[[0, 0, 6, 0, 0, 0, 0, 0], [0, 7, 8, 0, 0, 5, 11, 0], [0, 0, 0, 0, 0, 0, 0, 9], [0, 1, 2, 3, 4, 0, 0, 10]]",2.994
3967,0.01,4,"[[5.12, 1.51, 5.2, 6.71, 2.69, 8.45, 7.56], [1.26, 6.81, 6.02, 6.85, 3.83, 2.04, 5.15], [0.77, 1.29, 6.67, 1.6, 1.63, 0.54, 0.89], [4.2, 5.58, 3.29, 3.97, 3.54, 6.37, 4.95]]",5.0,6.85,19,"[0.21, 0.27, 0.19, 0.33]","[[0, 0, 12, 0, 4, 14, 0, 7], [0, 13, 11, 0, 3, 15, 0, 0], [0, 0, 10, 0, 6, 0, 8, 9], [0, 1, 0, 2, 5, 0, 0, 0]]",2.994
3968,0.01,2,"[[0.94, 9.58, 9.58, 1.68, 3.99, 3.26, 9.98], [7.2, 6.69, 3.6, 6.35, 1.28, 0.52, 9.84], [4.59, 4.33, 3.41, 2.69, 0.89, 3.28, 2.91], [7.61, 5.48, 8.81, 6.78, 0.6, 7.91, 3.87]]",5.0,6.69,19,"[0.01, 0.89, 0.08, 0.02]","[[0, 8, 10, 0, 0, 11, 0, 0], [0, 0, 4, 0, 5, 0, 0, 0], [0, 0, 9, 0, 0, 6, 0, 0], [0, 1, 2, 3, 0, 0, 0, 7]]",2.994
3969,0.01,4,"[[2.09, 7.52, 9.74, 6.72, 2.88, 5.9, 5.87], [6.25, 4.49, 6.66, 2.68, 2.62, 7.58, 4.86], [0.33, 4.49, 3.44, 6.0, 4.73, 0.87, 2.63], [7.63, 1.46, 3.24, 5.72, 7.53, 7.25, 3.01]]",5.0,2.68,19,"[0.34, 0.23, 0.2, 0.23]","[[0, 1, 0, 0, 10, 0, 0, 0], [0, 0, 12, 0, 7, 6, 0, 0], [0, 0, 11, 2, 8, 0, 5, 0], [0, 0, 0, 0, 9, 0, 4, 3]]",2.994
3970,0.01,2,"[[0.12, 0.13, 0.12, 0.14, 0.05, 0.1, 0.25], [0.16, 0.2, 0.2, 0.14, 0.09, 0.17, 0.09], [0.11, 0.12, 0.11, 0.11, 0.08, 0.05, 0.17], [0.19, 0.2, 0.07, 0.21, 0.07, 0.13, 0.2]]",0.13,0.2,19,"[0.17, 0.35, 0.31, 0.17]","[[0, 0, 0, 0, 0, 5, 0, 0], [0, 0, 0, 2, 0, 0, 0, 0], [0, 1, 0, 4, 0, 0, 0, 0], [0, 0, 0, 3, 0, 0, 0, 0]]",0.072
3971,0.01,2,"[[0.05, 0.08, 0.17, 0.15, 0.22, 0.07, 0.07], [0.06, 0.1, 0.12, 0.11, 0.19, 0.16, 0.05], [0.19, 0.16, 0.13, 0.06, 0.18, 0.04, 0.24], [0.15, 0.24, 0.11, 0.13, 0.14, 0.03, 0.01]]",0.13,0.08,19,"[0.86, 0.01, 0.05, 0.08]","[[0, 0, 0, 0, 0, 0, 0, 0], [0, 0, 0, 1, 0, 0, 0, 0], [0, 0, 0, 0, 0, 0, 0, 0], [0, 0, 0, 0, 0, 0, 0, 0]]",0.072
3972,0.01,5,"[[0.07, 0.16, 0.11, 0.2, 0.2, 0.19, 0.16], [0.15, 0.22, 0.24, 0.17, 0.18, 0.12, 0.12], [0.11, 0.16, 0.11, 0.12, 0.21, 0.06, 0.16], [0.17, 0.22, 0.15, 0.11, 0.24, 0.11, 0.17]]",0.13,0.24,19,"[0.09, 0.03, 0.01, 0.87]","[[0, 4, 0, 0, 0, 0, 0, 3], [0, 0, 0, 0, 0, 0, 2, 0], [0, 0, 0, 0, 0, 0, 0, 0], [0, 0, 0, 0, 1, 0, 0, 0]]",0.072
3973,0.01,7,"[[0.12, 0.17, 0.14, 0.13, 0.11, 0.07, 0.23], [0.21, 0.03, 0.18, 0.17, 0.22, 0.07, 0.12], [0.06, 0.15, 0.14, 0.1, 0.11, 0.15, 0.22], [0.13, 0.03, 0.18, 0.17, 0.07, 0.25, 0.1]]",0.13,0.1,19,"[0.39, 0.18, 0.15, 0.28]","[[0, 0, 0, 0, 0, 0, 0, 0], [0, 0, 0, 0, 0, 0, 0, 0], [0, 0, 1, 0, 0, 0, 0, 0], [0, 0, 0, 0, 0, 0, 0, 0]]",0.072
3974,0.01,5,"[[0.1, 0.22, 0.11, 0.07, 0.15, 0.15, 0.08], [0.22, 0.14, 0.05, 0.13, 0.2, 0.14, 0.2], [0.02, 0.25, 0.2, 0.08, 0.15, 0.02, 0.07], [0.11, 0.1, 0.17, 0.14, 0.2, 0.08, 0.11]]",0.13,0.15,19,"[0.87, 0.08, 0.02, 0.03]","[[0, 0, 0, 0, 0, 0, 0, 3], [0, 0, 0, 0, 2, 0, 0, 0], [0, 0, 0, 0, 0, 0, 0, 0], [0, 1, 0, 0, 0, 0, 0, 0]]",0.072
3975,0.01,3,"[[0.16, 0.21, 0.19, 0.12, 0.21, 0.05, 0.2], [0.14, 0.1, 0.04, 0.07, 0.08, 0.16, 0.22], [0.03, 0.17, 0.22, 0.13, 0.04, 0.22, 0.12], [0.16, 0.14, 0.16, 0.16, 0.18, 0.13, 0.14]]",0.13,0.04,19,"[0.06, 0.89, 0.04, 0.01]","[[0, 0, 0, 0, 3, 0, 0, 0], [0, 0, 1, 0, 0, 0, 0, 0], [0, 0, 0, 2, 0, 0, 0, 0], [0, 0, 0, 0, 0, 0, 0, 0]]",0.072
3976,0.01,1,"[[0.08, 0.08, 0.03, 0.08, 0.06, 0.11, 0.11], [0.21, 0.12, 0.16, 0.16, 0.17, 0.12, 0.08], [0.24, 0.22, 0.1, 0.12, 0.06, 0.2, 0.05], [0.13, 0.19, 0.1, 0.18, 0.14, 0.09, 0.16]]",0.13,0.13,19,"[0.12, 0.34, 0.21, 0.33]","[[0, 0, 0, 0, 0, 0, 0, 0], [0, 0, 0, 0, 0, 0, 0, 0], [0, 0, 0, 0, 0, 0, 0, 0], [0, 0, 0, 0, 0, 0, 0, 0]]",0.072
3977,0.01,5,"[[0.1, 0.1, 0.03, 0.13, 0.2, 0.08, 0.11], [0.08, 0.05, 0.11, 0.15, 0.22, 0.2, 0.17], [0.16, 0.24, 0.08, 0.04, 0.05, 0.19, 0.14], [0.1, 0.18, 0.15, 0.14, 0.18, 0.07, 0.19]]",0.13,0.22,19,"[0.36, 0.26, 0.19, 0.19]","[[0, 0, 0, 0, 0, 3, 0, 0], [0, 0, 0, 0, 0, 1, 5, 0], [0, 0, 0, 0, 0, 4, 0, 0], [0, 0, 0, 0, 0, 2, 6, 0]]",0.072
3978,0.01,3,"[[0.02, 0.1, 0.05, 0.19, 0.09, 0.05, 0.06], [0.03, 0.12, 0.22, 0.08, 0.02, 0.07, 0.12], [0.18, 0.19, 0.1, 0.18, 0.18, 0.13, 0.15], [0.08, 0.17, 0.23, 0.11, 0.13, 0.16, 0.07]]",0.13,0.23,19,"[0.06, 0.06, 0.03, 0.85]","[[0, 0, 0, 0, 0, 4, 3, 0], [0, 0, 1, 7, 0, 0, 0, 0], [0, 0, 0, 0, 0, 2, 0, 0], [0, 6, 0, 0, 0, 0, 0, 5]]",0.072
3979,0.01,2,"[[0.14, 0.07, 0.05, 0.18, 0.03, 0.01, 0.18], [0.19, 0.23, 0.07, 0.1, 0.08, 0.19, 0.2], [0.17, 0.24, 0.03, 0.21, 0.19, 0.07, 0.21], [0.14, 0.09, 0.21, 0.08, 0.19, 0.05, 0.09]]",0.13,0.23,19,"[0.15, 0.26, 0.26, 0.33]","[[0, 0, 0, 0, 0, 0, 0, 0], [0, 0, 0, 0, 0, 0, 0, 0], [0, 0, 0, 0, 0, 0, 0, 0], [0, 0, 0, 0, 0, 0, 0, 0]]",0.072
3980,0.0,1,"[[0.2, 0.14, 0.16, 0.12, 0.21, 0.18, 0.23], [0.06, 0.09, 0.16, 0.16, 0.14, 0.12, 0.15], [0.23, 0.08, 0.17, 0.11, 0.04, 0.14, 0.15], [0.06, 0.12, 0.16, 0.23, 0.08, 0.11, 0.15]]",0.13,0.06,20,"[0.33, 0.18, 0.11, 0.38]","[[0, 1, 8, 9, 16, 17, 23, 24], [0, 2, 7, 10, 15, 18, 25, 26], [0, 3, 6, 11, 14, 19, 22, 0], [0, 4, 5, 12, 13, 20, 21, 0]]",0.072
3981,0.0,5,"[[0.07, 0.16, 0.11, 0.2, 0.2, 0.19, 0.16], [0.15, 0.22, 0.24, 0.17, 0.18, 0.12, 0.12], [0.11, 0.16, 0.11, 0.12, 0.21, 0.06, 0.16], [0.17, 0.22, 0.15, 0.11, 0.24, 0.11, 0.17]]",0.13,0.24,20,"[0.09, 0.03, 0.01, 0.87]","[[0, 1, 2, 3, 20, 5, 21, 22], [0, 15, 16, 17, 4, 6, 24, 23], [0, 13, 12, 11, 10, 7, 25, 26], [0, 14, 19, 18, 9, 8, 28, 27]]",0.072
3982,0.0,4,"[[0.04, 0.14, 0.09, 0.06, 0.18, 0.1, 0.07], [0.09, 0.13, 0.01, 0.23, 0.07, 0.19, 0.05], [0.08, 0.2, 0.08, 0.21, 0.07, 0.04, 0.22], [0.12, 0.1, 0.09, 0.18, 0.18, 0.04, 0.15]]",0.13,0.18,20,"[0.05, 0.03, 0.07, 0.85]","[[0, 1, 8, 9, 15, 20, 21, 23], [0, 2, 7, 10, 14, 19, 22, 24], [0, 3, 6, 12, 16, 18, 26, 25], [0, 4, 5, 11, 13, 17, 27, 28]]",0.072
3983,0.0,7,"[[0.11, 0.06, 0.11, 0.08, 0.17, 0.11, 0.11], [0.14, 0.12, 0.06, 0.14, 0.09, 0.14, 0.12], [0.04, 0.15, 0.09, 0.13, 0.15, 0.18, 0.21], [0.1, 0.08, 0.17, 0.08, 0.19, 0.13, 0.19]]",0.13,0.21,20,"[0.26, 0.2, 0.27, 0.27]","[[0, 1, 4, 26, 25, 24, 23, 22], [0, 2, 3, 5, 6, 27, 28, 21], [0, 7, 8, 9, 14, 15, 18, 19], [0, 11, 10, 12, 13, 16, 17, 20]]",0.072
3984,0.0,5,"[[0.05, 0.08, 0.17, 0.15, 0.22, 0.07, 0.07], [0.06, 0.1, 0.12, 0.11, 0.19, 0.16, 0.05], [0.19, 0.16, 0.13, 0.06, 0.18, 0.04, 0.24], [0.15, 0.24, 0.11, 0.13, 0.14, 0.03, 0.01]]",0.13,0.22,20,"[0.86, 0.01, 0.05, 0.08]","[[0, 1, 3, 4, 8, 5, 6, 7], [0, 2, 28, 27, 26, 25, 24, 23], [0, 20, 19, 18, 17, 16, 22, 21], [0, 9, 10, 11, 15, 14, 12, 13]]",0.072
3985,0.0,2,"[[0.08, 0.23, 0.16, 0.14, 0.22, 0.12, 0.2], [0.17, 0.2, 0.03, 0.17, 0.21, 0.17, 0.07], [0.08, 0.2, 0.14, 0.22, 0.1, 0.13, 0.17], [0.07, 0.12, 0.01, 0.11, 0.05, 0.12, 0.17]]",0.13,0.23,20,"[0.86, 0.03, 0.04, 0.07]","[[0, 1, 2, 7, 3, 8, 9, 10], [0, 11, 24, 27, 28, 4, 5, 21], [0, 26, 25, 23, 22, 6, 20, 19], [0, 12, 13, 14, 16, 15, 17, 18]]",0.072
3986,0.0,2,"[[0.02, 0.18, 0.09, 0.13, 0.07, 0.12, 0.08], [0.15, 0.12, 0.24, 0.14, 0.1, 0.01, 0.14], [0.2, 0.14, 0.24, 0.13, 0.22, 0.23, 0.18], [0.11, 0.21, 0.18, 0.07, 0.12, 0.14, 0.14]]",0.13,0.18,20,"[0.85, 0.02, 0.03, 0.1]","[[0, 1, 2, 3, 4, 5, 6, 7], [0, 27, 26, 25, 24, 23, 22, 21], [0, 15, 16, 17, 18, 19, 28, 20], [0, 8, 9, 10, 11, 12, 13, 14]]",0.072
3987,0.0,6,"[[0.15, 0.2, 0.21, 0.14, 0.15, 0.21, 0.2], [0.1, 0.12, 0.15, 0.05, 0.19, 0.19, 0.19], [0.2, 0.18, 0.22, 0.07, 0.23, 0.17, 0.15], [0.25, 0.17, 0.14, 0.07, 0.06, 0.14, 0.21]]",0.13,0.17,20,"[0.33, 0.32, 0.13, 0.22]","[[0, 1, 2, 3, 4, 5, 6, 7], [0, 8, 9, 10, 11, 12, 13, 14], [0, 28, 27, 26, 25, 24, 23, 22], [0, 15, 16, 17, 18, 19, 20, 21]]",0.072
3988,0.0,1,"[[0.22, 0.12, 0.18, 0.2, 0.04, 0.04, 0.16], [0.19, 0.18, 0.17, 0.17, 0.18, 0.2, 0.15], [0.03, 0.13, 0.18, 0.12, 0.17, 0.16, 0.08], [0.21, 0.09, 0.16, 0.11, 0.25, 0.1, 0.16]]",0.13,0.21,20,"[0.34, 0.12, 0.22, 0.32]","[[0, 1, 2, 3, 4, 5, 6, 7], [0, 28, 27, 26, 25, 24, 23, 22], [0, 15, 16, 17, 18, 19, 20, 21], [0, 14, 13, 12, 11, 10, 9, 8]]",0.072
3989,0.0,1,"[[0.18, 0.08, 0.14, 0.2, 0.12, 0.1, 0.1], [0.1, 0.05, 0.2, 0.13, 0.11, 0.09, 0.04], [0.15, 0.11, 0.22, 0.09, 0.14, 0.12, 0.12], [0.17, 0.01, 0.14, 0.05, 0.14, 0.07, 0.08]]",0.13,0.15,20,"[0.3, 0.22, 0.27, 0.21]","[[0, 1, 2, 3, 4, 5, 6, 7], [0, 8, 9, 10, 11, 12, 13, 14], [0, 20, 21, 22, 23, 24, 25, 26], [0, 19, 28, 18, 27, 17, 16, 15]]",0.072
3990,0.0,5,"[[3.89, 7.03, 1.42, 3.85, 5.57, 3.85, 2.09], [1.42, 3.42, 3.49, 1.78, 8.76, 8.52, 6.88], [3.98, 7.53, 6.94, 2.68, 5.16, 4.6, 0.82], [7.43, 7.31, 6.36, 5.75, 9.0, 9.88, 3.78]]",5.0,5.57,20,"[0.86, 0.01, 0.02, 0.11]","[[0, 1, 2, 3, 4, 5, 6, 7], [0, 26, 27, 25, 28, 24, 23, 22], [0, 15, 16, 17, 18, 19, 20, 21], [0, 8, 9, 10, 11, 12, 13, 14]]",2.994
3991,0.0,5,"[[6.19, 1.85, 1.16, 4.28, 2.66, 3.25, 7.93], [4.16, 3.03, 5.34, 3.93, 5.82, 4.05, 2.14], [6.53, 8.89, 6.73, 7.28, 2.75, 0.6, 4.09], [4.95, 6.55, 6.81, 6.9, 1.07, 2.2, 5.26]]",5.0,2.66,20,"[0.03, 0.86, 0.04, 0.07]","[[0, 23, 24, 25, 26, 27, 28, 22], [0, 1, 2, 3, 4, 5, 6, 7], [0, 15, 16, 17, 18, 19, 20, 21], [0, 8, 9, 10, 11, 12, 13, 14]]",2.994
3992,0.0,5,"[[4.36, 8.7, 5.94, 4.41, 8.37, 5.83, 0.58], [9.58, 2.24, 8.49, 4.24, 4.63, 4.53, 5.29], [6.08, 4.31, 5.59, 3.3, 3.91, 4.21, 4.74], [9.25, 5.33, 1.67, 7.75, 5.64, 2.81, 3.02]]",5.0,4.63,20,"[0.31, 0.27, 0.14, 0.28]","[[0, 14, 13, 12, 11, 10, 9, 8], [0, 15, 16, 17, 18, 19, 20, 21], [0, 23, 24, 25, 26, 28, 27, 22], [0, 1, 2, 3, 4, 5, 6, 7]]",2.994
3993,0.0,2,"[[5.92, 9.68, 5.15, 2.59, 5.89, 7.38, 2.85], [1.22, 5.64, 6.3, 3.82, 9.13, 6.51, 3.36], [6.72, 1.0, 8.86, 8.25, 8.82, 6.13, 4.12], [7.5, 7.75, 5.39, 3.9, 7.48, 3.23, 1.98]]",5.0,7.75,20,"[0.3, 0.17, 0.24, 0.29]","[[0, 14, 13, 11, 12, 10, 9, 8], [0, 15, 18, 19, 22, 23, 26, 27], [0, 16, 17, 20, 21, 24, 25, 28], [0, 1, 2, 3, 4, 5, 6, 7]]",2.994
3994,0.0,5,"[[5.77, 3.99, 6.61, 4.81, 8.16, 4.87, 2.84], [5.38, 5.12, 5.88, 4.67, 7.45, 7.64, 1.41], [2.86, 1.79, 4.9, 7.89, 6.3, 3.05, 5.2], [5.28, 6.58, 1.34, 2.2, 4.69, 6.92, 5.01]]",5.0,4.69,20,"[0.34, 0.23, 0.11, 0.32]","[[0, 1, 2, 3, 4, 5, 6, 7], [0, 21, 20, 19, 18, 17, 16, 15], [0, 22, 23, 25, 24, 26, 28, 27], [0, 8, 9, 11, 10, 12, 13, 14]]",2.994
3995,0.0,2,"[[5.97, 8.23, 1.24, 7.62, 4.62, 4.29, 5.98], [8.29, 4.65, 5.55, 1.01, 2.98, 8.74, 8.92], [1.93, 2.81, 4.79, 6.01, 7.29, 6.55, 4.48], [9.09, 1.98, 6.38, 4.5, 3.08, 5.26, 4.47]]",5.0,8.23,20,"[0.86, 0.01, 0.12, 0.01]","[[0, 1, 2, 3, 4, 5, 6, 7], [0, 21, 20, 19, 18, 17, 16, 15], [0, 8, 9, 10, 11, 12, 13, 14], [0, 22, 23, 24, 25, 26, 27, 28]]",2.994
3996,0.0,7,"[[2.67, 1.86, 1.79, 5.75, 3.59, 3.3, 1.49], [1.18, 8.77, 6.89, 4.16, 3.25, 3.0, 9.34], [1.75, 2.03, 4.01, 8.67, 5.48, 1.04, 6.3], [4.37, 0.5, 5.19, 4.46, 0.43, 0.13, 6.06]]",5.0,6.06,20,"[0.24, 0.23, 0.24, 0.29]","[[0, 1, 2, 3, 4, 5, 6, 7], [0, 15, 16, 27, 26, 25, 24, 23], [0, 14, 17, 18, 19, 20, 21, 22], [0, 8, 9, 10, 11, 12, 13, 28]]",2.994
3997,0.0,5,"[[8.47, 2.82, 7.33, 4.03, 7.07, 2.75, 1.54], [4.68, 3.16, 0.97, 1.44, 5.2, 6.65, 9.25], [8.41, 7.04, 1.31, 3.23, 7.09, 7.67, 1.55], [6.28, 2.99, 4.33, 1.28, 9.25, 6.99, 2.35]]",5.0,9.25,20,"[0.01, 0.01, 0.01, 0.97]","[[0, 8, 16, 17, 22, 11, 25, 26], [0, 13, 15, 18, 21, 10, 24, 27], [0, 12, 14, 19, 20, 9, 23, 28], [0, 1, 2, 3, 4, 5, 6, 7]]",2.994
3998,0.0,3,"[[3.74, 4.35, 1.03, 5.02, 2.48, 7.72, 3.91], [9.52, 3.82, 4.46, 2.55, 5.65, 6.25, 0.76], [2.96, 5.49, 2.32, 7.63, 0.35, 8.21, 6.51], [4.09, 2.1, 9.56, 8.08, 0.89, 1.16, 4.1]]",5.0,9.56,20,"[0.04, 0.08, 0.02, 0.86]","[[0, 16, 0, 10, 13, 0, 0, 0], [0, 15, 0, 9, 12, 0, 0, 0], [0, 14, 0, 8, 11, 0, 0, 0], [0, 1, 2, 3, 4, 5, 6, 7]]",2.994
3999,0.0,7,"[[7.29, 4.26, 4.93, 3.96, 3.34, 8.54, 6.49], [0.79, 3.44, 2.71, 8.71, 2.86, 7.09, 3.94], [9.61, 8.74, 7.3, 3.82, 1.83, 1.17, 5.37], [2.04, 1.98, 8.39, 1.63, 1.8, 1.97, 7.71]]",5.0,5.37,20,"[0.21, 0.28, 0.29, 0.22]","[[0, 10, 13, 16, 19, 0, 0, 22], [0, 9, 12, 15, 18, 0, 0, 21], [0, 1, 2, 3, 4, 5, 6, 7], [0, 8, 11, 14, 17, 0, 0, 20]]",2.994
4000,0.0,3,"[[3.25, 0.97, 8.64, 8.18, 2.13, 6.22, 0.77], [5.88, 7.57, 5.25, 3.43, 6.13, 3.52, 3.61], [5.54, 4.65, 8.68, 9.8, 7.31, 3.42, 4.37], [7.14, 2.83, 7.59, 3.91, 6.6, 1.41, 1.96]]",5.0,7.59,21,"[0.06, 0.03, 0.01, 0.9]","[[0, 0, 2, 1, 0, 0, 0, 0], [0, 0, 0, 10, 0, 0, 0, 0], [0, 0, 0, 0, 0, 0, 0, 0], [0, 3, 4, 5, 6, 7, 8, 9]]",2.994
4001,0.0,3,"[[2.09, 7.52, 9.74, 6.72, 2.88, 5.9, 5.87], [6.25, 4.49, 6.66, 2.68, 2.62, 7.58, 4.86], [0.33, 4.49, 3.44, 6.0, 4.73, 0.87, 2.63], [7.63, 1.46, 3.24, 5.72, 7.53, 7.25, 3.01]]",5.0,3.24,21,"[0.34, 0.23, 0.2, 0.23]","[[0, 1, 7, 2, 3, 6, 4, 5], [0, 0, 0, 8, 0, 0, 0, 0], [0, 0, 0, 9, 0, 0, 0, 0], [0, 0, 0, 10, 0, 0, 0, 0]]",2.994
4002,0.0,6,"[[8.02, 3.92, 3.11, 4.49, 4.13, 7.86, 3.71], [5.5, 3.12, 4.78, 4.63, 5.83, 9.55, 5.01], [6.87, 6.07, 1.32, 5.58, 8.22, 5.74, 5.54], [4.62, 3.36, 5.75, 5.59, 2.34, 1.7, 6.64]]",5.0,5.74,21,"[0.25, 0.27, 0.24, 0.24]","[[0, 0, 0, 0, 0, 0, 8, 0], [0, 1, 7, 2, 3, 6, 4, 5], [0, 0, 0, 0, 0, 0, 9, 0], [0, 0, 0, 0, 0, 0, 10, 0]]",2.994
4003,0.0,3,"[[6.19, 1.85, 1.16, 4.28, 2.66, 3.25, 7.93], [4.16, 3.03, 5.34, 3.93, 5.82, 4.05, 2.14], [6.53, 8.89, 6.73, 7.28, 2.75, 0.6, 4.09], [4.95, 6.55, 6.81, 6.9, 1.07, 2.2, 5.26]]",5.0,5.34,21,"[0.03, 0.86, 0.04, 0.07]","[[0, 0, 0, 8, 0, 11, 0, 0], [0, 1, 7, 2, 3, 6, 4, 5], [0, 0, 0, 9, 0, 12, 0, 0], [0, 0, 0, 10, 0, 13, 0, 0]]",2.994
4004,0.0,1,"[[1.32, 1.79, 4.74, 6.52, 9.55, 1.49, 3.36], [2.67, 2.3, 3.39, 7.85, 3.89, 7.4, 8.55], [4.18, 0.46, 4.32, 2.27, 3.18, 8.62, 2.94], [6.02, 2.09, 4.16, 3.95, 2.34, 3.36, 2.27]]",5.0,6.02,21,"[0.16, 0.11, 0.34, 0.39]","[[0, 9, 0, 0, 0, 0, 0, 0], [0, 10, 0, 0, 0, 0, 0, 0], [0, 8, 0, 0, 0, 0, 0, 0], [0, 1, 2, 3, 4, 5, 6, 7]]",2.994
4005,0.0,1,"[[7.91, 1.03, 5.87, 7.52, 6.88, 7.18, 6.1], [5.88, 5.55, 1.78, 3.0, 4.69, 4.52, 8.75], [5.71, 1.25, 6.22, 6.17, 8.38, 7.26, 4.32], [6.4, 8.88, 5.28, 4.23, 1.08, 0.7, 3.39]]",5.0,6.4,21,"[0.3, 0.18, 0.2, 0.32]","[[0, 12, 10, 0, 0, 0, 0, 0], [0, 13, 9, 0, 0, 0, 0, 0], [0, 11, 8, 0, 0, 0, 0, 0], [0, 1, 6, 3, 2, 4, 5, 7]]",2.994
4006,0.0,2,"[[7.29, 4.26, 4.93, 3.96, 3.34, 8.54, 6.49], [0.79, 3.44, 2.71, 8.71, 2.86, 7.09, 3.94], [9.61, 8.74, 7.3, 3.82, 1.83, 1.17, 5.37], [2.04, 1.98, 8.39, 1.63, 1.8, 1.97, 7.71]]",5.0,3.44,21,"[0.21, 0.28, 0.29, 0.22]","[[0, 10, 12, 15, 0, 0, 0, 0], [0, 8, 11, 14, 0, 0, 0, 0], [0, 1, 2, 3, 4, 5, 7, 6], [0, 9, 13, 16, 0, 0, 0, 0]]",2.994
4007,0.0,4,"[[6.26, 0.19, 5.42, 8.23, 3.15, 1.79, 3.82], [4.19, 3.39, 2.75, 9.2, 5.7, 3.44, 3.56], [5.45, 5.72, 8.61, 4.63, 8.16, 8.36, 7.19], [3.14, 2.27, 7.83, 9.11, 0.69, 3.38, 9.35]]",5.0,9.11,21,"[0.1, 0.01, 0.01, 0.88]","[[0, 0, 0, 11, 10, 0, 0, 16], [0, 0, 0, 13, 9, 0, 0, 15], [0, 0, 0, 12, 8, 0, 0, 14], [0, 2, 1, 7, 3, 6, 4, 5]]",2.994
4008,0.0,5,"[[8.47, 2.82, 7.33, 4.03, 7.07, 2.75, 1.54], [4.68, 3.16, 0.97, 1.44, 5.2, 6.65, 9.25], [8.41, 7.04, 1.31, 3.23, 7.09, 7.67, 1.55], [6.28, 2.99, 4.33, 1.28, 9.25, 6.99, 2.35]]",5.0,9.25,21,"[0.01, 0.01, 0.01, 0.97]","[[0, 0, 0, 0, 0, 13, 11, 0], [0, 0, 0, 0, 0, 9, 12, 0], [0, 0, 0, 0, 0, 8, 10, 0], [0, 1, 7, 2, 3, 6, 4, 5]]",2.994
4009,0.0,5,"[[0.95, 2.78, 3.25, 5.38, 7.09, 3.77, 4.83], [7.13, 8.96, 5.39, 2.27, 8.34, 7.96, 4.55], [9.77, 5.61, 8.97, 8.09, 6.52, 2.37, 9.08], [8.52, 1.84, 1.06, 3.62, 0.7, 3.27, 0.14]]",5.0,7.09,21,"[0.85, 0.07, 0.07, 0.01]","[[0, 1, 2, 6, 3, 4, 5, 7], [0, 0, 0, 0, 0, 8, 0, 0], [0, 0, 0, 0, 0, 10, 0, 0], [0, 0, 0, 0, 0, 9, 0, 0]]",2.994
4010,0.0,1,"[[0.18, 0.08, 0.14, 0.2, 0.12, 0.1, 0.1], [0.1, 0.05, 0.2, 0.13, 0.11, 0.09, 0.04], [0.15, 0.11, 0.22, 0.09, 0.14, 0.12, 0.12], [0.17, 0.01, 0.14, 0.05, 0.14, 0.07, 0.08]]",0.13,0.17,21,"[0.3, 0.22, 0.27, 0.21]","[[0, 1, 2, 3, 4, 5, 7, 6], [0, 11, 0, 0, 8, 0, 0, 0], [0, 12, 0, 0, 9, 0, 0, 0], [0, 13, 0, 0, 10, 0, 0, 0]]",0.072
4011,0.0,4,"[[0.11, 0.22, 0.08, 0.2, 0.14, 0.03, 0.13], [0.17, 0.02, 0.02, 0.09, 0.21, 0.16, 0.15], [0.09, 0.18, 0.16, 0.17, 0.05, 0.09, 0.1], [0.18, 0.05, 0.09, 0.19, 0.24, 0.18, 0.12]]",0.13,0.19,21,"[0.33, 0.18, 0.11, 0.38]","[[0, 0, 0, 0, 10, 13, 0, 0], [0, 0, 0, 0, 9, 12, 0, 0], [0, 0, 0, 0, 8, 11, 0, 0], [0, 1, 6, 2, 3, 5, 4, 7]]",0.072
4012,0.0,3,"[[0.14, 0.16, 0.16, 0.21, 0.14, 0.04, 0.08], [0.06, 0.2, 0.17, 0.04, 0.15, 0.07, 0.15], [0.13, 0.19, 0.14, 0.02, 0.08, 0.23, 0.1], [0.15, 0.03, 0.13, 0.07, 0.13, 0.07, 0.19]]",0.13,0.14,21,"[0.26, 0.28, 0.24, 0.22]","[[0, 0, 8, 10, 0, 0, 0, 0], [0, 1, 6, 2, 5, 3, 4, 7], [0, 0, 9, 12, 0, 0, 0, 0], [0, 0, 13, 11, 0, 0, 0, 0]]",0.072
4013,0.0,7,"[[0.1, 0.1, 0.17, 0.08, 0.04, 0.09, 0.12], [0.18, 0.07, 0.12, 0.15, 0.14, 0.22, 0.18], [0.17, 0.02, 0.06, 0.16, 0.1, 0.2, 0.19], [0.23, 0.18, 0.17, 0.22, 0.21, 0.09, 0.19]]",0.13,0.18,21,"[0.21, 0.32, 0.34, 0.13]","[[0, 0, 0, 0, 0, 0, 9, 13], [0, 0, 0, 0, 0, 0, 8, 11], [0, 1, 7, 2, 6, 3, 4, 5], [0, 0, 0, 0, 0, 0, 10, 12]]",0.072
4014,0.0,7,"[[0.19, 0.11, 0.24, 0.23, 0.21, 0.14, 0.16], [0.12, 0.1, 0.02, 0.19, 0.1, 0.08, 0.14], [0.05, 0.21, 0.07, 0.2, 0.09, 0.02, 0.23], [0.09, 0.04, 0.09, 0.14, 0.18, 0.2, 0.23]]",0.13,0.23,21,"[0.03, 0.01, 0.92, 0.04]","[[0, 0, 12, 0, 0, 0, 0, 10], [0, 0, 11, 0, 0, 0, 0, 8], [0, 1, 7, 2, 6, 3, 4, 5], [0, 0, 13, 0, 0, 0, 0, 9]]",0.072
4015,0.0,4,"[[0.04, 0.14, 0.09, 0.06, 0.18, 0.1, 0.07], [0.09, 0.13, 0.01, 0.23, 0.07, 0.19, 0.05], [0.08, 0.2, 0.08, 0.21, 0.07, 0.04, 0.22], [0.12, 0.1, 0.09, 0.18, 0.18, 0.04, 0.15]]",0.13,0.18,21,"[0.05, 0.03, 0.07, 0.85]","[[0, 0, 0, 0, 15, 10, 0, 13], [0, 0, 0, 0, 16, 9, 0, 12], [0, 0, 0, 0, 14, 8, 0, 11], [0, 1, 7, 2, 3, 6, 4, 5]]",0.072
4016,0.0,2,"[[0.02, 0.18, 0.09, 0.13, 0.07, 0.12, 0.08], [0.15, 0.12, 0.24, 0.14, 0.1, 0.01, 0.14], [0.2, 0.14, 0.24, 0.13, 0.22, 0.23, 0.18], [0.11, 0.21, 0.18, 0.07, 0.12, 0.14, 0.14]]",0.13,0.18,21,"[0.85, 0.02, 0.03, 0.1]","[[0, 1, 7, 2, 3, 4, 6, 5], [0, 0, 8, 0, 0, 0, 0, 0], [0, 0, 9, 0, 0, 0, 0, 0], [0, 0, 10, 0, 0, 0, 0, 0]]",0.072
4017,0.0,5,"[[0.19, 0.09, 0.13, 0.2, 0.03, 0.17, 0.2], [0.08, 0.14, 0.18, 0.15, 0.19, 0.11, 0.07], [0.15, 0.06, 0.07, 0.11, 0.19, 0.02, 0.14], [0.12, 0.04, 0.06, 0.04, 0.06, 0.19, 0.09]]",0.13,0.19,21,"[0.02, 0.85, 0.05, 0.08]","[[0, 0, 0, 12, 0, 8, 0, 0], [0, 1, 7, 2, 3, 6, 4, 5], [0, 0, 0, 11, 0, 9, 0, 0], [0, 0, 0, 13, 0, 10, 0, 0]]",0.072
4018,0.0,5,"[[0.14, 0.15, 0.11, 0.2, 0.03, 0.13, 0.04], [0.03, 0.07, 0.1, 0.21, 0.1, 0.13, 0.08], [0.14, 0.03, 0.06, 0.05, 0.15, 0.08, 0.09], [0.13, 0.08, 0.16, 0.01, 0.21, 0.09, 0.05]]",0.13,0.15,21,"[0.06, 0.03, 0.86, 0.05]","[[0, 12, 0, 0, 0, 9, 0, 0], [0, 11, 0, 0, 0, 8, 0, 0], [0, 1, 6, 2, 5, 3, 4, 7], [0, 13, 0, 0, 0, 10, 0, 0]]",0.072
4019,0.0,7,"[[0.12, 0.17, 0.14, 0.13, 0.11, 0.07, 0.23], [0.21, 0.03, 0.18, 0.17, 0.22, 0.07, 0.12], [0.06, 0.15, 0.14, 0.1, 0.11, 0.15, 0.22], [0.13, 0.03, 0.18, 0.17, 0.07, 0.25, 0.1]]",0.13,0.23,21,"[0.39, 0.18, 0.15, 0.28]","[[0, 1, 7, 2, 3, 6, 4, 5], [0, 0, 0, 0, 0, 0, 0, 8], [0, 0, 0, 0, 0, 0, 0, 9], [0, 0, 0, 0, 0, 0, 0, 10]]",0.072
4020,0.0,5,"[[0.05, 0.08, 0.17, 0.15, 0.22, 0.07, 0.07], [0.06, 0.1, 0.12, 0.11, 0.19, 0.16, 0.05], [0.19, 0.16, 0.13, 0.06, 0.18, 0.04, 0.24], [0.15, 0.24, 0.11, 0.13, 0.14, 0.03, 0.01]]",0.13,0.22,22,"[0.86, 0.01, 0.05, 0.08]","[[0, 1, 2, 3, 4, 6, 5, 15], [0, 7, 10, 0, 11, 12, 0, 0], [0, 8, 0, 0, 0, 13, 14, 16], [0, 9, 0, 0, 0, 0, 0, 0]]",0.072
4021,0.0,2,"[[0.08, 0.23, 0.16, 0.14, 0.22, 0.12, 0.2], [0.17, 0.2, 0.03, 0.17, 0.21, 0.17, 0.07], [0.08, 0.2, 0.14, 0.22, 0.1, 0.13, 0.17], [0.07, 0.12, 0.01, 0.11, 0.05, 0.12, 0.17]]",0.13,0.23,22,"[0.86, 0.03, 0.04, 0.07]","[[0, 1, 2, 3, 4, 6, 5, 7], [0, 13, 12, 24, 11, 10, 9, 8], [0, 14, 15, 23, 0, 18, 20, 21], [0, 26, 25, 16, 17, 0, 19, 22]]",0.072
4022,0.0,5,"[[0.09, 0.06, 0.16, 0.11, 0.12, 0.22, 0.04], [0.11, 0.19, 0.13, 0.18, 0.2, 0.12, 0.12], [0.11, 0.08, 0.15, 0.06, 0.15, 0.13, 0.16], [0.08, 0.15, 0.2, 0.17, 0.24, 0.04, 0.12]]",0.13,0.24,22,"[0.15, 0.32, 0.21, 0.32]","[[0, 1, 24, 23, 26, 25, 28, 27], [0, 2, 3, 9, 10, 13, 18, 19], [0, 5, 6, 22, 11, 14, 17, 20], [0, 4, 7, 8, 12, 15, 16, 21]]",0.072
4023,0.0,3,"[[0.08, 0.23, 0.11, 0.15, 0.14, 0.16, 0.07], [0.19, 0.17, 0.09, 0.16, 0.14, 0.09, 0.03], [0.13, 0.11, 0.24, 0.17, 0.14, 0.06, 0.15], [0.09, 0.17, 0.09, 0.17, 0.19, 0.1, 0.17]]",0.13,0.09,22,"[0.01, 0.02, 0.11, 0.86]","[[0, 0, 0, 0, 0, 0, 0, 0], [0, 17, 15, 16, 21, 20, 19, 18], [0, 1, 14, 13, 11, 12, 10, 9], [0, 2, 3, 5, 4, 6, 7, 8]]",0.072
4024,0.0,1,"[[0.06, 0.1, 0.22, 0.17, 0.09, 0.03, 0.08], [0.24, 0.07, 0.1, 0.11, 0.11, 0.15, 0.16], [0.04, 0.05, 0.2, 0.13, 0.03, 0.1, 0.19], [0.2, 0.09, 0.17, 0.15, 0.2, 0.1, 0.15]]",0.13,0.2,22,"[0.01, 0.1, 0.04, 0.85]","[[0, 0, 0, 0, 0, 0, 0, 0], [0, 8, 9, 10, 11, 12, 13, 14], [0, 0, 0, 0, 0, 0, 0, 0], [0, 1, 2, 3, 4, 6, 5, 7]]",0.072
4025,0.0,3,"[[0.18, 0.08, 0.14, 0.2, 0.12, 0.1, 0.1], [0.1, 0.05, 0.2, 0.13, 0.11, 0.09, 0.04], [0.15, 0.11, 0.22, 0.09, 0.14, 0.12, 0.12], [0.17, 0.01, 0.14, 0.05, 0.14, 0.07, 0.08]]",0.13,0.14,22,"[0.3, 0.22, 0.27, 0.21]","[[0, 3, 4, 7, 13, 14, 15, 16], [0, 2, 5, 6, 12, 21, 20, 17], [0, 10, 9, 8, 11, 22, 19, 18], [0, 1, 28, 26, 27, 25, 24, 23]]",0.072
4026,0.0,2,"[[0.16, 0.14, 0.08, 0.14, 0.11, 0.13, 0.09], [0.19, 0.11, 0.19, 0.08, 0.11, 0.19, 0.13], [0.21, 0.23, 0.11, 0.11, 0.1, 0.18, 0.03], [0.04, 0.14, 0.12, 0.13, 0.05, 0.04, 0.05]]",0.13,0.14,22,"[0.31, 0.22, 0.18, 0.29]","[[0, 3, 5, 7, 9, 11, 12, 13], [0, 2, 4, 6, 8, 10, 15, 14], [0, 22, 23, 25, 24, 26, 27, 28], [0, 1, 21, 20, 19, 18, 16, 17]]",0.072
4027,0.0,5,"[[0.11, 0.22, 0.08, 0.2, 0.14, 0.03, 0.13], [0.17, 0.02, 0.02, 0.09, 0.21, 0.16, 0.15], [0.09, 0.18, 0.16, 0.17, 0.05, 0.09, 0.1], [0.18, 0.05, 0.09, 0.19, 0.24, 0.18, 0.12]]",0.13,0.21,22,"[0.33, 0.18, 0.11, 0.38]","[[0, 1, 4, 5, 9, 8, 12, 13], [0, 15, 17, 16, 19, 18, 20, 21], [0, 0, 0, 0, 0, 0, 0, 0], [0, 2, 3, 6, 7, 10, 11, 14]]",0.072
4028,0.0,7,"[[0.11, 0.06, 0.11, 0.08, 0.17, 0.11, 0.11], [0.14, 0.12, 0.06, 0.14, 0.09, 0.14, 0.12], [0.04, 0.15, 0.09, 0.13, 0.15, 0.18, 0.21], [0.1, 0.08, 0.17, 0.08, 0.19, 0.13, 0.19]]",0.13,0.19,22,"[0.26, 0.2, 0.27, 0.27]","[[0, 4, 5, 9, 14, 21, 22, 20], [0, 3, 6, 10, 16, 0, 23, 26], [0, 2, 8, 11, 15, 0, 24, 25], [0, 1, 7, 12, 13, 18, 17, 19]]",0.072
4029,0.0,3,"[[0.05, 0.17, 0.08, 0.07, 0.16, 0.13, 0.05], [0.1, 0.16, 0.24, 0.2, 0.19, 0.19, 0.23], [0.18, 0.13, 0.06, 0.19, 0.17, 0.21, 0.13], [0.16, 0.18, 0.2, 0.12, 0.19, 0.08, 0.19]]",0.13,0.08,22,"[0.85, 0.1, 0.02, 0.03]","[[0, 1, 2, 3, 4, 5, 6, 7], [0, 8, 9, 10, 11, 12, 13, 14], [0, 0, 0, 15, 18, 0, 0, 19], [0, 0, 0, 16, 17, 0, 0, 0]]",0.072
4030,0.0,4,"[[1.89, 1.68, 4.82, 0.64, 6.72, 5.82, 3.47], [2.81, 5.64, 4.93, 5.88, 1.19, 6.58, 2.91], [6.88, 4.96, 4.06, 5.77, 1.03, 4.24, 5.62], [0.22, 1.89, 4.63, 5.2, 4.1, 3.36, 6.44]]",5.0,5.88,22,"[0.25, 0.26, 0.31, 0.18]","[[0, 1, 3, 0, 0, 0, 0, 0], [0, 5, 2, 0, 0, 0, 0, 0], [0, 4, 6, 7, 8, 9, 11, 10], [0, 0, 0, 0, 0, 0, 0, 0]]",2.994
4031,0.0,4,"[[7.29, 4.26, 4.93, 3.96, 3.34, 8.54, 6.49], [0.79, 3.44, 2.71, 8.71, 2.86, 7.09, 3.94], [9.61, 8.74, 7.3, 3.82, 1.83, 1.17, 5.37], [2.04, 1.98, 8.39, 1.63, 1.8, 1.97, 7.71]]",5.0,3.96,22,"[0.21, 0.28, 0.29, 0.22]","[[0, 22, 24, 23, 25, 17, 15, 16], [0, 2, 4, 5, 8, 9, 12, 13], [0, 1, 3, 6, 7, 10, 11, 14], [0, 21, 20, 19, 18, 0, 0, 0]]",2.994
4032,0.0,3,"[[3.4, 2.14, 9.33, 2.59, 4.55, 1.09, 2.85], [2.69, 7.17, 4.91, 8.03, 6.07, 6.49, 2.28], [2.24, 5.15, 4.83, 2.39, 2.78, 7.43, 5.61], [3.01, 5.69, 6.66, 3.22, 3.6, 8.48, 3.28]]",5.0,4.83,22,"[0.07, 0.01, 0.9, 0.02]","[[0, 8, 9, 11, 10, 15, 16, 19], [0, 20, 0, 12, 13, 14, 17, 18], [0, 2, 1, 3, 4, 5, 6, 7], [0, 0, 0, 0, 0, 0, 0, 0]]",2.994
4033,0.0,4,"[[0.95, 2.78, 3.25, 5.38, 7.09, 3.77, 4.83], [7.13, 8.96, 5.39, 2.27, 8.34, 7.96, 4.55], [9.77, 5.61, 8.97, 8.09, 6.52, 2.37, 9.08], [8.52, 1.84, 1.06, 3.62, 0.7, 3.27, 0.14]]",5.0,5.38,22,"[0.85, 0.07, 0.07, 0.01]","[[0, 1, 2, 3, 4, 5, 6, 7], [0, 14, 13, 12, 11, 10, 9, 8], [0, 15, 16, 17, 19, 18, 22, 23], [0, 28, 27, 25, 26, 20, 21, 24]]",2.994
4034,0.0,6,"[[1.63, 4.7, 3.32, 2.64, 8.47, 3.24, 4.54], [8.67, 5.47, 1.74, 1.77, 1.06, 7.43, 3.25], [4.05, 4.33, 1.96, 6.68, 6.28, 9.52, 7.64], [3.95, 5.24, 1.85, 2.91, 0.64, 2.21, 1.85]]",5.0,7.43,22,"[0.05, 0.89, 0.05, 0.01]","[[0, 20, 19, 15, 16, 12, 13, 14], [0, 1, 2, 3, 4, 5, 6, 7], [0, 21, 18, 17, 10, 11, 9, 8], [0, 22, 23, 24, 25, 26, 27, 28]]",2.994
4035,0.0,5,"[[8.51, 2.86, 5.22, 3.29, 7.8, 7.12, 2.91], [7.85, 5.63, 4.76, 5.73, 4.36, 4.99, 0.21], [1.1, 2.64, 4.86, 7.57, 7.15, 0.31, 2.34], [6.38, 5.91, 3.08, 6.0, 7.58, 3.85, 6.26]]",5.0,7.15,22,"[0.19, 0.32, 0.23, 0.26]","[[0, 21, 19, 20, 18, 17, 16, 15], [0, 2, 3, 5, 8, 9, 12, 13], [0, 1, 4, 6, 7, 10, 11, 14], [0, 22, 23, 24, 26, 25, 28, 27]]",2.994
4036,0.0,5,"[[4.41, 7.98, 5.03, 0.94, 6.07, 7.96, 3.08], [7.18, 6.38, 1.11, 4.77, 7.21, 4.82, 4.9], [5.63, 7.2, 7.79, 1.19, 2.56, 6.05, 3.13], [2.67, 2.05, 5.91, 4.15, 9.55, 4.46, 9.22]]",5.0,9.55,22,"[0.04, 0.02, 0.05, 0.89]","[[0, 28, 25, 24, 21, 20, 17, 16], [0, 27, 26, 23, 22, 19, 18, 15], [0, 8, 10, 9, 11, 12, 13, 14], [0, 1, 2, 3, 4, 5, 6, 7]]",2.994
4037,0.0,1,"[[5.63, 2.91, 6.84, 6.5, 2.65, 5.91, 4.09], [5.16, 0.83, 2.41, 5.99, 6.15, 3.67, 6.12], [5.67, 9.08, 3.93, 7.57, 5.62, 2.51, 2.61], [4.59, 1.2, 4.42, 1.16, 8.17, 8.27, 1.11]]",5.0,5.16,22,"[0.14, 0.34, 0.35, 0.17]","[[0, 28, 27, 26, 25, 24, 23, 22], [0, 2, 5, 7, 12, 13, 17, 19], [0, 1, 6, 8, 11, 14, 18, 20], [0, 3, 4, 9, 10, 15, 16, 21]]",2.994
4038,0.0,4,"[[3.74, 4.35, 1.03, 5.02, 2.48, 7.72, 3.91], [9.52, 3.82, 4.46, 2.55, 5.65, 6.25, 0.76], [2.96, 5.49, 2.32, 7.63, 0.35, 8.21, 6.51], [4.09, 2.1, 9.56, 8.08, 0.89, 1.16, 4.1]]",5.0,8.08,22,"[0.04, 0.08, 0.02, 0.86]","[[0, 17, 16, 20, 21, 24, 26, 27], [0, 18, 15, 19, 22, 23, 25, 28], [0, 3, 14, 13, 12, 11, 10, 9], [0, 2, 1, 4, 5, 7, 6, 8]]",2.994
4039,0.0,6,"[[3.55, 2.94, 0.08, 3.13, 2.15, 9.59, 4.77], [4.35, 5.83, 1.82, 2.79, 3.6, 4.35, 6.66], [4.91, 4.62, 9.06, 2.02, 4.04, 2.21, 7.62], [0.78, 5.9, 1.77, 4.45, 7.63, 4.39, 2.86]]",5.0,9.59,22,"[0.34, 0.11, 0.27, 0.28]","[[0, 3, 4, 10, 23, 22, 21, 20], [0, 2, 5, 9, 24, 25, 26, 19], [0, 27, 6, 8, 28, 16, 17, 18], [0, 1, 7, 11, 12, 13, 14, 15]]",2.994
4040,0.0,1,"[[0.18, 0.08, 0.14, 0.2, 0.12, 0.1, 0.1], [0.1, 0.05, 0.2, 0.13, 0.11, 0.09, 0.04], [0.15, 0.11, 0.22, 0.09, 0.14, 0.12, 0.12], [0.17, 0.01, 0.14, 0.05, 0.14, 0.07, 0.08]]",0.13,0.15,23,"[0.3, 0.22, 0.27, 0.21]","[[0, 2, 3, 11, 16, 19, 28, 27], [0, 1, 4, 10, 15, 17, 20, 26], [0, 6, 5, 9, 14, 18, 21, 25], [0, 7, 8, 12, 13, 23, 22, 24]]",0.072
4041,0.0,5,"[[0.1, 0.1, 0.03, 0.13, 0.2, 0.08, 0.11], [0.08, 0.05, 0.11, 0.15, 0.22, 0.2, 0.17], [0.16, 0.24, 0.08, 0.04, 0.05, 0.19, 0.14], [0.1, 0.18, 0.15, 0.14, 0.18, 0.07, 0.19]]",0.13,0.18,23,"[0.36, 0.26, 0.19, 0.19]","[[0, 1, 8, 9, 16, 17, 24, 25], [0, 2, 7, 10, 15, 18, 23, 26], [0, 3, 6, 11, 14, 19, 22, 28], [0, 4, 5, 12, 13, 20, 21, 27]]",0.072
4042,0.0,1,"[[0.14, 0.15, 0.11, 0.2, 0.03, 0.13, 0.04], [0.03, 0.07, 0.1, 0.21, 0.1, 0.13, 0.08], [0.14, 0.03, 0.06, 0.05, 0.15, 0.08, 0.09], [0.13, 0.08, 0.16, 0.01, 0.21, 0.09, 0.05]]",0.13,0.14,23,"[0.06, 0.03, 0.86, 0.05]","[[0, 1, 2, 3, 4, 5, 6, 7], [0, 14, 13, 12, 11, 10, 9, 8], [0, 15, 16, 17, 18, 19, 23, 20], [0, 28, 27, 26, 25, 24, 22, 21]]",0.072
4043,0.0,7,"[[0.15, 0.08, 0.15, 0.12, 0.15, 0.08, 0.22], [0.12, 0.2, 0.22, 0.16, 0.25, 0.12, 0.11], [0.19, 0.22, 0.15, 0.08, 0.12, 0.14, 0.2], [0.21, 0.16, 0.09, 0.16, 0.22, 0.15, 0.19]]",0.13,0.2,23,"[0.05, 0.07, 0.86, 0.02]","[[0, 1, 8, 9, 16, 17, 24, 25], [0, 2, 7, 10, 15, 18, 23, 26], [0, 3, 6, 11, 14, 19, 22, 27], [0, 4, 5, 12, 13, 20, 21, 28]]",0.072
4044,0.0,5,"[[0.15, 0.17, 0.12, 0.06, 0.06, 0.22, 0.15], [0.19, 0.17, 0.21, 0.18, 0.06, 0.19, 0.04], [0.07, 0.13, 0.08, 0.09, 0.18, 0.11, 0.12], [0.16, 0.1, 0.02, 0.11, 0.21, 0.13, 0.19]]",0.13,0.21,23,"[0.09, 0.05, 0.01, 0.85]","[[0, 1, 8, 9, 16, 17, 23, 24], [0, 2, 7, 10, 15, 18, 22, 25], [0, 3, 6, 11, 14, 19, 28, 27], [0, 4, 5, 12, 13, 20, 21, 26]]",0.072
4045,0.0,7,"[[0.11, 0.06, 0.11, 0.08, 0.17, 0.11, 0.11], [0.14, 0.12, 0.06, 0.14, 0.09, 0.14, 0.12], [0.04, 0.15, 0.09, 0.13, 0.15, 0.18, 0.21], [0.1, 0.08, 0.17, 0.08, 0.19, 0.13, 0.19]]",0.13,0.12,23,"[0.26, 0.2, 0.27, 0.27]","[[0, 1, 8, 9, 21, 22, 23, 24], [0, 2, 7, 10, 20, 28, 27, 25], [0, 3, 6, 11, 19, 18, 17, 26], [0, 4, 5, 12, 13, 14, 15, 16]]",0.072
4046,0.0,1,"[[0.14, 0.07, 0.05, 0.18, 0.03, 0.01, 0.18], [0.19, 0.23, 0.07, 0.1, 0.08, 0.19, 0.2], [0.17, 0.24, 0.03, 0.21, 0.19, 0.07, 0.21], [0.14, 0.09, 0.21, 0.08, 0.19, 0.05, 0.09]]",0.13,0.19,23,"[0.15, 0.26, 0.26, 0.33]","[[0, 1, 2, 3, 4, 5, 6, 7], [0, 14, 13, 12, 11, 10, 9, 8], [0, 15, 16, 17, 18, 19, 20, 21], [0, 28, 27, 26, 25, 24, 23, 22]]",0.072
4047,0.0,3,"[[0.02, 0.1, 0.05, 0.19, 0.09, 0.05, 0.06], [0.03, 0.12, 0.22, 0.08, 0.02, 0.07, 0.12], [0.18, 0.19, 0.1, 0.18, 0.18, 0.13, 0.15], [0.08, 0.17, 0.23, 0.11, 0.13, 0.16, 0.07]]",0.13,0.23,23,"[0.06, 0.06, 0.03, 0.85]","[[0, 1, 2, 3, 4, 5, 6, 7], [0, 18, 19, 22, 23, 26, 27, 8], [0, 17, 20, 21, 24, 25, 28, 9], [0, 16, 15, 14, 13, 12, 11, 10]]",0.072
4048,0.0,1,"[[0.11, 0.17, 0.16, 0.1, 0.16, 0.08, 0.16], [0.14, 0.11, 0.1, 0.17, 0.15, 0.09, 0.15], [0.18, 0.13, 0.06, 0.09, 0.04, 0.12, 0.18], [0.24, 0.17, 0.23, 0.17, 0.08, 0.13, 0.06]]",0.13,0.11,23,"[0.26, 0.27, 0.3, 0.17]","[[0, 1, 2, 3, 4, 5, 6, 7], [0, 14, 13, 12, 11, 10, 9, 8], [0, 15, 16, 17, 18, 19, 20, 21], [0, 28, 27, 26, 25, 24, 23, 22]]",0.072
4049,0.0,7,"[[0.06, 0.22, 0.11, 0.12, 0.13, 0.09, 0.18], [0.2, 0.17, 0.05, 0.09, 0.17, 0.16, 0.24], [0.14, 0.03, 0.23, 0.14, 0.04, 0.13, 0.18], [0.16, 0.1, 0.17, 0.16, 0.14, 0.04, 0.05]]",0.13,0.18,23,"[0.87, 0.02, 0.1, 0.01]","[[0, 1, 2, 3, 4, 5, 6, 7], [0, 14, 13, 12, 11, 10, 9, 8], [0, 15, 16, 17, 18, 19, 20, 21], [0, 28, 27, 26, 25, 24, 23, 22]]",0.072
4050,0.0,4,"[[7.74, 3.22, 6.43, 3.71, 7.81, 4.87, 5.0], [6.79, 7.24, 2.38, 4.86, 3.87, 6.17, 4.92], [3.15, 9.58, 2.44, 5.2, 8.45, 2.58, 2.29], [4.2, 1.81, 5.9, 9.47, 8.69, 2.45, 6.94]]",5.0,4.86,23,"[0.15, 0.38, 0.14, 0.33]","[[0, 1, 2, 3, 4, 5, 9, 6], [0, 14, 13, 12, 11, 10, 8, 7], [0, 15, 16, 17, 18, 19, 20, 21], [0, 28, 27, 26, 25, 24, 23, 22]]",2.994
4051,0.0,4,"[[6.26, 0.19, 5.42, 8.23, 3.15, 1.79, 3.82], [4.19, 3.39, 2.75, 9.2, 5.7, 3.44, 3.56], [5.45, 5.72, 8.61, 4.63, 8.16, 8.36, 7.19], [3.14, 2.27, 7.83, 9.11, 0.69, 3.38, 9.35]]",5.0,9.11,23,"[0.1, 0.01, 0.01, 0.88]","[[0, 1, 2, 3, 4, 5, 6, 7], [0, 14, 13, 12, 11, 10, 9, 8], [0, 15, 16, 17, 18, 19, 20, 21], [0, 27, 26, 25, 24, 28, 23, 22]]",2.994
4052,0.0,7,"[[5.12, 1.51, 5.2, 6.71, 2.69, 8.45, 7.56], [1.26, 6.81, 6.02, 6.85, 3.83, 2.04, 5.15], [0.77, 1.29, 6.67, 1.6, 1.63, 0.54, 0.89], [4.2, 5.58, 3.29, 3.97, 3.54, 6.37, 4.95]]",5.0,5.15,23,"[0.21, 0.27, 0.19, 0.33]","[[0, 1, 2, 3, 4, 5, 6, 7], [0, 14, 13, 12, 11, 10, 9, 8], [0, 15, 16, 17, 18, 19, 20, 21], [0, 28, 27, 26, 25, 24, 23, 22]]",2.994
4053,0.0,5,"[[3.95, 8.96, 8.28, 6.18, 7.02, 4.65, 4.21], [7.39, 4.82, 4.44, 1.73, 7.35, 9.66, 2.04], [6.67, 2.62, 2.43, 7.24, 6.32, 7.33, 5.82], [4.75, 4.96, 2.68, 1.71, 6.22, 1.58, 9.11]]",5.0,6.22,23,"[0.25, 0.24, 0.28, 0.23]","[[0, 1, 2, 3, 4, 5, 6, 7], [0, 14, 13, 12, 11, 10, 9, 8], [0, 15, 16, 17, 18, 19, 20, 21], [0, 28, 27, 26, 25, 24, 23, 22]]",2.994
4054,0.0,5,"[[4.41, 7.98, 5.03, 0.94, 6.07, 7.96, 3.08], [7.18, 6.38, 1.11, 4.77, 7.21, 4.82, 4.9], [5.63, 7.2, 7.79, 1.19, 2.56, 6.05, 3.13], [2.67, 2.05, 5.91, 4.15, 9.55, 4.46, 9.22]]",5.0,9.55,23,"[0.04, 0.02, 0.05, 0.89]","[[0, 1, 2, 3, 4, 5, 6, 7], [0, 14, 13, 12, 11, 10, 9, 8], [0, 15, 16, 17, 18, 19, 20, 21], [0, 28, 27, 26, 25, 24, 23, 22]]",2.994
4055,0.0,7,"[[7.29, 4.26, 4.93, 3.96, 3.34, 8.54, 6.49], [0.79, 3.44, 2.71, 8.71, 2.86, 7.09, 3.94], [9.61, 8.74, 7.3, 3.82, 1.83, 1.17, 5.37], [2.04, 1.98, 8.39, 1.63, 1.8, 1.97, 7.71]]",5.0,3.94,23,"[0.21, 0.28, 0.29, 0.22]","[[0, 1, 4, 2, 3, 5, 6, 7], [0, 13, 12, 11, 10, 18, 9, 8], [0, 14, 15, 16, 17, 19, 20, 21], [0, 28, 27, 26, 25, 24, 23, 22]]",2.994
4056,0.0,7,"[[0.94, 9.58, 9.58, 1.68, 3.99, 3.26, 9.98], [7.2, 6.69, 3.6, 6.35, 1.28, 0.52, 9.84], [4.59, 4.33, 3.41, 2.69, 0.89, 3.28, 2.91], [7.61, 5.48, 8.81, 6.78, 0.6, 7.91, 3.87]]",5.0,9.98,23,"[0.01, 0.89, 0.08, 0.02]","[[0, 1, 2, 3, 4, 5, 6, 7], [0, 13, 12, 17, 11, 10, 9, 8], [0, 14, 15, 16, 18, 19, 20, 21], [0, 28, 27, 26, 25, 24, 23, 22]]",2.994
4057,0.0,2,"[[7.11, 5.78, 4.85, 4.33, 7.33, 7.89, 5.26], [5.95, 7.87, 3.44, 7.0, 6.97, 5.22, 6.26], [3.72, 9.35, 7.04, 6.38, 7.42, 6.47, 5.89], [5.94, 4.84, 1.39, 4.52, 3.41, 2.82, 3.73]]",5.0,7.87,23,"[0.33, 0.2, 0.24, 0.23]","[[0, 1, 2, 3, 4, 5, 6, 7], [0, 14, 13, 12, 11, 10, 9, 8], [0, 15, 16, 17, 18, 19, 20, 21], [0, 26, 25, 27, 24, 28, 23, 22]]",2.994
4058,0.0,3,"[[3.74, 4.35, 1.03, 5.02, 2.48, 7.72, 3.91], [9.52, 3.82, 4.46, 2.55, 5.65, 6.25, 0.76], [2.96, 5.49, 2.32, 7.63, 0.35, 8.21, 6.51], [4.09, 2.1, 9.56, 8.08, 0.89, 1.16, 4.1]]",5.0,2.32,23,"[0.04, 0.08, 0.02, 0.86]","[[0, 1, 2, 3, 7, 4, 5, 6], [0, 8, 26, 27, 22, 28, 19, 18], [0, 9, 25, 24, 23, 21, 20, 17], [0, 10, 11, 12, 13, 14, 15, 16]]",2.994
4059,0.0,1,"[[5.93, 4.61, 6.44, 6.58, 0.77, 6.66, 0.58], [1.24, 4.91, 5.63, 0.45, 3.38, 4.94, 3.12], [7.83, 1.4, 2.04, 7.87, 6.09, 6.31, 5.4], [6.34, 6.33, 4.75, 6.81, 8.3, 6.3, 9.27]]",5.0,7.83,23,"[0.01, 0.1, 0.87, 0.02]","[[0, 1, 2, 3, 4, 5, 6, 7], [0, 28, 13, 12, 11, 10, 9, 8], [0, 14, 15, 16, 17, 18, 19, 20], [0, 27, 26, 25, 24, 23, 22, 21]]",2.994
4060,0.0,7,"[[0.2, 0.14, 0.16, 0.12, 0.21, 0.18, 0.23], [0.06, 0.09, 0.16, 0.16, 0.14, 0.12, 0.15], [0.23, 0.08, 0.17, 0.11, 0.04, 0.14, 0.15], [0.06, 0.12, 0.16, 0.23, 0.08, 0.11, 0.15]]",0.13,0.23,24,"[0.33, 0.18, 0.11, 0.38]","[[0, 1, 5, 9, 28, 27, 26, 25], [0, 3, 6, 10, 21, 22, 23, 24], [0, 2, 7, 11, 20, 19, 18, 17], [0, 4, 8, 12, 13, 14, 15, 16]]",0.072
4061,0.0,6,"[[0.21, 0.14, 0.05, 0.18, 0.12, 0.1, 0.15], [0.03, 0.07, 0.04, 0.14, 0.13, 0.15, 0.2], [0.05, 0.14, 0.08, 0.16, 0.04, 0.13, 0.08], [0.19, 0.12, 0.09, 0.06, 0.18, 0.05, 0.09]]",0.13,0.05,24,"[0.01, 0.02, 0.88, 0.09]","[[0, 0, 0, 0, 0, 0, 9, 0], [0, 0, 0, 0, 0, 0, 8, 0], [0, 1, 2, 3, 4, 5, 6, 7], [0, 0, 0, 0, 0, 0, 10, 0]]",0.072
4062,0.0,7,"[[0.11, 0.17, 0.16, 0.1, 0.16, 0.08, 0.16], [0.14, 0.11, 0.1, 0.17, 0.15, 0.09, 0.15], [0.18, 0.13, 0.06, 0.09, 0.04, 0.12, 0.18], [0.24, 0.17, 0.23, 0.17, 0.08, 0.13, 0.06]]",0.13,0.15,24,"[0.26, 0.27, 0.3, 0.17]","[[0, 15, 16, 17, 18, 19, 20, 21], [0, 1, 14, 13, 12, 11, 10, 9], [0, 2, 3, 5, 4, 6, 7, 8], [0, 28, 27, 26, 25, 24, 23, 22]]",0.072
4063,0.0,2,"[[0.12, 0.13, 0.12, 0.14, 0.05, 0.1, 0.25], [0.16, 0.2, 0.2, 0.14, 0.09, 0.17, 0.09], [0.11, 0.12, 0.11, 0.11, 0.08, 0.05, 0.17], [0.19, 0.2, 0.07, 0.21, 0.07, 0.13, 0.2]]",0.13,0.2,24,"[0.17, 0.35, 0.31, 0.17]","[[0, 16, 17, 18, 19, 20, 22, 21], [0, 1, 2, 3, 4, 5, 6, 7], [0, 9, 10, 11, 12, 13, 14, 15], [0, 8, 28, 27, 26, 25, 24, 23]]",0.072
4064,0.0,5,"[[0.1, 0.1, 0.03, 0.13, 0.2, 0.08, 0.11], [0.08, 0.05, 0.11, 0.15, 0.22, 0.2, 0.17], [0.16, 0.24, 0.08, 0.04, 0.05, 0.19, 0.14], [0.1, 0.18, 0.15, 0.14, 0.18, 0.07, 0.19]]",0.13,0.2,24,"[0.36, 0.26, 0.19, 0.19]","[[0, 1, 2, 3, 4, 5, 6, 7], [0, 14, 12, 13, 11, 10, 9, 8], [0, 16, 17, 20, 21, 23, 25, 27], [0, 15, 18, 19, 22, 24, 26, 28]]",0.072
4065,0.0,4,"[[0.11, 0.18, 0.17, 0.05, 0.02, 0.11, 0.14], [0.16, 0.12, 0.11, 0.08, 0.11, 0.16, 0.08], [0.12, 0.16, 0.05, 0.23, 0.13, 0.08, 0.03], [0.17, 0.24, 0.1, 0.22, 0.06, 0.14, 0.05]]",0.13,0.08,24,"[0.01, 0.08, 0.86, 0.05]","[[0, 21, 19, 22, 9, 23, 18, 25], [0, 13, 12, 11, 8, 14, 15, 16], [0, 1, 2, 3, 4, 5, 6, 7], [0, 28, 20, 27, 10, 24, 17, 26]]",0.072
4066,0.0,3,"[[0.14, 0.16, 0.16, 0.21, 0.14, 0.04, 0.08], [0.06, 0.2, 0.17, 0.04, 0.15, 0.07, 0.15], [0.13, 0.19, 0.14, 0.02, 0.08, 0.23, 0.1], [0.15, 0.03, 0.13, 0.07, 0.13, 0.07, 0.19]]",0.13,0.14,24,"[0.26, 0.28, 0.24, 0.22]","[[0, 22, 23, 24, 25, 26, 27, 28], [0, 1, 2, 3, 4, 5, 6, 7], [0, 15, 16, 17, 21, 18, 19, 20], [0, 8, 9, 10, 11, 12, 13, 14]]",0.072
4067,0.0,7,"[[0.08, 0.23, 0.16, 0.14, 0.22, 0.12, 0.2], [0.17, 0.2, 0.03, 0.17, 0.21, 0.17, 0.07], [0.08, 0.2, 0.14, 0.22, 0.1, 0.13, 0.17], [0.07, 0.12, 0.01, 0.11, 0.05, 0.12, 0.17]]",0.13,0.2,24,"[0.86, 0.03, 0.04, 0.07]","[[0, 1, 2, 3, 4, 5, 6, 7], [0, 0, 14, 0, 0, 8, 0, 11], [0, 0, 15, 0, 0, 9, 0, 12], [0, 0, 16, 0, 0, 10, 0, 13]]",0.072
4068,0.0,4,"[[0.04, 0.14, 0.09, 0.06, 0.18, 0.1, 0.07], [0.09, 0.13, 0.01, 0.23, 0.07, 0.19, 0.05], [0.08, 0.2, 0.08, 0.21, 0.07, 0.04, 0.22], [0.12, 0.1, 0.09, 0.18, 0.18, 0.04, 0.15]]",0.13,0.18,24,"[0.05, 0.03, 0.07, 0.85]","[[0, 15, 16, 17, 18, 19, 20, 21], [0, 28, 27, 26, 25, 22, 23, 24], [0, 8, 9, 10, 11, 12, 13, 14], [0, 1, 2, 3, 4, 5, 6, 7]]",0.072
4069,0.0,3,"[[0.02, 0.18, 0.09, 0.13, 0.07, 0.12, 0.08], [0.15, 0.12, 0.24, 0.14, 0.1, 0.01, 0.14], [0.2, 0.14, 0.24, 0.13, 0.22, 0.23, 0.18], [0.11, 0.21, 0.18, 0.07, 0.12, 0.14, 0.14]]",0.13,0.09,24,"[0.85, 0.02, 0.03, 0.1]","[[0, 1, 2, 3, 4, 5, 6, 7], [0, 27, 16, 17, 18, 19, 20, 22], [0, 15, 25, 28, 24, 23, 26, 21], [0, 8, 9, 10, 11, 12, 13, 14]]",0.072
4070,0.0,5,"[[4.41, 7.98, 5.03, 0.94, 6.07, 7.96, 3.08], [7.18, 6.38, 1.11, 4.77, 7.21, 4.82, 4.9], [5.63, 7.2, 7.79, 1.19, 2.56, 6.05, 3.13], [2.67, 2.05, 5.91, 4.15, 9.55, 4.46, 9.22]]",5.0,9.55,24,"[0.04, 0.02, 0.05, 0.89]","[[0, 0, 0, 0, 0, 10, 0, 0], [0, 0, 0, 0, 0, 9, 0, 0], [0, 0, 0, 0, 0, 8, 0, 0], [0, 1, 2, 3, 4, 5, 7, 6]]",2.994
4071,0.0,1,"[[7.32, 4.38, 4.99, 7.76, 5.0, 5.94, 2.36], [8.4, 3.61, 8.45, 4.23, 7.02, 4.36, 9.23], [1.69, 3.23, 3.54, 3.86, 3.72, 2.06, 0.61], [7.94, 7.02, 6.73, 4.28, 8.5, 0.13, 2.63]]",5.0,7.32,24,"[0.85, 0.03, 0.11, 0.01]","[[0, 1, 2, 3, 4, 5, 6, 7], [0, 15, 18, 19, 21, 23, 25, 27], [0, 8, 9, 10, 11, 12, 13, 14], [0, 16, 17, 20, 22, 24, 26, 28]]",2.994
4072,0.0,7,"[[2.67, 1.86, 1.79, 5.75, 3.59, 3.3, 1.49], [1.18, 8.77, 6.89, 4.16, 3.25, 3.0, 9.34], [1.75, 2.03, 4.01, 8.67, 5.48, 1.04, 6.3], [4.37, 0.5, 5.19, 4.46, 0.43, 0.13, 6.06]]",5.0,9.34,24,"[0.24, 0.23, 0.24, 0.29]","[[0, 16, 17, 19, 21, 23, 26, 27], [0, 15, 18, 20, 22, 24, 25, 28], [0, 14, 13, 12, 11, 10, 9, 8], [0, 1, 2, 3, 4, 5, 6, 7]]",2.994
4073,0.0,3,"[[6.19, 1.85, 1.16, 4.28, 2.66, 3.25, 7.93], [4.16, 3.03, 5.34, 3.93, 5.82, 4.05, 2.14], [6.53, 8.89, 6.73, 7.28, 2.75, 0.6, 4.09], [4.95, 6.55, 6.81, 6.9, 1.07, 2.2, 5.26]]",5.0,6.81,24,"[0.03, 0.86, 0.04, 0.07]","[[0, 28, 27, 26, 25, 24, 23, 22], [0, 1, 2, 3, 4, 5, 6, 7], [0, 8, 11, 12, 15, 16, 18, 21], [0, 9, 10, 13, 14, 17, 19, 20]]",2.994
4074,0.0,4,"[[1.32, 1.79, 4.74, 6.52, 9.55, 1.49, 3.36], [2.67, 2.3, 3.39, 7.85, 3.89, 7.4, 8.55], [4.18, 0.46, 4.32, 2.27, 3.18, 8.62, 2.94], [6.02, 2.09, 4.16, 3.95, 2.34, 3.36, 2.27]]",5.0,3.95,24,"[0.16, 0.11, 0.34, 0.39]","[[0, 4, 5, 9, 13, 19, 20, 28], [0, 3, 8, 12, 14, 18, 21, 27], [0, 2, 6, 10, 15, 17, 22, 25], [0, 1, 7, 11, 16, 24, 23, 26]]",2.994
4075,0.0,4,"[[2.54, 7.44, 2.24, 4.32, 2.76, 9.01, 8.48], [1.82, 8.34, 6.23, 3.89, 6.94, 3.11, 6.18], [7.6, 3.71, 5.31, 9.83, 1.09, 3.87, 7.81], [7.76, 7.0, 2.77, 7.48, 3.83, 0.31, 3.13]]",5.0,7.48,24,"[0.04, 0.07, 0.03, 0.86]","[[0, 22, 21, 23, 24, 25, 26, 27], [0, 8, 9, 10, 11, 12, 13, 14], [0, 19, 20, 18, 17, 16, 15, 28], [0, 1, 2, 3, 4, 5, 6, 7]]",2.994
4076,0.0,4,"[[6.38, 4.4, 2.78, 4.02, 3.28, 4.56, 6.79], [6.89, 5.4, 5.87, 9.63, 0.42, 4.93, 4.29], [2.96, 2.23, 8.29, 4.74, 3.72, 2.39, 0.86], [5.36, 5.18, 6.28, 1.08, 2.81, 5.95, 9.65]]",5.0,4.02,24,"[0.2, 0.38, 0.3, 0.12]","[[0, 21, 20, 19, 18, 17, 16, 15], [0, 1, 3, 5, 7, 9, 11, 13], [0, 2, 4, 6, 8, 10, 12, 14], [0, 22, 23, 24, 25, 26, 27, 28]]",2.994
4077,0.0,5,"[[7.04, 7.27, 1.99, 4.87, 6.53, 6.34, 1.47], [5.29, 2.16, 9.06, 4.67, 7.92, 5.41, 7.56], [6.95, 5.35, 1.7, 4.81, 6.84, 1.21, 8.92], [6.63, 5.53, 4.35, 1.42, 5.69, 5.92, 4.12]]",5.0,7.92,24,"[0.07, 0.87, 0.03, 0.03]","[[0, 14, 13, 11, 10, 12, 9, 8], [0, 1, 2, 3, 4, 5, 6, 7], [0, 15, 17, 19, 21, 24, 25, 27], [0, 16, 18, 20, 22, 23, 26, 28]]",2.994
4078,0.0,5,"[[5.92, 9.68, 5.15, 2.59, 5.89, 7.38, 2.85], [1.22, 5.64, 6.3, 3.82, 9.13, 6.51, 3.36], [6.72, 1.0, 8.86, 8.25, 8.82, 6.13, 4.12], [7.5, 7.75, 5.39, 3.9, 7.48, 3.23, 1.98]]",5.0,5.89,24,"[0.3, 0.17, 0.24, 0.29]","[[0, 3, 5, 12, 13, 19, 21, 28], [0, 4, 6, 11, 14, 18, 22, 27], [0, 2, 8, 10, 15, 20, 23, 26], [0, 1, 7, 9, 16, 17, 24, 25]]",2.994
4079,0.0,4,"[[5.11, 2.17, 0.1, 9.47, 2.73, 6.4, 3.36], [4.31, 7.26, 6.36, 8.48, 2.98, 4.68, 5.77], [8.38, 2.0, 6.14, 7.53, 4.7, 1.99, 1.53], [7.09, 5.94, 3.03, 5.37, 2.51, 3.9, 2.79]]",5.0,9.47,24,"[0.31, 0.35, 0.15, 0.19]","[[0, 21, 20, 19, 18, 17, 16, 15], [0, 1, 2, 3, 4, 5, 6, 7], [0, 22, 23, 24, 25, 26, 27, 28], [0, 8, 9, 10, 11, 12, 13, 14]]",2.994
4080,0.01,4,"[[0.72, 5.25, 9.97, 4.85, 8.58, 2.57, 9.15], [5.48, 9.36, 2.36, 9.25, 3.72, 4.76, 6.74], [7.14, 7.36, 2.91, 4.13, 7.03, 8.48, 0.38], [5.84, 6.37, 7.56, 3.71, 4.02, 2.93, 0.09]]",5.0,9.25,25,"[0.03, 0.85, 0.06, 0.06]","[[0, 0, 1, 0, 5, 0, 0, 0], [0, 0, 0, 0, 3, 0, 6, 0], [0, 0, 0, 2, 0, 0, 0, 0], [0, 0, 0, 0, 0, 4, 0, 0]]",2.994
4081,0.01,2,"[[7.11, 5.78, 4.85, 4.33, 7.33, 7.89, 5.26], [5.95, 7.87, 3.44, 7.0, 6.97, 5.22, 6.26], [3.72, 9.35, 7.04, 6.38, 7.42, 6.47, 5.89], [5.94, 4.84, 1.39, 4.52, 3.41, 2.82, 3.73]]",5.0,7.87,25,"[0.33, 0.2, 0.24, 0.23]","[[0, 0, 0, 0, 4, 0, 0, 0], [0, 0, 0, 3, 0, 0, 0, 0], [0, 0, 2, 0, 0, 0, 0, 0], [0, 1, 0, 0, 0, 0, 0, 0]]",2.994
4082,0.01,7,"[[5.71, 4.0, 7.87, 3.26, 8.95, 9.97, 6.35], [4.81, 5.73, 5.74, 5.66, 5.51, 4.81, 7.59], [6.14, 5.62, 3.6, 6.94, 3.42, 3.6, 6.26], [1.09, 4.7, 1.56, 4.05, 2.65, 4.29, 5.33]]",5.0,5.33,25,"[0.02, 0.08, 0.03, 0.87]","[[0, 1, 0, 0, 5, 0, 0, 0], [0, 0, 0, 2, 0, 0, 0, 0], [0, 0, 0, 0, 0, 0, 3, 0], [0, 8, 7, 9, 4, 11, 6, 10]]",2.994
4083,0.01,7,"[[6.26, 0.19, 5.42, 8.23, 3.15, 1.79, 3.82], [4.19, 3.39, 2.75, 9.2, 5.7, 3.44, 3.56], [5.45, 5.72, 8.61, 4.63, 8.16, 8.36, 7.19], [3.14, 2.27, 7.83, 9.11, 0.69, 3.38, 9.35]]",5.0,9.35,25,"[0.1, 0.01, 0.01, 0.88]","[[0, 0, 0, 0, 0, 0, 0, 0], [0, 0, 0, 0, 0, 0, 0, 0], [0, 0, 0, 0, 0, 0, 0, 0], [0, 3, 1, 2, 5, 4, 6, 7]]",2.994
4084,0.01,1,"[[6.2, 4.19, 3.44, 8.27, 6.51, 4.65, 4.01], [2.89, 4.13, 4.82, 8.89, 9.25, 0.96, 6.04], [8.8, 2.84, 4.5, 4.81, 3.19, 0.46, 7.31], [5.12, 1.87, 1.91, 7.0, 2.08, 5.06, 2.86]]",5.0,5.12,25,"[0.15, 0.21, 0.3, 0.34]","[[0, 0, 0, 8, 0, 0, 0, 6], [0, 9, 3, 0, 4, 0, 0, 0], [0, 11, 10, 0, 0, 0, 5, 0], [0, 1, 0, 2, 0, 0, 0, 7]]",2.994
4085,0.01,7,"[[8.39, 1.9, 3.96, 5.78, 2.24, 5.8, 4.1], [0.94, 5.02, 2.49, 5.54, 6.54, 4.33, 9.65], [7.94, 7.8, 4.1, 9.82, 1.59, 4.84, 8.58], [8.96, 7.49, 1.94, 3.92, 0.76, 2.82, 6.17]]",5.0,9.65,25,"[0.11, 0.85, 0.02, 0.02]","[[0, 0, 0, 0, 0, 0, 0, 0], [0, 1, 2, 3, 4, 5, 6, 7], [0, 0, 0, 0, 0, 0, 0, 0], [0, 0, 0, 0, 0, 0, 0, 0]]",2.994
4086,0.01,1,"[[2.44, 7.36, 6.46, 5.15, 7.43, 1.32, 0.71], [3.96, 8.36, 4.6, 6.91, 2.69, 5.0, 1.64], [8.24, 5.23, 2.67, 1.92, 6.03, 2.88, 7.54], [1.43, 5.93, 6.77, 1.1, 3.47, 5.78, 6.1]]",5.0,8.24,25,"[0.02, 0.06, 0.89, 0.03]","[[0, 0, 0, 0, 0, 0, 0, 0], [0, 0, 0, 0, 0, 0, 0, 0], [0, 1, 2, 3, 5, 4, 7, 6], [0, 0, 0, 0, 0, 0, 0, 0]]",2.994
4087,0.01,3,"[[2.88, 2.6, 7.89, 4.77, 7.12, 4.23, 2.87], [3.29, 2.97, 3.82, 9.51, 9.45, 8.27, 5.42], [3.22, 3.81, 4.18, 2.52, 3.48, 3.16, 9.41], [1.89, 5.73, 6.1, 1.69, 4.58, 1.23, 3.5]]",5.0,6.1,25,"[0.2, 0.16, 0.26, 0.38]","[[0, 0, 0, 0, 0, 0, 0, 0], [0, 0, 0, 0, 0, 0, 0, 0], [0, 0, 0, 8, 0, 0, 0, 0], [0, 1, 2, 3, 4, 5, 7, 6]]",2.994
4088,0.01,4,"[[6.38, 4.4, 2.78, 4.02, 3.28, 4.56, 6.79], [6.89, 5.4, 5.87, 9.63, 0.42, 4.93, 4.29], [2.96, 2.23, 8.29, 4.74, 3.72, 2.39, 0.86], [5.36, 5.18, 6.28, 1.08, 2.81, 5.95, 9.65]]",5.0,9.63,25,"[0.2, 0.38, 0.3, 0.12]","[[0, 0, 0, 0, 0, 0, 0, 0], [0, 3, 1, 2, 4, 5, 0, 0], [0, 0, 0, 0, 6, 0, 0, 0], [0, 0, 0, 0, 0, 0, 0, 0]]",2.994
4089,0.01,4,"[[5.63, 2.91, 6.84, 6.5, 2.65, 5.91, 4.09], [5.16, 0.83, 2.41, 5.99, 6.15, 3.67, 6.12], [5.67, 9.08, 3.93, 7.57, 5.62, 2.51, 2.61], [4.59, 1.2, 4.42, 1.16, 8.17, 8.27, 1.11]]",5.0,1.16,25,"[0.14, 0.34, 0.35, 0.17]","[[0, 0, 0, 0, 0, 0, 0, 0], [0, 0, 3, 0, 9, 0, 0, 0], [0, 1, 2, 4, 5, 6, 7, 8], [0, 0, 0, 0, 0, 0, 0, 0]]",2.994
4090,0.01,3,"[[0.11, 0.17, 0.16, 0.1, 0.16, 0.08, 0.16], [0.14, 0.11, 0.1, 0.17, 0.15, 0.09, 0.15], [0.18, 0.13, 0.06, 0.09, 0.04, 0.12, 0.18], [0.24, 0.17, 0.23, 0.17, 0.08, 0.13, 0.06]]",0.13,0.23,25,"[0.26, 0.27, 0.3, 0.17]","[[0, 0, 0, 0, 0, 0, 0, 0], [0, 0, 0, 0, 0, 0, 0, 0], [0, 0, 0, 0, 0, 0, 0, 0], [0, 0, 0, 0, 0, 0, 0, 0]]",0.072
4091,0.01,5,"[[0.06, 0.22, 0.11, 0.12, 0.13, 0.09, 0.18], [0.2, 0.17, 0.05, 0.09, 0.17, 0.16, 0.24], [0.14, 0.03, 0.23, 0.14, 0.04, 0.13, 0.18], [0.16, 0.1, 0.17, 0.16, 0.14, 0.04, 0.05]]",0.13,0.04,25,"[0.87, 0.02, 0.1, 0.01]","[[0, 0, 0, 0, 0, 0, 0, 0], [0, 0, 0, 0, 0, 0, 0, 0], [0, 0, 0, 0, 0, 0, 0, 0], [0, 0, 0, 0, 0, 0, 0, 0]]",0.072
4092,0.01,3,"[[0.02, 0.18, 0.09, 0.13, 0.07, 0.12, 0.08], [0.15, 0.12, 0.24, 0.14, 0.1, 0.01, 0.14], [0.2, 0.14, 0.24, 0.13, 0.22, 0.23, 0.18], [0.11, 0.21, 0.18, 0.07, 0.12, 0.14, 0.14]]",0.13,0.09,25,"[0.85, 0.02, 0.03, 0.1]","[[0, 0, 0, 0, 0, 0, 0, 0], [0, 0, 0, 0, 0, 0, 0, 0], [0, 0, 0, 0, 0, 0, 0, 0], [0, 0, 0, 0, 0, 0, 0, 0]]",0.072
4093,0.01,3,"[[0.01, 0.19, 0.1, 0.03, 0.13, 0.15, 0.13], [0.17, 0.18, 0.07, 0.17, 0.17, 0.12, 0.12], [0.11, 0.17, 0.18, 0.22, 0.08, 0.06, 0.07], [0.12, 0.02, 0.07, 0.16, 0.17, 0.14, 0.04]]",0.13,0.07,25,"[0.3, 0.29, 0.13, 0.28]","[[0, 0, 0, 0, 0, 0, 0, 0], [0, 0, 0, 0, 0, 0, 0, 0], [0, 0, 0, 0, 0, 0, 0, 0], [0, 0, 0, 0, 0, 0, 0, 0]]",0.072
4094,0.01,4,"[[0.2, 0.21, 0.23, 0.23, 0.18, 0.14, 0.22], [0.2, 0.22, 0.22, 0.25, 0.05, 0.12, 0.09], [0.02, 0.05, 0.07, 0.23, 0.14, 0.19, 0.02], [0.12, 0.1, 0.13, 0.23, 0.18, 0.06, 0.24]]",0.13,0.23,25,"[0.08, 0.03, 0.87, 0.02]","[[0, 0, 0, 0, 0, 0, 0, 0], [0, 0, 0, 0, 0, 0, 0, 0], [0, 0, 0, 0, 0, 0, 0, 0], [0, 0, 0, 0, 0, 0, 0, 0]]",0.072
4095,0.01,3,"[[0.09, 0.06, 0.16, 0.11, 0.12, 0.22, 0.04], [0.11, 0.19, 0.13, 0.18, 0.2, 0.12, 0.12], [0.11, 0.08, 0.15, 0.06, 0.15, 0.13, 0.16], [0.08, 0.15, 0.2, 0.17, 0.24, 0.04, 0.12]]",0.13,0.13,25,"[0.15, 0.32, 0.21, 0.32]","[[0, 0, 0, 0, 0, 0, 0, 0], [0, 0, 0, 0, 0, 0, 0, 0], [0, 0, 0, 0, 0, 0, 0, 0], [0, 0, 0, 0, 0, 0, 0, 0]]",0.072
4096,0.01,3,"[[0.07, 0.07, 0.17, 0.05, 0.08, 0.18, 0.15], [0.19, 0.17, 0.06, 0.13, 0.2, 0.13, 0.2], [0.08, 0.18, 0.04, 0.21, 0.15, 0.15, 0.18], [0.06, 0.08, 0.09, 0.02, 0.12, 0.19, 0.09]]",0.13,0.06,25,"[0.31, 0.27, 0.19, 0.23]","[[0, 0, 0, 0, 0, 0, 0, 0], [0, 0, 0, 0, 0, 0, 0, 0], [0, 0, 0, 0, 0, 0, 0, 0], [0, 0, 0, 0, 0, 0, 0, 0]]",0.072
4097,0.01,3,"[[0.16, 0.11, 0.08, 0.09, 0.11, 0.11, 0.06], [0.14, 0.14, 0.15, 0.18, 0.2, 0.23, 0.09], [0.09, 0.18, 0.2, 0.13, 0.05, 0.16, 0.07], [0.08, 0.02, 0.16, 0.15, 0.1, 0.09, 0.12]]",0.13,0.2,25,"[0.08, 0.02, 0.89, 0.01]","[[0, 0, 0, 0, 0, 0, 0, 0], [0, 0, 0, 0, 0, 0, 0, 0], [0, 0, 0, 0, 0, 0, 0, 0], [0, 0, 0, 0, 0, 0, 0, 0]]",0.072
4098,0.01,2,"[[0.2, 0.14, 0.16, 0.12, 0.21, 0.18, 0.23], [0.06, 0.09, 0.16, 0.16, 0.14, 0.12, 0.15], [0.23, 0.08, 0.17, 0.11, 0.04, 0.14, 0.15], [0.06, 0.12, 0.16, 0.23, 0.08, 0.11, 0.15]]",0.13,0.14,25,"[0.33, 0.18, 0.11, 0.38]","[[0, 0, 0, 0, 0, 0, 0, 0], [0, 0, 0, 0, 0, 0, 0, 0], [0, 0, 0, 0, 0, 0, 0, 0], [0, 0, 0, 0, 0, 0, 0, 0]]",0.072
4099,0.01,4,"[[0.19, 0.09, 0.13, 0.2, 0.03, 0.17, 0.2], [0.08, 0.14, 0.18, 0.15, 0.19, 0.11, 0.07], [0.15, 0.06, 0.07, 0.11, 0.19, 0.02, 0.14], [0.12, 0.04, 0.06, 0.04, 0.06, 0.19, 0.09]]",0.13,0.15,25,"[0.02, 0.85, 0.05, 0.08]","[[0, 0, 0, 0, 0, 0, 0, 0], [0, 0, 0, 0, 0, 0, 0, 0], [0, 0, 0, 0, 0, 0, 0, 0], [0, 0, 0, 0, 0, 0, 0, 0]]",0.072
4100,0.0,2,"[[0.11, 0.17, 0.16, 0.1, 0.16, 0.08, 0.16], [0.14, 0.11, 0.1, 0.17, 0.15, 0.09, 0.15], [0.18, 0.13, 0.06, 0.09, 0.04, 0.12, 0.18], [0.24, 0.17, 0.23, 0.17, 0.08, 0.13, 0.06]]",0.13,0.11,26,"[0.26, 0.27, 0.3, 0.17]","[[0, 0, 5, 8, 15, 0, 0, 0], [0, 0, 4, 1, 14, 0, 0, 0], [0, 13, 2, 6, 9, 10, 11, 12], [0, 0, 3, 7, 16, 0, 0, 0]]",0.072
4101,0.0,6,"[[0.1, 0.1, 0.17, 0.08, 0.04, 0.09, 0.12], [0.18, 0.07, 0.12, 0.15, 0.14, 0.22, 0.18], [0.17, 0.02, 0.06, 0.16, 0.1, 0.2, 0.19], [0.23, 0.18, 0.17, 0.22, 0.21, 0.09, 0.19]]",0.13,0.22,26,"[0.21, 0.32, 0.34, 0.13]","[[0, 0, 0, 0, 0, 0, 16, 0], [0, 13, 6, 1, 2, 7, 10, 11], [0, 14, 5, 4, 3, 8, 9, 12], [0, 0, 0, 0, 0, 0, 15, 0]]",0.072
4102,0.0,6,"[[0.18, 0.08, 0.04, 0.19, 0.05, 0.05, 0.16], [0.09, 0.22, 0.23, 0.17, 0.13, 0.24, 0.18], [0.21, 0.2, 0.1, 0.14, 0.11, 0.11, 0.19], [0.23, 0.14, 0.16, 0.18, 0.12, 0.18, 0.03]]",0.13,0.24,26,"[0.02, 0.92, 0.02, 0.04]","[[0, 0, 0, 0, 0, 0, 0, 0], [0, 7, 6, 5, 4, 3, 1, 2], [0, 0, 0, 0, 0, 0, 0, 0], [0, 0, 12, 11, 10, 9, 8, 0]]",0.072
4103,0.0,6,"[[0.01, 0.19, 0.1, 0.03, 0.13, 0.15, 0.13], [0.17, 0.18, 0.07, 0.17, 0.17, 0.12, 0.12], [0.11, 0.17, 0.18, 0.22, 0.08, 0.06, 0.07], [0.12, 0.02, 0.07, 0.16, 0.17, 0.14, 0.04]]",0.13,0.12,26,"[0.3, 0.29, 0.13, 0.28]","[[0, 1, 2, 3, 4, 5, 6, 7], [0, 0, 0, 0, 0, 0, 15, 18], [0, 0, 0, 0, 0, 0, 16, 17], [0, 14, 13, 12, 11, 10, 9, 8]]",0.072
4104,0.0,1,"[[0.23, 0.06, 0.08, 0.13, 0.11, 0.05, 0.11], [0.17, 0.17, 0.17, 0.13, 0.09, 0.2, 0.07], [0.21, 0.11, 0.17, 0.05, 0.13, 0.11, 0.17], [0.16, 0.02, 0.2, 0.19, 0.23, 0.13, 0.13]]",0.13,0.17,26,"[0.24, 0.22, 0.21, 0.33]","[[0, 17, 16, 15, 14, 11, 12, 13], [0, 0, 0, 0, 0, 0, 0, 0], [0, 0, 0, 0, 0, 10, 9, 8], [0, 1, 2, 3, 4, 5, 6, 7]]",0.072
4105,0.0,3,"[[0.02, 0.1, 0.05, 0.19, 0.09, 0.05, 0.06], [0.03, 0.12, 0.22, 0.08, 0.02, 0.07, 0.12], [0.18, 0.19, 0.1, 0.18, 0.18, 0.13, 0.15], [0.08, 0.17, 0.23, 0.11, 0.13, 0.16, 0.07]]",0.13,0.23,26,"[0.06, 0.06, 0.03, 0.85]","[[0, 0, 0, 0, 0, 0, 0, 0], [0, 14, 13, 12, 11, 10, 9, 8], [0, 0, 0, 0, 0, 0, 0, 0], [0, 1, 2, 3, 4, 5, 6, 7]]",0.072
4106,0.0,4,"[[0.2, 0.21, 0.23, 0.23, 0.18, 0.14, 0.22], [0.2, 0.22, 0.22, 0.25, 0.05, 0.12, 0.09], [0.02, 0.05, 0.07, 0.23, 0.14, 0.19, 0.02], [0.12, 0.1, 0.13, 0.23, 0.18, 0.06, 0.24]]",0.13,0.23,26,"[0.08, 0.03, 0.87, 0.02]","[[0, 14, 13, 12, 8, 9, 10, 11], [0, 0, 0, 0, 15, 0, 0, 0], [0, 1, 2, 3, 4, 5, 6, 7], [0, 0, 0, 0, 16, 0, 0, 0]]",0.072
4107,0.0,3,"[[0.15, 0.08, 0.16, 0.16, 0.12, 0.04, 0.13], [0.17, 0.17, 0.2, 0.1, 0.06, 0.16, 0.12], [0.04, 0.25, 0.2, 0.11, 0.04, 0.11, 0.24], [0.15, 0.14, 0.05, 0.11, 0.22, 0.22, 0.2]]",0.13,0.2,26,"[0.01, 0.89, 0.09, 0.01]","[[0, 0, 0, 13, 0, 0, 0, 0], [0, 1, 2, 3, 4, 5, 6, 7], [0, 8, 9, 10, 11, 12, 0, 0], [0, 0, 0, 0, 0, 0, 0, 0]]",0.072
4108,0.0,7,"[[0.15, 0.2, 0.21, 0.14, 0.15, 0.21, 0.2], [0.1, 0.12, 0.15, 0.05, 0.19, 0.19, 0.19], [0.2, 0.18, 0.22, 0.07, 0.23, 0.17, 0.15], [0.25, 0.17, 0.14, 0.07, 0.06, 0.14, 0.21]]",0.13,0.19,26,"[0.33, 0.32, 0.13, 0.22]","[[0, 1, 2, 5, 8, 9, 10, 11], [0, 4, 3, 6, 7, 14, 13, 12], [0, 0, 0, 19, 0, 17, 0, 15], [0, 0, 0, 20, 0, 18, 0, 16]]",0.072
4109,0.0,7,"[[0.15, 0.17, 0.12, 0.06, 0.06, 0.22, 0.15], [0.19, 0.17, 0.21, 0.18, 0.06, 0.19, 0.04], [0.07, 0.13, 0.08, 0.09, 0.18, 0.11, 0.12], [0.16, 0.1, 0.02, 0.11, 0.21, 0.13, 0.19]]",0.13,0.15,26,"[0.09, 0.05, 0.01, 0.85]","[[0, 16, 22, 0, 17, 10, 0, 11], [0, 15, 21, 0, 18, 9, 0, 12], [0, 14, 20, 0, 19, 8, 0, 13], [0, 1, 3, 2, 4, 5, 6, 7]]",0.072
4110,0.0,7,"[[2.88, 2.6, 7.89, 4.77, 7.12, 4.23, 2.87], [3.29, 2.97, 3.82, 9.51, 9.45, 8.27, 5.42], [3.22, 3.81, 4.18, 2.52, 3.48, 3.16, 9.41], [1.89, 5.73, 6.1, 1.69, 4.58, 1.23, 3.5]]",5.0,9.41,26,"[0.2, 0.16, 0.26, 0.38]","[[0, 0, 0, 0, 0, 0, 0, 0], [0, 0, 0, 0, 0, 0, 0, 0], [0, 14, 13, 12, 11, 10, 9, 8], [0, 1, 2, 3, 4, 5, 6, 7]]",2.994
4111,0.0,6,"[[1.32, 1.79, 4.74, 6.52, 9.55, 1.49, 3.36], [2.67, 2.3, 3.39, 7.85, 3.89, 7.4, 8.55], [4.18, 0.46, 4.32, 2.27, 3.18, 8.62, 2.94], [6.02, 2.09, 4.16, 3.95, 2.34, 3.36, 2.27]]",5.0,3.36,26,"[0.16, 0.11, 0.34, 0.39]","[[0, 15, 16, 21, 20, 19, 17, 18], [0, 0, 0, 0, 22, 0, 23, 0], [0, 14, 13, 12, 11, 10, 9, 8], [0, 1, 2, 3, 4, 5, 6, 7]]",2.994
4112,0.0,3,"[[3.25, 0.97, 8.64, 8.18, 2.13, 6.22, 0.77], [5.88, 7.57, 5.25, 3.43, 6.13, 3.52, 3.61], [5.54, 4.65, 8.68, 9.8, 7.31, 3.42, 4.37], [7.14, 2.83, 7.59, 3.91, 6.6, 1.41, 1.96]]",5.0,7.59,26,"[0.06, 0.03, 0.01, 0.9]","[[0, 11, 0, 10, 0, 16, 0, 0], [0, 12, 0, 9, 0, 15, 0, 0], [0, 13, 0, 8, 0, 14, 0, 0], [0, 1, 2, 3, 4, 5, 6, 7]]",2.994
4113,0.0,7,"[[2.67, 1.86, 1.79, 5.75, 3.59, 3.3, 1.49], [1.18, 8.77, 6.89, 4.16, 3.25, 3.0, 9.34], [1.75, 2.03, 4.01, 8.67, 5.48, 1.04, 6.3], [4.37, 0.5, 5.19, 4.46, 0.43, 0.13, 6.06]]",5.0,6.06,26,"[0.24, 0.23, 0.24, 0.29]","[[0, 20, 0, 0, 16, 0, 0, 17], [0, 14, 0, 0, 15, 0, 0, 18], [0, 19, 13, 12, 11, 10, 9, 8], [0, 1, 2, 3, 4, 5, 6, 7]]",2.994
4114,0.0,3,"[[2.09, 7.52, 9.74, 6.72, 2.88, 5.9, 5.87], [6.25, 4.49, 6.66, 2.68, 2.62, 7.58, 4.86], [0.33, 4.49, 3.44, 6.0, 4.73, 0.87, 2.63], [7.63, 1.46, 3.24, 5.72, 7.53, 7.25, 3.01]]",5.0,9.74,26,"[0.34, 0.23, 0.2, 0.23]","[[0, 3, 4, 5, 7, 6, 8, 9], [0, 16, 10, 14, 23, 0, 22, 17], [0, 2, 11, 13, 24, 0, 21, 18], [0, 1, 15, 12, 25, 0, 20, 19]]",2.994
4115,0.0,5,"[[8.47, 2.82, 7.33, 4.03, 7.07, 2.75, 1.54], [4.68, 3.16, 0.97, 1.44, 5.2, 6.65, 9.25], [8.41, 7.04, 1.31, 3.23, 7.09, 7.67, 1.55], [6.28, 2.99, 4.33, 1.28, 9.25, 6.99, 2.35]]",5.0,9.25,26,"[0.01, 0.01, 0.01, 0.97]","[[0, 0, 0, 0, 0, 8, 0, 0], [0, 0, 0, 0, 0, 9, 0, 0], [0, 0, 0, 0, 0, 10, 0, 0], [0, 1, 3, 2, 4, 5, 6, 7]]",2.994
4116,0.0,4,"[[5.16, 3.84, 2.97, 6.89, 7.92, 3.02, 6.81], [6.93, 3.64, 5.33, 8.47, 3.82, 8.88, 7.83], [4.51, 5.38, 9.21, 3.79, 4.77, 9.29, 4.59], [3.55, 8.48, 4.66, 2.28, 3.95, 2.95, 5.67]]",5.0,6.89,26,"[0.86, 0.08, 0.05, 0.01]","[[0, 2, 3, 4, 5, 6, 7, 8], [0, 1, 14, 13, 12, 11, 10, 9], [0, 0, 0, 0, 15, 0, 0, 16], [0, 0, 0, 0, 0, 0, 0, 0]]",2.994
4117,0.0,4,"[[5.63, 2.91, 6.84, 6.5, 2.65, 5.91, 4.09], [5.16, 0.83, 2.41, 5.99, 6.15, 3.67, 6.12], [5.67, 9.08, 3.93, 7.57, 5.62, 2.51, 2.61], [4.59, 1.2, 4.42, 1.16, 8.17, 8.27, 1.11]]",5.0,6.5,26,"[0.14, 0.34, 0.35, 0.17]","[[0, 0, 18, 19, 15, 0, 0, 0], [0, 3, 4, 5, 6, 7, 8, 9], [0, 2, 1, 14, 13, 12, 11, 10], [0, 0, 17, 20, 16, 0, 0, 0]]",2.994
4118,0.0,3,"[[6.19, 1.85, 1.16, 4.28, 2.66, 3.25, 7.93], [4.16, 3.03, 5.34, 3.93, 5.82, 4.05, 2.14], [6.53, 8.89, 6.73, 7.28, 2.75, 0.6, 4.09], [4.95, 6.55, 6.81, 6.9, 1.07, 2.2, 5.26]]",5.0,5.34,26,"[0.03, 0.86, 0.04, 0.07]","[[0, 0, 0, 10, 0, 13, 0, 0], [0, 1, 2, 3, 4, 5, 6, 7], [0, 0, 0, 8, 0, 11, 0, 0], [0, 0, 0, 9, 0, 12, 0, 0]]",2.994
4119,0.0,6,"[[1.63, 4.7, 3.32, 2.64, 8.47, 3.24, 4.54], [8.67, 5.47, 1.74, 1.77, 1.06, 7.43, 3.25], [4.05, 4.33, 1.96, 6.68, 6.28, 9.52, 7.64], [3.95, 5.24, 1.85, 2.91, 0.64, 2.21, 1.85]]",5.0,7.43,26,"[0.05, 0.89, 0.05, 0.01]","[[0, 12, 0, 0, 0, 0, 10, 0], [0, 1, 2, 3, 5, 4, 6, 7], [0, 11, 0, 0, 0, 0, 8, 0], [0, 13, 0, 0, 0, 0, 9, 0]]",2.994
4120,0.0,4,"[[0.04, 0.14, 0.09, 0.06, 0.18, 0.1, 0.07], [0.09, 0.13, 0.01, 0.23, 0.07, 0.19, 0.05], [0.08, 0.2, 0.08, 0.21, 0.07, 0.04, 0.22], [0.12, 0.1, 0.09, 0.18, 0.18, 0.04, 0.15]]",0.13,0.18,27,"[0.05, 0.03, 0.07, 0.85]","[[0, 0, 0, 0, 3, 0, 0, 0], [0, 0, 0, 1, 2, 0, 0, 0], [0, 0, 0, 0, 4, 0, 0, 0], [0, 0, 0, 0, 5, 0, 0, 0]]",0.072
4121,0.0,1,"[[0.23, 0.06, 0.08, 0.13, 0.11, 0.05, 0.11], [0.17, 0.17, 0.17, 0.13, 0.09, 0.2, 0.07], [0.21, 0.11, 0.17, 0.05, 0.13, 0.11, 0.17], [0.16, 0.02, 0.2, 0.19, 0.23, 0.13, 0.13]]",0.13,0.17,27,"[0.24, 0.22, 0.21, 0.33]","[[0, 13, 9, 8, 1, 20, 21, 28], [0, 14, 10, 7, 2, 19, 22, 27], [0, 15, 12, 6, 3, 18, 23, 26], [0, 16, 11, 5, 4, 17, 24, 25]]",0.072
4122,0.0,3,"[[0.22, 0.12, 0.18, 0.2, 0.04, 0.04, 0.16], [0.19, 0.18, 0.17, 0.17, 0.18, 0.2, 0.15], [0.03, 0.13, 0.18, 0.12, 0.17, 0.16, 0.08], [0.21, 0.09, 0.16, 0.11, 0.25, 0.1, 0.16]]",0.13,0.18,27,"[0.34, 0.12, 0.22, 0.32]","[[0, 1, 2, 3, 4, 5, 6, 7], [0, 16, 0, 13, 10, 0, 9, 8], [0, 17, 0, 14, 11, 0, 19, 0], [0, 18, 0, 15, 12, 0, 20, 0]]",0.072
4123,0.0,3,"[[0.16, 0.11, 0.08, 0.09, 0.11, 0.11, 0.06], [0.14, 0.14, 0.15, 0.18, 0.2, 0.23, 0.09], [0.09, 0.18, 0.2, 0.13, 0.05, 0.16, 0.07], [0.08, 0.02, 0.16, 0.15, 0.1, 0.09, 0.12]]",0.13,0.2,27,"[0.08, 0.02, 0.89, 0.01]","[[0, 1, 0, 10, 11, 0, 21, 22], [0, 2, 0, 9, 12, 17, 20, 23], [0, 3, 6, 7, 13, 16, 18, 24], [0, 4, 5, 8, 14, 15, 19, 25]]",0.072
4124,0.0,4,"[[0.21, 0.14, 0.05, 0.18, 0.12, 0.1, 0.15], [0.03, 0.07, 0.04, 0.14, 0.13, 0.15, 0.2], [0.05, 0.14, 0.08, 0.16, 0.04, 0.13, 0.08], [0.19, 0.12, 0.09, 0.06, 0.18, 0.05, 0.09]]",0.13,0.16,27,"[0.01, 0.02, 0.88, 0.09]","[[0, 1, 8, 9, 16, 17, 24, 25], [0, 2, 7, 10, 15, 18, 23, 26], [0, 3, 6, 11, 14, 19, 22, 27], [0, 4, 5, 12, 13, 20, 21, 28]]",0.072
4125,0.0,3,"[[0.18, 0.08, 0.14, 0.2, 0.12, 0.1, 0.1], [0.1, 0.05, 0.2, 0.13, 0.11, 0.09, 0.04], [0.15, 0.11, 0.22, 0.09, 0.14, 0.12, 0.12], [0.17, 0.01, 0.14, 0.05, 0.14, 0.07, 0.08]]",0.13,0.2,27,"[0.3, 0.22, 0.27, 0.21]","[[0, 22, 0, 17, 14, 9, 1, 8], [0, 21, 20, 18, 13, 10, 2, 7], [0, 0, 0, 19, 15, 11, 3, 6], [0, 0, 0, 23, 16, 12, 4, 5]]",0.072
4126,0.0,5,"[[0.11, 0.22, 0.08, 0.2, 0.14, 0.03, 0.13], [0.17, 0.02, 0.02, 0.09, 0.21, 0.16, 0.15], [0.09, 0.18, 0.16, 0.17, 0.05, 0.09, 0.1], [0.18, 0.05, 0.09, 0.19, 0.24, 0.18, 0.12]]",0.13,0.24,27,"[0.33, 0.18, 0.11, 0.38]","[[0, 1, 0, 8, 10, 22, 20, 19], [0, 2, 0, 7, 9, 11, 21, 18], [0, 3, 6, 0, 0, 12, 15, 16], [0, 4, 5, 0, 0, 13, 14, 17]]",0.072
4127,0.0,3,"[[0.12, 0.04, 0.15, 0.03, 0.12, 0.21, 0.16], [0.15, 0.15, 0.1, 0.11, 0.22, 0.11, 0.06], [0.06, 0.07, 0.19, 0.11, 0.05, 0.07, 0.16], [0.05, 0.12, 0.14, 0.09, 0.12, 0.13, 0.02]]",0.13,0.19,27,"[0.04, 0.05, 0.89, 0.02]","[[0, 24, 23, 16, 13, 9, 2, 1], [0, 25, 22, 17, 14, 10, 3, 4], [0, 26, 21, 18, 15, 12, 6, 5], [0, 27, 20, 19, 28, 11, 7, 8]]",0.072
4128,0.0,4,"[[0.2, 0.14, 0.16, 0.12, 0.21, 0.18, 0.23], [0.06, 0.09, 0.16, 0.16, 0.14, 0.12, 0.15], [0.23, 0.08, 0.17, 0.11, 0.04, 0.14, 0.15], [0.06, 0.12, 0.16, 0.23, 0.08, 0.11, 0.15]]",0.13,0.16,27,"[0.33, 0.18, 0.11, 0.38]","[[0, 1, 8, 9, 15, 17, 24, 25], [0, 2, 7, 10, 16, 18, 23, 26], [0, 3, 6, 11, 14, 19, 22, 27], [0, 4, 5, 12, 13, 20, 21, 28]]",0.072
4129,0.0,1,"[[0.15, 0.06, 0.09, 0.11, 0.16, 0.04, 0.14], [0.13, 0.19, 0.06, 0.21, 0.14, 0.09, 0.14], [0.16, 0.13, 0.11, 0.14, 0.1, 0.12, 0.12], [0.2, 0.09, 0.2, 0.06, 0.12, 0.09, 0.16]]",0.13,0.16,27,"[0.08, 0.04, 0.87, 0.01]","[[0, 1, 8, 9, 11, 0, 0, 22], [0, 2, 7, 10, 12, 0, 17, 21], [0, 3, 6, 0, 13, 15, 0, 20], [0, 4, 5, 0, 14, 16, 18, 19]]",0.072
4130,0.0,2,"[[2.44, 7.36, 6.46, 5.15, 7.43, 1.32, 0.71], [3.96, 8.36, 4.6, 6.91, 2.69, 5.0, 1.64], [8.24, 5.23, 2.67, 1.92, 6.03, 2.88, 7.54], [1.43, 5.93, 6.77, 1.1, 3.47, 5.78, 6.1]]",5.0,8.36,27,"[0.02, 0.06, 0.89, 0.03]","[[0, 1, 2, 3, 4, 5, 6, 7], [0, 13, 14, 12, 11, 10, 9, 8], [0, 15, 16, 20, 21, 24, 25, 28], [0, 17, 18, 19, 22, 23, 26, 27]]",2.994
4131,0.0,7,"[[5.97, 8.23, 1.24, 7.62, 4.62, 4.29, 5.98], [8.29, 4.65, 5.55, 1.01, 2.98, 8.74, 8.92], [1.93, 2.81, 4.79, 6.01, 7.29, 6.55, 4.48], [9.09, 1.98, 6.38, 4.5, 3.08, 5.26, 4.47]]",5.0,5.98,27,"[0.86, 0.01, 0.12, 0.01]","[[0, 1, 2, 3, 4, 5, 6, 7], [0, 14, 13, 12, 11, 10, 9, 8], [0, 15, 16, 20, 21, 24, 25, 27], [0, 17, 18, 19, 22, 23, 26, 28]]",2.994
4132,0.0,3,"[[5.12, 1.51, 5.2, 6.71, 2.69, 8.45, 7.56], [1.26, 6.81, 6.02, 6.85, 3.83, 2.04, 5.15], [0.77, 1.29, 6.67, 1.6, 1.63, 0.54, 0.89], [4.2, 5.58, 3.29, 3.97, 3.54, 6.37, 4.95]]",5.0,3.29,27,"[0.21, 0.27, 0.19, 0.33]","[[0, 1, 8, 9, 16, 17, 24, 25], [0, 2, 7, 10, 15, 18, 23, 26], [0, 3, 6, 11, 14, 19, 22, 27], [0, 4, 5, 12, 13, 20, 21, 28]]",2.994
4133,0.0,3,"[[2.09, 7.52, 9.74, 6.72, 2.88, 5.9, 5.87], [6.25, 4.49, 6.66, 2.68, 2.62, 7.58, 4.86], [0.33, 4.49, 3.44, 6.0, 4.73, 0.87, 2.63], [7.63, 1.46, 3.24, 5.72, 7.53, 7.25, 3.01]]",5.0,3.24,27,"[0.34, 0.23, 0.2, 0.23]","[[0, 1, 8, 9, 16, 17, 24, 25], [0, 2, 7, 10, 15, 18, 23, 26], [0, 3, 6, 11, 14, 19, 22, 27], [0, 4, 5, 12, 13, 20, 21, 28]]",2.994
4134,0.0,1,"[[1.32, 1.79, 4.74, 6.52, 9.55, 1.49, 3.36], [2.67, 2.3, 3.39, 7.85, 3.89, 7.4, 8.55], [4.18, 0.46, 4.32, 2.27, 3.18, 8.62, 2.94], [6.02, 2.09, 4.16, 3.95, 2.34, 3.36, 2.27]]",5.0,1.32,27,"[0.16, 0.11, 0.34, 0.39]","[[0, 1, 8, 9, 16, 17, 24, 25], [0, 2, 7, 10, 15, 18, 23, 26], [0, 3, 6, 11, 14, 19, 22, 27], [0, 4, 5, 13, 12, 20, 21, 28]]",2.994
4135,0.0,5,"[[7.32, 4.38, 4.99, 7.76, 5.0, 5.94, 2.36], [8.4, 3.61, 8.45, 4.23, 7.02, 4.36, 9.23], [1.69, 3.23, 3.54, 3.86, 3.72, 2.06, 0.61], [7.94, 7.02, 6.73, 4.28, 8.5, 0.13, 2.63]]",5.0,5.0,27,"[0.85, 0.03, 0.11, 0.01]","[[0, 1, 2, 5, 4, 3, 11, 12], [0, 6, 7, 8, 9, 10, 14, 13], [0, 27, 25, 23, 21, 19, 16, 15], [0, 28, 26, 24, 22, 20, 17, 18]]",2.994
4136,0.0,4,"[[3.74, 4.35, 1.03, 5.02, 2.48, 7.72, 3.91], [9.52, 3.82, 4.46, 2.55, 5.65, 6.25, 0.76], [2.96, 5.49, 2.32, 7.63, 0.35, 8.21, 6.51], [4.09, 2.1, 9.56, 8.08, 0.89, 1.16, 4.1]]",5.0,8.08,27,"[0.04, 0.08, 0.02, 0.86]","[[0, 1, 8, 9, 16, 17, 24, 25], [0, 2, 7, 10, 15, 18, 23, 26], [0, 3, 6, 11, 14, 19, 22, 27], [0, 4, 5, 12, 13, 20, 21, 28]]",2.994
4137,0.0,5,"[[7.04, 7.27, 1.99, 4.87, 6.53, 6.34, 1.47], [5.29, 2.16, 9.06, 4.67, 7.92, 5.41, 7.56], [6.95, 5.35, 1.7, 4.81, 6.84, 1.21, 8.92], [6.63, 5.53, 4.35, 1.42, 5.69, 5.92, 4.12]]",5.0,7.92,27,"[0.07, 0.87, 0.03, 0.03]","[[0, 1, 8, 9, 16, 17, 24, 25], [0, 2, 7, 10, 15, 18, 23, 26], [0, 3, 6, 11, 14, 20, 22, 27], [0, 4, 5, 12, 13, 19, 21, 28]]",2.994
4138,0.0,4,"[[2.67, 1.86, 1.79, 5.75, 3.59, 3.3, 1.49], [1.18, 8.77, 6.89, 4.16, 3.25, 3.0, 9.34], [1.75, 2.03, 4.01, 8.67, 5.48, 1.04, 6.3], [4.37, 0.5, 5.19, 4.46, 0.43, 0.13, 6.06]]",5.0,4.16,27,"[0.24, 0.23, 0.24, 0.29]","[[0, 1, 2, 3, 4, 5, 6, 7], [0, 14, 13, 12, 11, 10, 9, 8], [0, 15, 18, 20, 21, 24, 25, 28], [0, 16, 17, 19, 22, 23, 26, 27]]",2.994
4139,0.0,5,"[[7.74, 3.22, 6.43, 3.71, 7.81, 4.87, 5.0], [6.79, 7.24, 2.38, 4.86, 3.87, 6.17, 4.92], [3.15, 9.58, 2.44, 5.2, 8.45, 2.58, 2.29], [4.2, 1.81, 5.9, 9.47, 8.69, 2.45, 6.94]]",5.0,7.81,27,"[0.15, 0.38, 0.14, 0.33]","[[0, 1, 8, 9, 16, 17, 23, 25], [0, 2, 7, 10, 15, 18, 24, 26], [0, 3, 6, 11, 14, 19, 22, 27], [0, 4, 5, 12, 13, 20, 21, 28]]",2.994
4140,0.01,1,"[[8.51, 2.86, 5.22, 3.29, 7.8, 7.12, 2.91], [7.85, 5.63, 4.76, 5.73, 4.36, 4.99, 0.21], [1.1, 2.64, 4.86, 7.57, 7.15, 0.31, 2.34], [6.38, 5.91, 3.08, 6.0, 7.58, 3.85, 6.26]]",5.0,7.85,28,"[0.19, 0.32, 0.23, 0.26]","[[0, 0, 0, 0, 0, 0, 0, 0], [0, 0, 0, 0, 0, 0, 0, 0], [0, 0, 0, 0, 0, 0, 0, 0], [0, 0, 0, 0, 0, 0, 0, 0]]",2.994
4141,0.01,2,"[[3.4, 2.14, 9.33, 2.59, 4.55, 1.09, 2.85], [2.69, 7.17, 4.91, 8.03, 6.07, 6.49, 2.28], [2.24, 5.15, 4.83, 2.39, 2.78, 7.43, 5.61], [3.01, 5.69, 6.66, 3.22, 3.6, 8.48, 3.28]]",5.0,2.14,28,"[0.07, 0.01, 0.9, 0.02]","[[0, 0, 0, 0, 0, 0, 0, 0], [0, 0, 0, 0, 0, 0, 0, 0], [0, 1, 0, 2, 0, 0, 0, 0], [0, 0, 0, 0, 0, 0, 0, 0]]",2.994
4142,0.01,3,"[[5.71, 4.0, 7.87, 3.26, 8.95, 9.97, 6.35], [4.81, 5.73, 5.74, 5.66, 5.51, 4.81, 7.59], [6.14, 5.62, 3.6, 6.94, 3.42, 3.6, 6.26], [1.09, 4.7, 1.56, 4.05, 2.65, 4.29, 5.33]]",5.0,1.56,28,"[0.02, 0.08, 0.03, 0.87]","[[0, 0, 0, 0, 0, 0, 0, 0], [0, 0, 0, 0, 0, 0, 0, 0], [0, 0, 0, 2, 0, 0, 0, 0], [0, 0, 1, 0, 3, 4, 5, 6]]",2.994
4143,0.01,6,"[[1.63, 4.7, 3.32, 2.64, 8.47, 3.24, 4.54], [8.67, 5.47, 1.74, 1.77, 1.06, 7.43, 3.25], [4.05, 4.33, 1.96, 6.68, 6.28, 9.52, 7.64], [3.95, 5.24, 1.85, 2.91, 0.64, 2.21, 1.85]]",5.0,7.43,28,"[0.05, 0.89, 0.05, 0.01]","[[0, 0, 0, 0, 0, 0, 0, 0], [0, 0, 1, 2, 3, 4, 5, 0], [0, 0, 0, 0, 0, 0, 0, 0], [0, 0, 0, 0, 0, 0, 0, 0]]",2.994
4144,0.01,5,"[[5.77, 3.99, 6.61, 4.81, 8.16, 4.87, 2.84], [5.38, 5.12, 5.88, 4.67, 7.45, 7.64, 1.41], [2.86, 1.79, 4.9, 7.89, 6.3, 3.05, 5.2], [5.28, 6.58, 1.34, 2.2, 4.69, 6.92, 5.01]]",5.0,8.16,28,"[0.34, 0.23, 0.11, 0.32]","[[0, 0, 0, 2, 0, 3, 0, 0], [0, 0, 0, 0, 0, 0, 0, 0], [0, 0, 0, 0, 0, 0, 0, 0], [0, 0, 1, 0, 0, 0, 4, 0]]",2.994
4145,0.01,6,"[[7.91, 1.03, 5.87, 7.52, 6.88, 7.18, 6.1], [5.88, 5.55, 1.78, 3.0, 4.69, 4.52, 8.75], [5.71, 1.25, 6.22, 6.17, 8.38, 7.26, 4.32], [6.4, 8.88, 5.28, 4.23, 1.08, 0.7, 3.39]]",5.0,0.7,28,"[0.3, 0.18, 0.2, 0.32]","[[0, 0, 0, 0, 0, 3, 4, 0], [0, 0, 0, 0, 0, 0, 0, 0], [0, 0, 0, 0, 0, 0, 0, 0], [0, 1, 0, 2, 0, 0, 5, 0]]",2.994
4146,0.01,1,"[[2.44, 7.36, 6.46, 5.15, 7.43, 1.32, 0.71], [3.96, 8.36, 4.6, 6.91, 2.69, 5.0, 1.64], [8.24, 5.23, 2.67, 1.92, 6.03, 2.88, 7.54], [1.43, 5.93, 6.77, 1.1, 3.47, 5.78, 6.1]]",5.0,3.96,28,"[0.02, 0.06, 0.89, 0.03]","[[0, 0, 0, 0, 0, 0, 0, 0], [0, 0, 0, 0, 0, 0, 0, 0], [0, 1, 2, 3, 0, 0, 0, 0], [0, 0, 0, 0, 0, 0, 0, 0]]",2.994
4147,0.01,4,"[[6.2, 4.19, 3.44, 8.27, 6.51, 4.65, 4.01], [2.89, 4.13, 4.82, 8.89, 9.25, 0.96, 6.04], [8.8, 2.84, 4.5, 4.81, 3.19, 0.46, 7.31], [5.12, 1.87, 1.91, 7.0, 2.08, 5.06, 2.86]]",5.0,4.81,28,"[0.15, 0.21, 0.3, 0.34]","[[0, 0, 0, 0, 0, 0, 0, 0], [0, 0, 0, 0, 0, 0, 0, 0], [0, 0, 0, 0, 0, 0, 0, 0], [0, 1, 0, 3, 2, 4, 5, 0]]",2.994
4148,0.01,1,"[[7.78, 7.83, 6.34, 3.49, 9.25, 4.1, 8.16], [4.02, 5.78, 4.37, 3.5, 3.65, 5.34, 1.1], [4.29, 1.52, 3.77, 7.63, 3.05, 0.82, 4.95], [8.46, 6.15, 6.73, 3.18, 8.15, 6.29, 5.32]]",5.0,8.46,28,"[0.2, 0.29, 0.22, 0.29]","[[0, 0, 0, 0, 0, 0, 0, 0], [0, 0, 0, 0, 0, 0, 0, 0], [0, 0, 0, 0, 0, 0, 0, 0], [0, 2, 1, 0, 0, 0, 0, 0]]",2.994
4149,0.01,3,"[[7.04, 7.27, 1.99, 4.87, 6.53, 6.34, 1.47], [5.29, 2.16, 9.06, 4.67, 7.92, 5.41, 7.56], [6.95, 5.35, 1.7, 4.81, 6.84, 1.21, 8.92], [6.63, 5.53, 4.35, 1.42, 5.69, 5.92, 4.12]]",5.0,9.06,28,"[0.07, 0.87, 0.03, 0.03]","[[0, 0, 0, 0, 0, 0, 0, 0], [0, 1, 2, 3, 0, 0, 0, 0], [0, 0, 0, 0, 0, 0, 0, 0], [0, 0, 0, 0, 0, 0, 0, 0]]",2.994
4150,0.01,3,"[[0.16, 0.11, 0.08, 0.09, 0.11, 0.11, 0.06], [0.14, 0.14, 0.15, 0.18, 0.2, 0.23, 0.09], [0.09, 0.18, 0.2, 0.13, 0.05, 0.16, 0.07], [0.08, 0.02, 0.16, 0.15, 0.1, 0.09, 0.12]]",0.13,0.2,28,"[0.08, 0.02, 0.89, 0.01]","[[0, 0, 0, 0, 0, 0, 0, 0], [0, 0, 0, 0, 0, 0, 0, 0], [0, 1, 2, 3, 4, 5, 0, 0], [0, 0, 0, 0, 0, 0, 0, 0]]",0.072
4151,0.01,7,"[[0.01, 0.19, 0.1, 0.03, 0.13, 0.15, 0.13], [0.17, 0.18, 0.07, 0.17, 0.17, 0.12, 0.12], [0.11, 0.17, 0.18, 0.22, 0.08, 0.06, 0.07], [0.12, 0.02, 0.07, 0.16, 0.17, 0.14, 0.04]]",0.13,0.13,28,"[0.3, 0.29, 0.13, 0.28]","[[0, 1, 2, 3, 4, 5, 0, 0], [0, 0, 0, 0, 0, 0, 0, 0], [0, 0, 0, 0, 0, 0, 0, 0], [0, 0, 0, 0, 0, 0, 6, 0]]",0.072
4152,0.01,7,"[[0.19, 0.11, 0.24, 0.23, 0.21, 0.14, 0.16], [0.12, 0.1, 0.02, 0.19, 0.1, 0.08, 0.14], [0.05, 0.21, 0.07, 0.2, 0.09, 0.02, 0.23], [0.09, 0.04, 0.09, 0.14, 0.18, 0.2, 0.23]]",0.13,0.23,28,"[0.03, 0.01, 0.92, 0.04]","[[0, 0, 0, 0, 0, 0, 0, 0], [0, 0, 0, 0, 0, 0, 0, 0], [0, 1, 0, 2, 0, 3, 0, 4], [0, 0, 0, 0, 0, 0, 0, 0]]",0.072
4153,0.01,4,"[[0.08, 0.08, 0.03, 0.08, 0.06, 0.11, 0.11], [0.21, 0.12, 0.16, 0.16, 0.17, 0.12, 0.08], [0.24, 0.22, 0.1, 0.12, 0.06, 0.2, 0.05], [0.13, 0.19, 0.1, 0.18, 0.14, 0.09, 0.16]]",0.13,0.16,28,"[0.12, 0.34, 0.21, 0.33]","[[0, 0, 0, 0, 0, 0, 0, 0], [0, 0, 0, 0, 0, 0, 0, 0], [0, 0, 0, 0, 0, 0, 0, 0], [0, 1, 0, 0, 2, 0, 0, 3]]",0.072
4154,0.01,3,"[[0.17, 0.04, 0.18, 0.09, 0.04, 0.16, 0.22], [0.22, 0.14, 0.04, 0.11, 0.04, 0.23, 0.13], [0.09, 0.1, 0.01, 0.06, 0.15, 0.17, 0.05], [0.04, 0.06, 0.1, 0.03, 0.1, 0.03, 0.15]]",0.13,0.1,28,"[0.35, 0.15, 0.13, 0.37]","[[0, 0, 0, 2, 0, 0, 0, 0], [0, 0, 0, 0, 0, 0, 0, 0], [0, 0, 0, 0, 0, 0, 0, 0], [0, 1, 3, 0, 4, 0, 5, 0]]",0.072
4155,0.01,4,"[[0.05, 0.17, 0.08, 0.07, 0.16, 0.13, 0.05], [0.1, 0.16, 0.24, 0.2, 0.19, 0.19, 0.23], [0.18, 0.13, 0.06, 0.19, 0.17, 0.21, 0.13], [0.16, 0.18, 0.2, 0.12, 0.19, 0.08, 0.19]]",0.13,0.07,28,"[0.85, 0.1, 0.02, 0.03]","[[0, 1, 0, 2, 0, 3, 5, 4], [0, 0, 0, 0, 0, 0, 0, 0], [0, 0, 0, 0, 0, 0, 0, 0], [0, 0, 0, 0, 0, 0, 0, 0]]",0.072
4156,0.01,4,"[[0.19, 0.09, 0.13, 0.2, 0.03, 0.17, 0.2], [0.08, 0.14, 0.18, 0.15, 0.19, 0.11, 0.07], [0.15, 0.06, 0.07, 0.11, 0.19, 0.02, 0.14], [0.12, 0.04, 0.06, 0.04, 0.06, 0.19, 0.09]]",0.13,0.15,28,"[0.02, 0.85, 0.05, 0.08]","[[0, 0, 0, 0, 0, 0, 0, 0], [0, 1, 0, 0, 2, 0, 3, 0], [0, 0, 0, 0, 0, 0, 0, 0], [0, 0, 0, 0, 0, 0, 0, 0]]",0.072
4157,0.01,1,"[[0.1, 0.1, 0.17, 0.08, 0.04, 0.09, 0.12], [0.18, 0.07, 0.12, 0.15, 0.14, 0.22, 0.18], [0.17, 0.02, 0.06, 0.16, 0.1, 0.2, 0.19], [0.23, 0.18, 0.17, 0.22, 0.21, 0.09, 0.19]]",0.13,0.17,28,"[0.21, 0.32, 0.34, 0.13]","[[0, 0, 0, 0, 0, 0, 0, 0], [0, 0, 0, 0, 0, 0, 0, 0], [0, 1, 2, 4, 3, 0, 0, 0], [0, 0, 0, 0, 0, 0, 0, 0]]",0.072
4158,0.01,2,"[[0.06, 0.22, 0.11, 0.12, 0.13, 0.09, 0.18], [0.2, 0.17, 0.05, 0.09, 0.17, 0.16, 0.24], [0.14, 0.03, 0.23, 0.14, 0.04, 0.13, 0.18], [0.16, 0.1, 0.17, 0.16, 0.14, 0.04, 0.05]]",0.13,0.22,28,"[0.87, 0.02, 0.1, 0.01]","[[0, 0, 1, 0, 0, 0, 0, 0], [0, 0, 0, 0, 0, 0, 0, 0], [0, 0, 0, 0, 0, 0, 0, 0], [0, 0, 0, 0, 0, 0, 0, 0]]",0.072
4159,0.01,4,"[[0.19, 0.12, 0.08, 0.18, 0.08, 0.2, 0.22], [0.05, 0.04, 0.19, 0.18, 0.18, 0.05, 0.1], [0.21, 0.13, 0.15, 0.13, 0.16, 0.15, 0.08], [0.19, 0.06, 0.09, 0.07, 0.04, 0.2, 0.08]]",0.13,0.13,28,"[0.16, 0.28, 0.23, 0.33]","[[0, 0, 0, 0, 0, 0, 0, 0], [0, 0, 0, 0, 4, 0, 0, 0], [0, 0, 0, 0, 0, 0, 0, 0], [0, 0, 3, 2, 0, 1, 0, 0]]",0.072
4160,0.0,1,"[[0.14, 0.16, 0.16, 0.21, 0.14, 0.04, 0.08], [0.06, 0.2, 0.17, 0.04, 0.15, 0.07, 0.15], [0.13, 0.19, 0.14, 0.02, 0.08, 0.23, 0.1], [0.15, 0.03, 0.13, 0.07, 0.13, 0.07, 0.19]]",0.13,0.14,29,"[0.26, 0.28, 0.24, 0.22]","[[0, 10, 28, 9, 1, 27, 8, 7], [0, 11, 2, 16, 17, 3, 23, 24], [0, 15, 14, 18, 21, 22, 4, 25], [0, 12, 13, 19, 20, 5, 26, 6]]",0.072
4161,0.0,2,"[[0.06, 0.11, 0.17, 0.23, 0.15, 0.14, 0.21], [0.16, 0.17, 0.08, 0.04, 0.07, 0.21, 0.12], [0.2, 0.19, 0.13, 0.12, 0.17, 0.2, 0.16], [0.1, 0.1, 0.12, 0.16, 0.01, 0.17, 0.09]]",0.13,0.11,29,"[0.23, 0.25, 0.3, 0.22]","[[0, 1, 2, 3, 6, 4, 5, 7], [0, 17, 16, 12, 13, 11, 9, 8], [0, 18, 20, 15, 14, 10, 28, 26], [0, 21, 19, 22, 23, 24, 25, 27]]",0.072
4162,0.0,4,"[[0.02, 0.1, 0.05, 0.19, 0.09, 0.05, 0.06], [0.03, 0.12, 0.22, 0.08, 0.02, 0.07, 0.12], [0.18, 0.19, 0.1, 0.18, 0.18, 0.13, 0.15], [0.08, 0.17, 0.23, 0.11, 0.13, 0.16, 0.07]]",0.13,0.08,29,"[0.06, 0.06, 0.03, 0.85]","[[0, 1, 15, 18, 17, 9, 8, 19], [0, 11, 10, 2, 16, 3, 21, 20], [0, 12, 14, 25, 5, 4, 7, 22], [0, 13, 27, 6, 24, 28, 26, 23]]",0.072
4163,0.0,4,"[[0.2, 0.21, 0.23, 0.23, 0.18, 0.14, 0.22], [0.2, 0.22, 0.22, 0.25, 0.05, 0.12, 0.09], [0.02, 0.05, 0.07, 0.23, 0.14, 0.19, 0.02], [0.12, 0.1, 0.13, 0.23, 0.18, 0.06, 0.24]]",0.13,0.23,29,"[0.08, 0.03, 0.87, 0.02]","[[0, 18, 2, 17, 3, 15, 13, 11], [0, 1, 25, 5, 4, 16, 14, 12], [0, 19, 20, 7, 6, 28, 26, 10], [0, 21, 22, 23, 24, 8, 9, 27]]",0.072
4164,0.0,5,"[[0.11, 0.13, 0.2, 0.15, 0.12, 0.07, 0.12], [0.17, 0.14, 0.08, 0.03, 0.14, 0.12, 0.21], [0.15, 0.05, 0.06, 0.08, 0.07, 0.16, 0.13], [0.11, 0.11, 0.13, 0.18, 0.08, 0.12, 0.15]]",0.13,0.12,29,"[0.11, 0.38, 0.34, 0.17]","[[0, 1, 2, 3, 19, 20, 21, 22], [0, 18, 17, 16, 15, 14, 23, 13], [0, 8, 4, 5, 9, 10, 11, 12], [0, 7, 6, 28, 27, 26, 24, 25]]",0.072
4165,0.0,3,"[[0.15, 0.08, 0.16, 0.16, 0.12, 0.04, 0.13], [0.17, 0.17, 0.2, 0.1, 0.06, 0.16, 0.12], [0.04, 0.25, 0.2, 0.11, 0.04, 0.11, 0.24], [0.15, 0.14, 0.05, 0.11, 0.22, 0.22, 0.2]]",0.13,0.2,29,"[0.01, 0.89, 0.09, 0.01]","[[0, 1, 19, 8, 11, 18, 17, 16], [0, 20, 2, 9, 10, 12, 13, 15], [0, 23, 25, 22, 3, 4, 21, 14], [0, 26, 27, 28, 24, 5, 6, 7]]",0.072
4166,0.0,1,"[[0.11, 0.18, 0.17, 0.05, 0.02, 0.11, 0.14], [0.16, 0.12, 0.11, 0.08, 0.11, 0.16, 0.08], [0.12, 0.16, 0.05, 0.23, 0.13, 0.08, 0.03], [0.17, 0.24, 0.1, 0.22, 0.06, 0.14, 0.05]]",0.13,0.12,29,"[0.01, 0.08, 0.86, 0.05]","[[0, 10, 2, 3, 8, 18, 19, 25], [0, 11, 9, 4, 17, 26, 20, 24], [0, 14, 1, 15, 27, 7, 21, 23], [0, 12, 13, 28, 16, 5, 22, 6]]",0.072
4167,0.0,1,"[[0.14, 0.12, 0.08, 0.02, 0.14, 0.19, 0.09], [0.2, 0.01, 0.13, 0.03, 0.11, 0.06, 0.23], [0.19, 0.12, 0.16, 0.15, 0.16, 0.07, 0.21], [0.09, 0.14, 0.24, 0.12, 0.1, 0.2, 0.16]]",0.13,0.14,29,"[0.36, 0.17, 0.12, 0.35]","[[0, 19, 12, 2, 20, 7, 15, 8], [0, 18, 11, 1, 14, 6, 16, 21], [0, 28, 26, 13, 24, 23, 22, 9], [0, 3, 17, 4, 25, 5, 27, 10]]",0.072
4168,0.0,1,"[[0.12, 0.13, 0.12, 0.14, 0.05, 0.1, 0.25], [0.16, 0.2, 0.2, 0.14, 0.09, 0.17, 0.09], [0.11, 0.12, 0.11, 0.11, 0.08, 0.05, 0.17], [0.19, 0.2, 0.07, 0.21, 0.07, 0.13, 0.2]]",0.13,0.16,29,"[0.17, 0.35, 0.31, 0.17]","[[0, 15, 11, 27, 21, 28, 22, 23], [0, 16, 14, 20, 3, 4, 5, 7], [0, 17, 12, 26, 2, 10, 6, 8], [0, 18, 13, 19, 1, 25, 9, 24]]",0.072
4169,0.0,2,"[[0.12, 0.04, 0.15, 0.03, 0.12, 0.21, 0.16], [0.15, 0.15, 0.1, 0.11, 0.22, 0.11, 0.06], [0.06, 0.07, 0.19, 0.11, 0.05, 0.07, 0.16], [0.05, 0.12, 0.14, 0.09, 0.12, 0.13, 0.02]]",0.13,0.07,29,"[0.04, 0.05, 0.89, 0.02]","[[0, 17, 16, 2, 9, 21, 7, 26], [0, 15, 14, 10, 20, 8, 6, 25], [0, 11, 12, 19, 1, 4, 5, 24], [0, 18, 13, 3, 28, 22, 27, 23]]",0.072
4170,0.0,3,"[[6.18, 4.93, 6.72, 3.3, 6.34, 6.06, 5.41], [7.2, 2.38, 3.93, 9.67, 4.79, 7.96, 3.99], [0.82, 2.25, 1.43, 2.43, 5.42, 7.07, 9.93], [9.97, 3.97, 5.79, 8.9, 4.27, 7.39, 5.81]]",5.0,6.72,29,"[0.28, 0.28, 0.19, 0.25]","[[0, 26, 1, 25, 8, 18, 7, 21], [0, 12, 2, 9, 17, 19, 20, 6], [0, 13, 11, 15, 16, 3, 4, 5], [0, 27, 28, 14, 10, 23, 24, 22]]",2.994
4171,0.0,2,"[[3.25, 0.97, 8.64, 8.18, 2.13, 6.22, 0.77], [5.88, 7.57, 5.25, 3.43, 6.13, 3.52, 3.61], [5.54, 4.65, 8.68, 9.8, 7.31, 3.42, 4.37], [7.14, 2.83, 7.59, 3.91, 6.6, 1.41, 1.96]]",5.0,2.83,29,"[0.06, 0.03, 0.01, 0.9]","[[0, 9, 8, 14, 16, 13, 4, 24], [0, 18, 7, 17, 15, 12, 3, 23], [0, 27, 6, 1, 10, 11, 2, 22], [0, 19, 5, 28, 26, 25, 20, 21]]",2.994
4172,0.0,1,"[[5.12, 1.51, 5.2, 6.71, 2.69, 8.45, 7.56], [1.26, 6.81, 6.02, 6.85, 3.83, 2.04, 5.15], [0.77, 1.29, 6.67, 1.6, 1.63, 0.54, 0.89], [4.2, 5.58, 3.29, 3.97, 3.54, 6.37, 4.95]]",5.0,1.26,29,"[0.21, 0.27, 0.19, 0.33]","[[0, 23, 27, 13, 20, 19, 4, 5], [0, 24, 12, 14, 1, 18, 3, 22], [0, 25, 11, 16, 2, 17, 28, 6], [0, 26, 10, 15, 9, 8, 21, 7]]",2.994
4173,0.0,3,"[[7.78, 7.83, 6.34, 3.49, 9.25, 4.1, 8.16], [4.02, 5.78, 4.37, 3.5, 3.65, 5.34, 1.1], [4.29, 1.52, 3.77, 7.63, 3.05, 0.82, 4.95], [8.46, 6.15, 6.73, 3.18, 8.15, 6.29, 5.32]]",5.0,6.34,29,"[0.2, 0.29, 0.22, 0.29]","[[0, 21, 20, 8, 1, 28, 27, 12], [0, 4, 22, 3, 9, 16, 10, 13], [0, 19, 5, 7, 2, 15, 25, 26], [0, 18, 6, 23, 17, 14, 24, 11]]",2.994
4174,0.0,4,"[[1.32, 1.79, 4.74, 6.52, 9.55, 1.49, 3.36], [2.67, 2.3, 3.39, 7.85, 3.89, 7.4, 8.55], [4.18, 0.46, 4.32, 2.27, 3.18, 8.62, 2.94], [6.02, 2.09, 4.16, 3.95, 2.34, 3.36, 2.27]]",5.0,6.52,29,"[0.16, 0.11, 0.34, 0.39]","[[0, 21, 17, 3, 16, 15, 14, 27], [0, 20, 23, 4, 5, 13, 8, 7], [0, 19, 18, 2, 11, 25, 10, 6], [0, 22, 24, 1, 12, 9, 28, 26]]",2.994
4175,0.0,4,"[[3.54, 3.18, 6.26, 3.39, 3.52, 5.47, 1.42], [3.13, 1.91, 7.14, 3.81, 4.58, 6.9, 8.39], [7.48, 1.27, 5.41, 7.63, 6.12, 1.81, 6.34], [6.09, 3.7, 4.25, 4.91, 0.8, 7.46, 7.59]]",5.0,7.63,29,"[0.04, 0.07, 0.88, 0.01]","[[0, 19, 1, 11, 9, 10, 8, 27], [0, 2, 18, 12, 4, 24, 7, 26], [0, 3, 17, 22, 23, 6, 25, 5], [0, 20, 21, 13, 14, 15, 28, 16]]",2.994
4176,0.0,4,"[[6.19, 1.85, 1.16, 4.28, 2.66, 3.25, 7.93], [4.16, 3.03, 5.34, 3.93, 5.82, 4.05, 2.14], [6.53, 8.89, 6.73, 7.28, 2.75, 0.6, 4.09], [4.95, 6.55, 6.81, 6.9, 1.07, 2.2, 5.26]]",5.0,3.93,29,"[0.03, 0.86, 0.04, 0.07]","[[0, 28, 4, 12, 13, 11, 22, 18], [0, 3, 5, 25, 14, 10, 8, 19], [0, 2, 6, 26, 15, 17, 9, 23], [0, 1, 27, 7, 24, 16, 21, 20]]",2.994
4177,0.0,2,"[[5.16, 3.84, 2.97, 6.89, 7.92, 3.02, 6.81], [6.93, 3.64, 5.33, 8.47, 3.82, 8.88, 7.83], [4.51, 5.38, 9.21, 3.79, 4.77, 9.29, 4.59], [3.55, 8.48, 4.66, 2.28, 3.95, 2.95, 5.67]]",5.0,3.84,29,"[0.86, 0.08, 0.05, 0.01]","[[0, 20, 21, 2, 4, 6, 12, 13], [0, 19, 25, 24, 3, 5, 11, 14], [0, 18, 27, 1, 23, 10, 7, 28], [0, 17, 16, 22, 9, 26, 8, 15]]",2.994
4178,0.0,3,"[[2.44, 7.36, 6.46, 5.15, 7.43, 1.32, 0.71], [3.96, 8.36, 4.6, 6.91, 2.69, 5.0, 1.64], [8.24, 5.23, 2.67, 1.92, 6.03, 2.88, 7.54], [1.43, 5.93, 6.77, 1.1, 3.47, 5.78, 6.1]]",5.0,2.67,29,"[0.02, 0.06, 0.89, 0.03]","[[0, 21, 7, 3, 2, 27, 28, 14], [0, 6, 4, 10, 23, 26, 15, 13], [0, 5, 20, 8, 11, 1, 24, 12], [0, 22, 19, 9, 18, 25, 16, 17]]",2.994
4179,0.0,5,"[[7.91, 1.03, 5.87, 7.52, 6.88, 7.18, 6.1], [5.88, 5.55, 1.78, 3.0, 4.69, 4.52, 8.75], [5.71, 1.25, 6.22, 6.17, 8.38, 7.26, 4.32], [6.4, 8.88, 5.28, 4.23, 1.08, 0.7, 3.39]]",5.0,1.08,29,"[0.3, 0.18, 0.2, 0.32]","[[0, 19, 14, 1, 21, 11, 5, 23], [0, 13, 20, 28, 10, 26, 27, 6], [0, 18, 15, 2, 9, 4, 22, 7], [0, 16, 17, 3, 8, 25, 12, 24]]",2.994
4180,0.01,1,"[[1.32, 1.79, 4.74, 6.52, 9.55, 1.49, 3.36], [2.67, 2.3, 3.39, 7.85, 3.89, 7.4, 8.55], [4.18, 0.46, 4.32, 2.27, 3.18, 8.62, 2.94], [6.02, 2.09, 4.16, 3.95, 2.34, 3.36, 2.27]]",5.0,6.02,30,"[0.16, 0.11, 0.34, 0.39]","[[0, 0, 0, 0, 4, 0, 0, 0], [0, 0, 0, 0, 0, 0, 0, 0], [0, 0, 2, 0, 0, 0, 0, 0], [0, 1, 0, 3, 0, 0, 0, 0]]",2.994
4181,0.01,5,"[[8.47, 2.82, 7.33, 4.03, 7.07, 2.75, 1.54], [4.68, 3.16, 0.97, 1.44, 5.2, 6.65, 9.25], [8.41, 7.04, 1.31, 3.23, 7.09, 7.67, 1.55], [6.28, 2.99, 4.33, 1.28, 9.25, 6.99, 2.35]]",5.0,9.25,30,"[0.01, 0.01, 0.01, 0.97]","[[0, 0, 0, 0, 0, 0, 0, 0], [0, 0, 0, 0, 0, 0, 0, 0], [0, 0, 0, 0, 0, 0, 0, 0], [0, 1, 0, 2, 0, 3, 0, 0]]",2.994
4182,0.01,2,"[[7.29, 4.26, 4.93, 3.96, 3.34, 8.54, 6.49], [0.79, 3.44, 2.71, 8.71, 2.86, 7.09, 3.94], [9.61, 8.74, 7.3, 3.82, 1.83, 1.17, 5.37], [2.04, 1.98, 8.39, 1.63, 1.8, 1.97, 7.71]]",5.0,1.98,30,"[0.21, 0.28, 0.29, 0.22]","[[0, 0, 0, 0, 0, 0, 0, 0], [0, 0, 0, 0, 0, 3, 0, 0], [0, 0, 5, 0, 2, 0, 0, 1], [0, 0, 0, 4, 0, 0, 0, 0]]",2.994
4183,0.01,4,"[[3.54, 3.18, 6.26, 3.39, 3.52, 5.47, 1.42], [3.13, 1.91, 7.14, 3.81, 4.58, 6.9, 8.39], [7.48, 1.27, 5.41, 7.63, 6.12, 1.81, 6.34], [6.09, 3.7, 4.25, 4.91, 0.8, 7.46, 7.59]]",5.0,7.63,30,"[0.04, 0.07, 0.88, 0.01]","[[0, 0, 0, 0, 0, 0, 0, 0], [0, 0, 0, 8, 0, 0, 0, 0], [0, 4, 5, 3, 6, 2, 7, 1], [0, 0, 0, 0, 0, 0, 0, 0]]",2.994
4184,0.01,1,"[[1.63, 4.7, 3.32, 2.64, 8.47, 3.24, 4.54], [8.67, 5.47, 1.74, 1.77, 1.06, 7.43, 3.25], [4.05, 4.33, 1.96, 6.68, 6.28, 9.52, 7.64], [3.95, 5.24, 1.85, 2.91, 0.64, 2.21, 1.85]]",5.0,1.63,30,"[0.05, 0.89, 0.05, 0.01]","[[0, 0, 0, 0, 0, 0, 0, 0], [0, 1, 2, 3, 4, 7, 5, 6], [0, 0, 0, 8, 0, 0, 9, 0], [0, 0, 0, 0, 0, 0, 0, 0]]",2.994
4185,0.01,7,"[[6.2, 4.19, 3.44, 8.27, 6.51, 4.65, 4.01], [2.89, 4.13, 4.82, 8.89, 9.25, 0.96, 6.04], [8.8, 2.84, 4.5, 4.81, 3.19, 0.46, 7.31], [5.12, 1.87, 1.91, 7.0, 2.08, 5.06, 2.86]]",5.0,7.31,30,"[0.15, 0.21, 0.3, 0.34]","[[0, 0, 0, 0, 0, 0, 0, 0], [0, 0, 0, 0, 0, 0, 4, 0], [0, 0, 10, 0, 2, 0, 0, 11], [0, 1, 5, 7, 8, 3, 9, 6]]",2.994
4186,0.01,2,"[[2.44, 7.36, 6.46, 5.15, 7.43, 1.32, 0.71], [3.96, 8.36, 4.6, 6.91, 2.69, 5.0, 1.64], [8.24, 5.23, 2.67, 1.92, 6.03, 2.88, 7.54], [1.43, 5.93, 6.77, 1.1, 3.47, 5.78, 6.1]]",5.0,5.23,30,"[0.02, 0.06, 0.89, 0.03]","[[0, 0, 0, 0, 0, 0, 0, 0], [0, 0, 8, 0, 0, 0, 0, 0], [0, 1, 2, 3, 4, 5, 6, 7], [0, 0, 0, 0, 0, 0, 0, 0]]",2.994
4187,0.01,3,"[[7.91, 1.03, 5.87, 7.52, 6.88, 7.18, 6.1], [5.88, 5.55, 1.78, 3.0, 4.69, 4.52, 8.75], [5.71, 1.25, 6.22, 6.17, 8.38, 7.26, 4.32], [6.4, 8.88, 5.28, 4.23, 1.08, 0.7, 3.39]]",5.0,6.22,30,"[0.3, 0.18, 0.2, 0.32]","[[0, 0, 0, 0, 0, 0, 0, 0], [0, 0, 0, 0, 0, 0, 0, 0], [0, 0, 9, 7, 0, 12, 3, 6], [0, 1, 8, 10, 2, 11, 4, 5]]",2.994
4188,0.01,2,"[[5.92, 9.68, 5.15, 2.59, 5.89, 7.38, 2.85], [1.22, 5.64, 6.3, 3.82, 9.13, 6.51, 3.36], [6.72, 1.0, 8.86, 8.25, 8.82, 6.13, 4.12], [7.5, 7.75, 5.39, 3.9, 7.48, 3.23, 1.98]]",5.0,9.68,30,"[0.3, 0.17, 0.24, 0.29]","[[0, 0, 0, 0, 0, 0, 0, 0], [0, 0, 2, 0, 0, 0, 0, 0], [0, 0, 0, 0, 0, 0, 0, 0], [0, 1, 3, 0, 0, 0, 0, 0]]",2.994
4189,0.01,7,"[[0.94, 9.58, 9.58, 1.68, 3.99, 3.26, 9.98], [7.2, 6.69, 3.6, 6.35, 1.28, 0.52, 9.84], [4.59, 4.33, 3.41, 2.69, 0.89, 3.28, 2.91], [7.61, 5.48, 8.81, 6.78, 0.6, 7.91, 3.87]]",5.0,9.84,30,"[0.01, 0.89, 0.08, 0.02]","[[0, 0, 0, 0, 0, 0, 0, 0], [0, 1, 3, 2, 4, 5, 6, 7], [0, 0, 0, 0, 0, 0, 0, 0], [0, 0, 0, 0, 0, 0, 0, 0]]",2.994
4190,0.01,6,"[[0.17, 0.04, 0.18, 0.09, 0.04, 0.16, 0.22], [0.22, 0.14, 0.04, 0.11, 0.04, 0.23, 0.13], [0.09, 0.1, 0.01, 0.06, 0.15, 0.17, 0.05], [0.04, 0.06, 0.1, 0.03, 0.1, 0.03, 0.15]]",0.13,0.16,30,"[0.35, 0.15, 0.13, 0.37]","[[0, 0, 0, 0, 0, 0, 8, 0], [0, 0, 0, 0, 0, 0, 0, 0], [0, 0, 0, 0, 0, 0, 0, 0], [0, 1, 2, 3, 4, 6, 5, 7]]",0.072
4191,0.01,3,"[[0.02, 0.1, 0.05, 0.19, 0.09, 0.05, 0.06], [0.03, 0.12, 0.22, 0.08, 0.02, 0.07, 0.12], [0.18, 0.19, 0.1, 0.18, 0.18, 0.13, 0.15], [0.08, 0.17, 0.23, 0.11, 0.13, 0.16, 0.07]]",0.13,0.05,30,"[0.06, 0.06, 0.03, 0.85]","[[0, 0, 0, 0, 0, 0, 0, 0], [0, 0, 0, 0, 0, 0, 0, 0], [0, 0, 0, 0, 0, 0, 0, 0], [0, 1, 2, 3, 4, 5, 6, 7]]",0.072
4192,0.01,6,"[[0.12, 0.17, 0.14, 0.13, 0.11, 0.07, 0.23], [0.21, 0.03, 0.18, 0.17, 0.22, 0.07, 0.12], [0.06, 0.15, 0.14, 0.1, 0.11, 0.15, 0.22], [0.13, 0.03, 0.18, 0.17, 0.07, 0.25, 0.1]]",0.13,0.25,30,"[0.39, 0.18, 0.15, 0.28]","[[0, 0, 0, 0, 0, 0, 0, 0], [0, 0, 0, 0, 0, 0, 0, 0], [0, 0, 0, 0, 0, 0, 0, 0], [0, 0, 0, 0, 0, 0, 0, 0]]",0.072
4193,0.01,5,"[[0.16, 0.21, 0.19, 0.12, 0.21, 0.05, 0.2], [0.14, 0.1, 0.04, 0.07, 0.08, 0.16, 0.22], [0.03, 0.17, 0.22, 0.13, 0.04, 0.22, 0.12], [0.16, 0.14, 0.16, 0.16, 0.18, 0.13, 0.14]]",0.13,0.08,30,"[0.06, 0.89, 0.04, 0.01]","[[0, 0, 0, 0, 0, 0, 0, 0], [0, 0, 0, 0, 0, 0, 0, 0], [0, 0, 0, 0, 0, 0, 0, 0], [0, 0, 0, 0, 0, 0, 0, 0]]",0.072
4194,0.01,3,"[[0.12, 0.04, 0.15, 0.03, 0.12, 0.21, 0.16], [0.15, 0.15, 0.1, 0.11, 0.22, 0.11, 0.06], [0.06, 0.07, 0.19, 0.11, 0.05, 0.07, 0.16], [0.05, 0.12, 0.14, 0.09, 0.12, 0.13, 0.02]]",0.13,0.19,30,"[0.04, 0.05, 0.89, 0.02]","[[0, 0, 0, 0, 0, 0, 0, 0], [0, 0, 0, 0, 0, 0, 0, 0], [0, 0, 0, 0, 0, 0, 0, 0], [0, 0, 0, 0, 0, 0, 0, 0]]",0.072
4195,0.01,4,"[[0.22, 0.12, 0.18, 0.2, 0.04, 0.04, 0.16], [0.19, 0.18, 0.17, 0.17, 0.18, 0.2, 0.15], [0.03, 0.13, 0.18, 0.12, 0.17, 0.16, 0.08], [0.21, 0.09, 0.16, 0.11, 0.25, 0.1, 0.16]]",0.13,0.11,30,"[0.34, 0.12, 0.22, 0.32]","[[0, 0, 0, 0, 0, 0, 0, 0], [0, 0, 0, 0, 0, 0, 0, 0], [0, 0, 0, 0, 0, 0, 0, 0], [0, 0, 0, 0, 0, 0, 0, 0]]",0.072
4196,0.01,2,"[[0.2, 0.14, 0.16, 0.12, 0.21, 0.18, 0.23], [0.06, 0.09, 0.16, 0.16, 0.14, 0.12, 0.15], [0.23, 0.08, 0.17, 0.11, 0.04, 0.14, 0.15], [0.06, 0.12, 0.16, 0.23, 0.08, 0.11, 0.15]]",0.13,0.12,30,"[0.33, 0.18, 0.11, 0.38]","[[0, 0, 0, 0, 0, 0, 0, 0], [0, 0, 0, 0, 0, 0, 0, 0], [0, 0, 0, 0, 0, 0, 0, 0], [0, 0, 0, 0, 0, 0, 0, 0]]",0.072
4197,0.01,5,"[[0.06, 0.22, 0.11, 0.12, 0.13, 0.09, 0.18], [0.2, 0.17, 0.05, 0.09, 0.17, 0.16, 0.24], [0.14, 0.03, 0.23, 0.14, 0.04, 0.13, 0.18], [0.16, 0.1, 0.17, 0.16, 0.14, 0.04, 0.05]]",0.13,0.13,30,"[0.87, 0.02, 0.1, 0.01]","[[0, 0, 0, 0, 0, 0, 0, 0], [0, 0, 0, 0, 0, 0, 0, 0], [0, 0, 0, 0, 0, 0, 0, 0], [0, 0, 0, 0, 0, 0, 0, 0]]",0.072
4198,0.01,1,"[[0.12, 0.13, 0.12, 0.14, 0.05, 0.1, 0.25], [0.16, 0.2, 0.2, 0.14, 0.09, 0.17, 0.09], [0.11, 0.12, 0.11, 0.11, 0.08, 0.05, 0.17], [0.19, 0.2, 0.07, 0.21, 0.07, 0.13, 0.2]]",0.13,0.11,30,"[0.17, 0.35, 0.31, 0.17]","[[0, 0, 0, 0, 0, 0, 0, 0], [0, 0, 0, 0, 0, 0, 0, 0], [0, 0, 0, 0, 0, 0, 0, 0], [0, 0, 0, 0, 0, 0, 0, 0]]",0.072
4199,0.01,2,"[[0.18, 0.08, 0.04, 0.19, 0.05, 0.05, 0.16], [0.09, 0.22, 0.23, 0.17, 0.13, 0.24, 0.18], [0.21, 0.2, 0.1, 0.14, 0.11, 0.11, 0.19], [0.23, 0.14, 0.16, 0.18, 0.12, 0.18, 0.03]]",0.13,0.22,30,"[0.02, 0.92, 0.02, 0.04]","[[0, 0, 0, 0, 0, 0, 0, 0], [0, 0, 0, 0, 0, 0, 0, 0], [0, 0, 0, 0, 0, 0, 0, 0], [0, 0, 0, 0, 0, 0, 0, 0]]",0.072
